     0/299     7.36G   0.07292    0.2165   0.01723    0.3066      2060       640   0.06449    0.1958   0.01121  0.002638    0.1144    0.5115   0.01865
     1/299     9.92G   0.06792    0.1685   0.01289    0.2493      2093       640    0.1584    0.2567   0.07367   0.01208    0.1121    0.4585   0.01555
     2/299     9.92G   0.06342    0.1549  0.008763    0.2271       981       640    0.1749    0.3169    0.1427   0.02784    0.1091    0.4672   0.01308
     3/299     9.92G    0.0602    0.1475   0.00538    0.2131      1205       640    0.7669     0.304    0.2519   0.06218    0.1044     0.506   0.01156
     4/299     9.92G   0.05915    0.1397  0.003887    0.2027      1007       640    0.7973    0.3346     0.301   0.09516    0.1029    0.5297   0.01055
     5/299     9.92G   0.05439    0.1503  0.003423    0.2081      2421       640    0.8534     0.352    0.3518    0.1039    0.1002    0.5948    0.0102
     6/299     9.92G   0.05237    0.1435  0.003235    0.1991      1141       640    0.3077    0.3527    0.3128   0.09749   0.09714    0.6816   0.01018
     7/299     9.92G   0.05519     0.167  0.003376    0.2256      2406       640    0.8156     0.337    0.2891    0.0669   0.09772    0.6905   0.01016
     8/299     11.9G   0.05715    0.1426  0.003491    0.2032      1414       640    0.1412    0.2684   0.08708   0.01237    0.1026    0.6951   0.01077
     9/299     11.9G   0.05245    0.1541  0.003689    0.2102      2261       640    0.9624    0.3698    0.4293    0.1584   0.09137    0.7458   0.01182
    10/299     11.9G   0.04829    0.1503  0.004073    0.2026      1945       640    0.9742    0.3797    0.4314     0.212   0.09325     0.675   0.01102
    11/299     11.9G   0.05058    0.1417  0.003678     0.196      2126       640    0.7685     0.368    0.2288   0.08908    0.1041    0.6919   0.01142
    12/299     11.9G   0.05216    0.1281  0.003507    0.1837      2185       640    0.7616    0.3895    0.2921   0.05583    0.1019    0.6711   0.01169
    13/299     11.9G   0.05091    0.1253  0.003388    0.1796      2249       640    0.3525    0.5609    0.4357    0.1843   0.09927    0.6497   0.01148
    14/299     11.9G   0.05079    0.1356  0.003209    0.1896      1485       640    0.9637    0.3868    0.4289    0.2254     0.102    0.6106   0.01239
    15/299     11.9G   0.04759    0.1333    0.0031     0.184      1621       640    0.3022    0.3902    0.2593   0.06557    0.1025    0.6499   0.01267
    16/299     11.9G   0.05105    0.1299  0.003213    0.1842      3089       640    0.9022     0.333    0.3819    0.1332    0.1008    0.6317   0.01282
    17/299     11.9G   0.04823    0.1295  0.003151    0.1808      3207       640     0.958    0.3402    0.4068     0.197    0.1011    0.6145   0.01284
    18/299     11.9G   0.04596    0.1263  0.003015    0.1753      1783       640    0.4383    0.5104    0.4511    0.2113    0.1003     0.613    0.0125
    19/299     11.9G   0.04025    0.1214  0.003015    0.1647      1204       640    0.6272    0.5273    0.5199    0.3039   0.09953    0.6099    0.0127
    20/299     11.9G   0.04635    0.1359  0.002985    0.1853      1389       640    0.5714    0.5551    0.5146    0.2827   0.09919     0.616   0.01264
    21/299     11.9G   0.04342    0.1279  0.003005    0.1744       771       640    0.5144    0.5056    0.4403    0.1237    0.1014    0.6618   0.01267
    22/299     11.9G   0.04215    0.1304  0.002891    0.1754      1601       640    0.5027    0.5193    0.4222    0.1547   0.09876    0.6723   0.01313
    23/299     11.9G    0.0408    0.1272  0.002991     0.171      2506       640    0.5497    0.5853    0.5295    0.2799   0.09249    0.7077   0.01273
    24/299     11.9G   0.04544    0.1362  0.002774    0.1844      2006       640    0.5106    0.4703    0.4215    0.1169   0.09369     0.778   0.01316
    25/299     11.9G   0.04411    0.1235  0.003043    0.1706      1154       640    0.5244    0.5259    0.4997    0.2511   0.08736    0.7937   0.01301
    26/299     11.9G   0.04176    0.1295  0.002815    0.1741      1850       640    0.6438    0.6353    0.6015    0.3674   0.09104    0.6933   0.01317
    27/299     11.9G   0.04013    0.1218  0.002693    0.1647      2308       640    0.5893    0.6142    0.5911     0.327   0.08793    0.8369   0.01242
    28/299     11.9G    0.0363     0.123  0.002565    0.1618      2043       640    0.6459    0.6132    0.6251     0.392   0.08972    0.7499     0.013
    29/299     11.9G   0.04054     0.125  0.002679    0.1682      2161       640    0.5533    0.6612    0.5429    0.2929   0.08867     0.784   0.01325
    30/299     11.9G   0.04257    0.1294   0.00247    0.1744      2174       640    0.6594    0.5746    0.5869    0.3169   0.09106    0.7657   0.01331
    31/299     11.9G   0.03841      0.13  0.002276    0.1707      2695       640    0.4749    0.5815    0.4646    0.3262   0.08886    0.7932   0.01333
    32/299     11.9G   0.03807    0.1222  0.002266    0.1626      1880       640    0.8038    0.6197    0.6633     0.239   0.09127    0.7789    0.0134
    33/299     11.9G   0.03498    0.1201  0.002315    0.1574      2540       640    0.8705    0.6502    0.6985    0.3938   0.09052    0.6871   0.01383
    34/299     11.9G    0.0387    0.1332  0.002155    0.1741       923       640    0.6277    0.6177    0.5842    0.3306    0.1059    0.6722   0.01599
    35/299     11.9G   0.03698     0.131  0.002056    0.1701       896       640    0.8064    0.7133    0.7528    0.3822   0.09293    0.8169   0.01268
    36/299     11.9G   0.03556    0.1325  0.001963    0.1701      2946       640    0.8453    0.7417    0.7835    0.4674   0.09134    0.7769   0.01248
    37/299     11.9G   0.03563    0.1207  0.001924    0.1582      2071       640    0.9278    0.7537    0.8195     0.475   0.08812    0.8047   0.01241
    38/299     11.9G   0.03902    0.1201  0.001851    0.1609      1950       640    0.9148    0.7611    0.8169    0.5551   0.08726    0.8325   0.01256
    39/299     11.9G   0.03592    0.1226   0.00166    0.1602      1452       640    0.9044    0.7708    0.8267    0.4884   0.08921    0.8309   0.01253
    40/299     11.9G   0.03693    0.1134   0.00153    0.1519      1533       640    0.8968    0.8238    0.8722    0.5311   0.09098    0.8852   0.01293
    41/299     11.9G   0.03651     0.123  0.001659    0.1611      2236       640    0.9299     0.792    0.8523    0.3949   0.09591    0.7851   0.01279
    42/299     11.9G    0.0369    0.1214  0.001744      0.16      1893       640    0.9403    0.7802    0.8468    0.5824   0.09247    0.7953    0.0125
    43/299     11.9G   0.03286    0.1126  0.001678    0.1471      2418       640    0.9523    0.7832    0.8512    0.5393    0.0912    0.8608   0.01231
    44/299     11.9G   0.03492    0.1147  0.001614    0.1512      2292       640    0.9495    0.8084    0.8617    0.5826   0.09396    0.8062   0.01263
    45/299     11.9G   0.03121    0.1131  0.001512    0.1458      1943       640    0.9185    0.8406    0.8812    0.5007    0.0924    0.8188   0.01217
    46/299     11.9G   0.03135     0.119  0.001486    0.1519      1883       640    0.9594    0.8208    0.8847    0.6347   0.09254    0.7756   0.01212
    47/299     11.9G   0.03055    0.1153  0.001411    0.1473      2123       640    0.9194    0.8607    0.8843    0.6139   0.09107    0.8272   0.01193
    48/299     11.9G    0.0326    0.1227  0.001459    0.1567      1406       640    0.9523    0.8437    0.8937    0.6053   0.09096    0.8157   0.01203
    49/299     11.9G   0.03287    0.1153  0.001386    0.1495      2012       640    0.9383    0.8406    0.8809    0.5962   0.08926    0.9071   0.01203
    50/299     11.9G   0.03157    0.1146  0.001326    0.1475      1981       640    0.9461    0.8548    0.8882    0.6371   0.08819    0.8247   0.01202
    51/299     11.9G   0.03201    0.1201  0.001398    0.1535      1542       640    0.9569    0.8435    0.8991    0.6347   0.08601    0.7879   0.01193
    52/299     11.9G   0.03109    0.1261  0.001417    0.1586      1528       640    0.9652     0.842    0.8963    0.5796   0.08756    0.7793   0.01168
    53/299     11.9G   0.02898    0.1196  0.001339      0.15      2767       640    0.9625    0.8715    0.9119     0.638   0.08574    0.8478   0.01182
    54/299     11.9G   0.03308    0.1299  0.001221    0.1642      1283       640      0.96    0.8537    0.8896    0.6078   0.08725    0.8501   0.01207
    55/299     11.9G   0.03314    0.1262  0.001238    0.1606      2171       640    0.9429    0.8544    0.9045    0.6242   0.08488    0.8457   0.01195
    56/299     11.9G   0.03053    0.1283  0.001211    0.1601      2460       640    0.9726    0.8559    0.8964    0.6021   0.08502    0.7986   0.01149
    57/299     11.9G   0.02966    0.1247  0.001235    0.1556      2656       640    0.9716    0.8147    0.8822     0.635   0.08526    0.8492    0.0115
    58/299     11.9G   0.02963     0.124  0.001258    0.1549      1663       640    0.9731    0.8412    0.8882    0.6463   0.08629    0.8005    0.0114
    59/299     11.9G   0.03095    0.1233   0.00124    0.1555      2176       640    0.9602    0.8544    0.8969    0.6609    0.0845    0.8157   0.01141
    60/299     11.9G   0.02797     0.124   0.00124    0.1532       900       640    0.9727    0.8639    0.9096    0.6462   0.08349    0.8205   0.01127
    61/299     11.9G   0.02862    0.1248  0.001155    0.1546      1885       640    0.9726    0.8745    0.9174    0.6871   0.08618    0.8348   0.01185
    62/299     11.9G   0.02925    0.1233  0.001214    0.1537      1889       640    0.9816    0.8614    0.9127    0.6847   0.08558    0.8116   0.01196
    63/299     11.9G   0.02929     0.129  0.001258    0.1595      2656       640    0.9618    0.8779    0.9108    0.7009   0.08456    0.7924   0.01178
    64/299     11.9G   0.02797    0.1264   0.00122    0.1556      1312       640    0.9783    0.8812    0.9205    0.6894   0.08463    0.7898   0.01154
    65/299     11.9G   0.03168    0.1371  0.001215      0.17      2433       640    0.9766    0.8627     0.894    0.6852   0.08495    0.8683   0.01189
    66/299     11.9G   0.02897     0.135  0.001217    0.1652      1795       640     0.983    0.8632    0.9125    0.7067   0.08302    0.8224   0.01156
    67/299     11.9G   0.02697    0.1265  0.001195    0.1547      1098       640    0.9678    0.8709    0.9052     0.581     0.085    0.7927    0.0114
    68/299     11.9G   0.02882    0.1373  0.001138    0.1673      1424       640    0.9651    0.8848    0.9192    0.7108   0.08435    0.8521   0.01215
    69/299     11.9G   0.02768    0.1312  0.001164    0.1601      1849       640    0.9751    0.8597    0.9041    0.5799   0.08721    0.8734   0.01205
    70/299     11.9G   0.02837    0.1377  0.001179    0.1673      1915       640     0.976    0.8533    0.8939    0.6468   0.08554     0.898   0.01177
    71/299     11.9G   0.02752    0.1394  0.001086     0.168      1463       640    0.9785    0.8822    0.9221    0.6788   0.08332    0.8719   0.01137
    72/299     11.9G   0.02893    0.1427  0.001114    0.1727      1859       640    0.9698    0.8685    0.9016    0.6165   0.08436    0.8271   0.01155
    73/299     11.9G   0.02812    0.1333  0.001203    0.1626      1031       640    0.9588    0.8839    0.9217    0.6336   0.08282    0.8358   0.01168
    74/299     11.9G    0.0268     0.137  0.001173     0.165      2399       640    0.9705     0.856    0.8996    0.5654   0.08482    0.8185   0.01198
    75/299     11.9G   0.02913    0.1326  0.001081    0.1628      2042       640    0.9677    0.8688    0.9087     0.663   0.08449    0.8599   0.01268
    76/299     11.9G   0.02608    0.1304   0.00113    0.1576      2473       640    0.9657    0.8898     0.919    0.6811   0.08459    0.8309   0.01289
    77/299     11.9G   0.02793    0.1354  0.001125    0.1645      1637       640    0.9743    0.8683    0.9072    0.6248   0.08603    0.8263   0.01291
    78/299     11.9G   0.02635    0.1313  0.001142    0.1588      2955       640    0.9761    0.8581    0.9032    0.6822   0.08325    0.8576   0.01263
    79/299     11.9G   0.02682    0.1281  0.001075     0.156       748       640    0.9846    0.8703    0.9169    0.6857   0.08146    0.9429   0.01197
    80/299     11.9G   0.02774    0.1331  0.001089    0.1619      1303       640    0.9719    0.8809      0.92    0.7111   0.08263    0.8977   0.01285
    81/299     11.9G   0.02678     0.141  0.001115    0.1689      2326       640    0.9866    0.8669    0.9177    0.6852   0.08103     0.941   0.01244
    82/299     11.9G   0.02616    0.1303  0.001124    0.1576      2286       640    0.9889      0.88    0.9275    0.6873   0.08149    0.9419    0.0121
    83/299     11.9G   0.02726    0.1403  0.001078    0.1686      2118       640    0.9868    0.8841    0.9293    0.7132   0.07782     1.002   0.01145
    84/299     11.9G   0.02443    0.1378  0.000996    0.1632      2155       640    0.9856    0.8649     0.898    0.5752   0.08195    0.9741    0.0122
    85/299     11.9G   0.02694    0.1419  0.001044    0.1699       815       640    0.9755    0.8758    0.9104    0.6972   0.07731     1.061   0.01261
    86/299     11.9G   0.02536    0.1315  0.001074     0.158      3154       640    0.9693    0.8847     0.916     0.684   0.07783     1.014   0.01266
    87/299     11.9G   0.02528     0.144 0.0009335    0.1702      2412       640     0.968    0.9049    0.9346    0.6881    0.0769     1.048   0.01257
    88/299     11.9G   0.02619    0.1393  0.001034    0.1665      3311       640     0.965    0.8886    0.9147     0.683   0.07786     1.043    0.0126
    89/299     11.9G   0.02563    0.1392 0.0009363    0.1658      1277       640    0.9793     0.884    0.9153     0.717   0.07513     1.076    0.0126
    90/299     11.9G   0.02549      0.13 0.0008884    0.1564      1575       640    0.9709    0.8859    0.9074    0.6832   0.07523     1.078   0.01266
    91/299     11.9G   0.02427    0.1225  0.000979    0.1478      1477       640    0.9673    0.8885    0.9182    0.7209   0.07162     1.067   0.01169
    92/299     11.9G   0.02509    0.1275 0.0009927    0.1536      1267       640    0.9627     0.867     0.906    0.6853   0.06971     1.141    0.0119
    93/299     11.9G   0.02452    0.1379 0.0009799    0.1634      2807       640    0.9671    0.8886    0.9249    0.7238   0.06859     1.185   0.01135
    94/299     11.9G   0.02481    0.1387  0.000912    0.1644      1302       640    0.9786    0.8823    0.9279    0.7455   0.06912     1.172   0.01167
    95/299     11.9G   0.02424     0.136 0.0009597    0.1612      1444       640     0.979    0.8698    0.9102    0.6973   0.07048     1.198   0.01154
    96/299     11.9G   0.02288    0.1359 0.0008762    0.1597      2009       640    0.9829     0.875    0.9189    0.7132   0.06944     1.191   0.01099
    97/299     11.9G   0.02287    0.1271  0.000837    0.1508      1977       640    0.9716    0.8747    0.9037    0.7003   0.07184     1.174   0.01052
    98/299     11.9G   0.02412    0.1247 0.0009133    0.1497      2093       640    0.9745    0.8887     0.913    0.7372   0.07194     1.176   0.01081
    99/299     11.9G   0.02293    0.1293 0.0008987    0.1531      2976       640    0.9705    0.8937     0.925    0.6754   0.06932     1.241   0.01005
   100/299     11.9G   0.02364    0.1391 0.0008181    0.1636       840       640    0.9606    0.8898    0.9244    0.7375   0.06666     1.252     0.011
   101/299     11.9G    0.0219    0.1316 0.0008456    0.1544      1112       640    0.9781    0.8835    0.9226    0.7351   0.06577     1.232   0.01108
   102/299     11.9G   0.02352    0.1186 0.0008809     0.143      1977       640     0.976    0.8882      0.93     0.716   0.06481     1.235    0.0109
   103/299     11.9G   0.02354    0.1463 0.0008351    0.1707      3162       640    0.9792    0.8737    0.9252    0.7214   0.06228     1.213   0.01012
   104/299     11.9G   0.02216    0.1412 0.0008607    0.1643      1262       640    0.9788    0.8889    0.9349    0.7425    0.0597     1.215   0.01027
   105/299     11.9G    0.0208    0.1273  0.000878     0.149      2671       640    0.9832    0.8836    0.9288    0.7492   0.06356     1.232   0.01029
   106/299     11.9G   0.02366    0.1345 0.0008651     0.159      2210       640    0.9733     0.894    0.9366    0.7061   0.06215     1.302   0.01117
   107/299     11.9G   0.02481    0.1318 0.0009168    0.1575      1686       640    0.9694    0.9033    0.9349    0.6942    0.0628     1.281   0.01242
   108/299     11.9G   0.02318    0.1316 0.0008533    0.1557      2768       640    0.9853    0.8583    0.9088    0.7373   0.06578      1.41   0.01209
   109/299     11.9G   0.02056    0.1312 0.0008519    0.1526      1883       640      0.99    0.8573    0.9042    0.7245   0.06383     1.438  0.009991
   110/299     11.9G   0.02168    0.1281 0.0008816    0.1506       883       640    0.9981    0.8852    0.9197    0.7377   0.06315     1.385  0.009511
   111/299     11.9G   0.02398    0.1355 0.0007939    0.1603      2471       640    0.9814    0.8896    0.9207    0.7226   0.06245     1.338    0.0102
   112/299     11.9G    0.0245    0.1422 0.0008323    0.1675      2815       640    0.9889    0.8947    0.9325    0.7503   0.06059     1.267   0.01142
   113/299     11.9G   0.02033    0.1331 0.0007394    0.1542      3219       640    0.9869    0.8917    0.9314    0.7282    0.0585     1.227   0.01055
   114/299     11.9G   0.02263    0.1333  0.000713    0.1566       796       640     0.988    0.8819    0.9249    0.7227   0.06304     1.273   0.01133
   115/299     11.9G    0.0228    0.1262 0.0007624    0.1498      1756       640    0.9858    0.8948    0.9298    0.7307   0.06111     1.239   0.01163
   116/299     11.9G   0.02338    0.1411  0.000704    0.1652       967       640    0.9827    0.8959    0.9265    0.7727   0.06292     1.234   0.01102
   117/299     11.9G    0.0227    0.1367 0.0007329    0.1601      1258       640    0.9876    0.8881    0.9274    0.7563   0.06101     1.197   0.01034
   118/299     11.9G   0.02113    0.1281 0.0007577      0.15      2069       640    0.9904    0.8999    0.9311     0.766    0.0595     1.202   0.01038
   119/299     11.9G   0.02243    0.1402 0.0007265    0.1633      1337       640    0.9812    0.9002     0.931    0.7553   0.06096     1.221   0.01072
   120/299     11.9G   0.02292    0.1437 0.0006927    0.1674      1631       640    0.9924    0.8871    0.9277    0.7494   0.06118     1.254   0.01281
   121/299     11.9G   0.02069    0.1282 0.0006895    0.1496      1825       640    0.9878     0.886    0.9278    0.7511   0.05927     1.246   0.01262
   122/299     11.9G   0.02092    0.1266 0.0006851    0.1482      1983       640    0.9858     0.883    0.9199    0.7617   0.06086     1.289   0.01309
   123/299     11.9G   0.02153     0.127  0.000684    0.1492      3137       640    0.9847    0.8917    0.9293    0.7461   0.06223     1.304   0.01294
   124/299     11.9G   0.02295    0.1317 0.0007448    0.1554      2108       640     0.966    0.9027    0.9216    0.7477   0.06338     1.387   0.01306
   125/299     11.9G   0.02129      0.13 0.0007132     0.152      2235       640    0.9671    0.9089    0.9339    0.7549   0.06101      1.26    0.0121
   126/299     11.9G   0.02112    0.1258 0.0006889    0.1477      1570       640    0.9634    0.8949    0.9221    0.7354   0.06077     1.231    0.0119
   127/299     11.9G   0.02287    0.1388 0.0007235    0.1624      2078       640    0.9867    0.8839    0.9244    0.7451   0.06107     1.247   0.01313
   128/299     11.9G   0.02167    0.1365 0.0006971    0.1588      1335       640    0.9887    0.8979    0.9251    0.7667   0.06071     1.157   0.01549
   129/299     11.9G   0.02153    0.1405 0.0007162    0.1627       749       640    0.9805    0.9026    0.9277    0.7634   0.06124     1.208   0.01537
   130/299     11.9G    0.0209    0.1283 0.0006471    0.1499      1263       640    0.9877    0.8886    0.9252    0.7329   0.06023     1.226   0.01343
   131/299     11.9G   0.02138    0.1371 0.0007183    0.1592      1641       640    0.9847    0.8961    0.9282    0.7644   0.05939     1.269   0.01295
   132/299     11.9G   0.01941    0.1311 0.0006328    0.1512      2772       640    0.9897    0.8851    0.9223    0.7669   0.05949     1.263   0.01214
   133/299     11.9G   0.01946    0.1265 0.0006557    0.1466       674       640    0.9832    0.8778     0.911    0.7225   0.06174     1.333   0.01179
   134/299     11.9G   0.02213     0.128 0.0006972    0.1508      1817       640    0.9821    0.8972    0.9351    0.7274   0.06085     1.296   0.01315
   135/299     11.9G   0.02045    0.1281 0.0006658    0.1492      2640       640     0.979    0.8972    0.9308    0.7745   0.05996     1.225   0.01444
   136/299     11.9G   0.01911    0.1175 0.0006504    0.1373      2930       640     0.988     0.882    0.9224    0.7703   0.06078     1.226   0.01576
   137/299     11.9G   0.02108    0.1292 0.0006805    0.1509      2494       640    0.9896    0.8885    0.9274    0.7574   0.06083     1.275   0.01561
   138/299     11.9G   0.02135    0.1265 0.0006223    0.1484      1645       640    0.9832    0.8991    0.9244     0.749   0.05967     1.243   0.01445
   139/299     11.9G   0.02121    0.1396  0.000632    0.1614      2813       640    0.9919    0.9008    0.9359    0.7262   0.06189     1.234   0.01569
   140/299     11.9G   0.01942    0.1325 0.0006234    0.1526      2634       640    0.9811    0.8968    0.9233    0.7565   0.06091     1.242   0.01387
   141/299     11.9G   0.01875    0.1265 0.0006282    0.1459      1301       640    0.9828    0.9068    0.9289    0.7657   0.05974     1.235   0.01353
   142/299     11.9G   0.01866    0.1191 0.0005846    0.1383      1345       640     0.986    0.8984    0.9216    0.7787    0.0605     1.287   0.01474
   143/299     11.9G   0.01951    0.1221 0.0006631    0.1422      2334       640    0.9831     0.902    0.9267    0.7696   0.05992     1.304   0.01425
   144/299     11.9G   0.01944    0.1312 0.0006693    0.1514      1747       640    0.9794    0.8932    0.9265    0.7724   0.05995     1.269   0.01463
   145/299     11.9G   0.01853     0.125 0.0005886    0.1441      1204       640    0.9732    0.9023    0.9235     0.777   0.06032     1.272   0.01567
   146/299     11.9G   0.01901    0.1197 0.0005869    0.1393      1386       640    0.9821    0.8953    0.9236    0.7681   0.05974     1.333   0.01458
   147/299     11.9G   0.02006    0.1208 0.0006238    0.1415      1805       640    0.9796    0.8888    0.9207    0.7516   0.05983     1.357   0.01389
   148/299     11.9G   0.02022    0.1307  0.000623    0.1515      2755       640    0.9799    0.9041    0.9321    0.7365   0.06042     1.338   0.01423
   149/299     11.9G   0.02074    0.1296 0.0005904     0.151      2206       640    0.9857    0.8871    0.9237    0.7638   0.06059     1.334   0.01484
   150/299     11.9G   0.01953    0.1242 0.0006353    0.1444      2163       640    0.9801    0.8995    0.9249    0.7768   0.06019     1.259   0.01571
   151/299     11.9G   0.01809    0.1227  0.000592    0.1414      1241       640    0.9818    0.9005    0.9232    0.7525   0.05982     1.268   0.01573
   152/299     11.9G   0.01887    0.1239 0.0005812    0.1434      2531       640    0.9757    0.8988    0.9178    0.7459    0.0599     1.344   0.01509
   153/299     11.9G   0.01936    0.1283 0.0005647    0.1482      1965       640    0.9849    0.9001    0.9282    0.7391   0.05954     1.408   0.01369
   154/299     11.9G   0.02034    0.1276 0.0005925    0.1485      2157       640    0.9905    0.8928    0.9222    0.7563   0.05984     1.376   0.01482
   155/299     11.9G   0.01821    0.1249 0.0005898    0.1437      1837       640    0.9829    0.9005    0.9254     0.773   0.06023     1.346   0.01638
   156/299     11.9G   0.01858    0.1276 0.0005622    0.1468      2545       640    0.9912    0.8982    0.9239    0.7633   0.06045       1.3   0.01683
   157/299     11.9G   0.01913    0.1293 0.0006001     0.149      2446       640    0.9975    0.8892    0.9224    0.7787    0.0608     1.304   0.01801
   158/299     11.9G   0.01826    0.1249 0.0005674    0.1437       570       640    0.9869    0.8968    0.9214    0.7711   0.06056     1.288   0.01724
   159/299     11.9G   0.01911    0.1233 0.0005834     0.143      1860       640    0.9851    0.9071    0.9307    0.7542   0.06109     1.288   0.01675
   160/299     11.9G   0.01862    0.1179 0.0005854    0.1372      1690       640    0.9862    0.8962    0.9215    0.7781   0.06017     1.313   0.01563
   161/299     11.9G   0.01766     0.125 0.0006192    0.1433      2483       640    0.9924    0.8879    0.9193    0.7647    0.0595     1.344   0.01372
   162/299     11.9G   0.01959    0.1317 0.0006397     0.152      2414       640    0.9944    0.8859    0.9252    0.7873   0.05913     1.353   0.01381
   163/299     11.9G   0.01856     0.119 0.0005656    0.1382      2710       640    0.9945    0.8889    0.9258    0.7814   0.05978     1.332   0.01556
   164/299     11.9G   0.01884    0.1339 0.0005652    0.1533      1287       640    0.9862    0.8978    0.9239    0.7799   0.06062     1.366   0.01565
   165/299     11.9G   0.01829    0.1286 0.0005315    0.1475      1978       640     0.979    0.8996    0.9226    0.7746   0.05991     1.284   0.01507
   166/299     11.9G   0.01864    0.1245 0.0005948    0.1437      1420       640    0.9789    0.9033    0.9281    0.7805   0.05985     1.317   0.01528
   167/299     11.9G   0.01746     0.122 0.0005145      0.14      1885       640    0.9803     0.905    0.9282    0.7886   0.05947     1.332   0.01494
   168/299     11.9G   0.01875    0.1274 0.0005876    0.1467       859       640    0.9868    0.8951    0.9214    0.7821   0.05959     1.375   0.01462
   169/299     11.9G   0.01833    0.1174 0.0005503    0.1363      1063       640    0.9889     0.892    0.9211    0.7808    0.0596     1.336   0.01523
   170/299     11.9G   0.01746    0.1226 0.0005201    0.1406       844       640     0.986    0.9002    0.9259     0.796   0.05976     1.309   0.01579
   171/299     11.9G   0.01839    0.1234 0.0005374    0.1423      1726       640    0.9902     0.908    0.9325    0.7792   0.06074     1.324   0.01619
   172/299     11.9G   0.01837     0.124 0.0005711     0.143      2120       640    0.9894       0.9    0.9236    0.7914   0.06045     1.381    0.0157
   173/299     11.9G   0.01927    0.1243 0.0005657    0.1442      2300       640    0.9935    0.9031    0.9303    0.7783   0.06057     1.406   0.01509
   174/299     11.9G   0.01929    0.1335 0.0005197    0.1533      1598       640    0.9976    0.9045    0.9348    0.7825   0.06015     1.343   0.01618
   175/299     11.9G   0.01791    0.1102 0.0005581    0.1287      1930       640    0.9983    0.8892    0.9265    0.7839   0.05969     1.345   0.01546
   176/299     11.9G   0.01837    0.1279 0.0005488    0.1468      2220       640     0.988    0.9014    0.9325    0.7725   0.05965     1.348   0.01524
   177/299     11.9G   0.01913    0.1203 0.0005913    0.1401      1768       640    0.9893    0.8963    0.9242      0.79   0.05965     1.367   0.01563
   178/299     11.9G     0.017    0.1153 0.0005901    0.1329      2343       640    0.9943    0.8898    0.9227     0.781   0.05889     1.323   0.01567
   179/299     11.9G   0.01711    0.1172 0.0005357    0.1349      2212       640    0.9767    0.9007    0.9258     0.794   0.05897      1.39     0.015
   180/299     11.9G   0.01767    0.1318 0.0005805      0.15      2475       640    0.9732    0.9035    0.9287    0.7962   0.05861      1.36   0.01448
   181/299     11.9G   0.01735     0.117 0.0005421    0.1349       804       640    0.9765     0.904    0.9302    0.7918   0.05901     1.366   0.01448
   182/299     11.9G   0.01748    0.1317   0.00057    0.1498      3064       640    0.9783    0.8981    0.9228    0.7917   0.05916     1.378   0.01527
   183/299     11.9G   0.01746    0.1236 0.0005185    0.1416       937       640    0.9719    0.9032    0.9207    0.7871   0.05923     1.427   0.01434
   184/299     11.9G   0.01811    0.1233  0.000505    0.1419      1661       640    0.9854    0.8963    0.9219    0.7876   0.05924     1.402   0.01348
   185/299     11.9G   0.01869    0.1261 0.0005606    0.1453      1379       640    0.9883    0.9079    0.9314    0.7924   0.05878     1.352   0.01472
   186/299     11.9G   0.01639    0.1216 0.0005104    0.1385      2033       640    0.9837    0.9087    0.9291    0.7916   0.05862     1.364   0.01549
   187/299     11.9G   0.01735    0.1265 0.0005059    0.1444      1444       640    0.9896    0.9037     0.922    0.7912   0.05884     1.418   0.01582
   188/299     11.9G   0.01798     0.118 0.0005374    0.1365      1781       640    0.9831    0.9098     0.928    0.7898   0.05866     1.421   0.01538
   189/299     11.9G   0.01696    0.1206 0.0004986     0.138      1340       640    0.9858    0.8968    0.9195    0.7692   0.05873     1.453   0.01441
   190/299     11.9G   0.01695     0.125 0.0005655    0.1425      4223       640    0.9849    0.8975    0.9189    0.7869   0.05821     1.445   0.01417
   191/299     11.9G   0.01769    0.1211 0.0005776    0.1394      3225       640    0.9935    0.8977    0.9205    0.7894   0.05833     1.409   0.01478
   192/299     11.9G   0.01752    0.1157  0.000553    0.1338      2669       640    0.9873    0.9035    0.9244    0.8011   0.05866     1.397   0.01492
   193/299     11.9G   0.01704    0.1183 0.0005089    0.1359      1483       640    0.9909    0.8994    0.9278    0.8011   0.05798      1.35   0.01458
   194/299     11.9G   0.01675    0.1218 0.0005458    0.1391      1999       640    0.9802    0.9026     0.927    0.7979   0.05816     1.381   0.01479
   195/299     11.9G   0.01634     0.125 0.0005539    0.1419      2213       640    0.9894    0.8924    0.9221    0.7845   0.05822     1.402   0.01434
   196/299     12.4G    0.0174    0.1189   0.00055    0.1368      1503       640    0.9855    0.9068     0.929    0.7894   0.05809       1.4   0.01449
   197/299     12.4G   0.01678    0.1255 0.0004982    0.1428      1807       640    0.9923    0.9015    0.9264    0.7867   0.05825     1.442   0.01447
   198/299     12.4G   0.01674    0.1214  0.000508    0.1387      1884       640    0.9938     0.897    0.9293    0.7953   0.05789     1.462   0.01432
   199/299     12.4G   0.01678    0.1211 0.0005201    0.1384      1381       640    0.9924     0.893    0.9251    0.7682   0.05857     1.479   0.01475
   200/299     12.4G   0.01685    0.1168 0.0005884    0.1342      1346       640    0.9889    0.9093     0.929    0.7974   0.05758     1.459   0.01429
   201/299     12.4G   0.01689    0.1261 0.0005483    0.1435      1824       640    0.9875    0.9107    0.9299    0.7982   0.05748      1.41   0.01488
   202/299     12.4G   0.01693    0.1159 0.0005526    0.1334      1602       640    0.9857    0.9059    0.9246    0.7942    0.0578     1.447   0.01478
   203/299     12.4G   0.01625    0.1131 0.0005017    0.1298      1178       640    0.9884    0.9003     0.924    0.7953   0.05757     1.437   0.01485
   204/299     12.4G   0.01589    0.1244 0.0005095    0.1408      1822       640    0.9865     0.901    0.9213    0.7928   0.05716     1.441   0.01402
   205/299     12.4G    0.0162    0.1196  0.000527    0.1363      1819       640    0.9885     0.897    0.9195    0.7855   0.05743     1.481   0.01349
   206/299     12.4G   0.01645    0.1256  0.000515    0.1426      2147       640    0.9934    0.8971    0.9236    0.7937    0.0575     1.513   0.01343
   207/299     12.4G   0.01615    0.1127 0.0005111    0.1294      2172       640    0.9912     0.895     0.924    0.7951   0.05715     1.501   0.01386
   208/299     12.4G   0.01596    0.1219 0.0004549    0.1383      2481       640    0.9954    0.8965    0.9256    0.8024    0.0569     1.493   0.01408
   209/299     12.4G   0.01618    0.1133  0.000502    0.1299      1909       640    0.9864    0.9021    0.9224     0.794   0.05746     1.498   0.01485
   210/299     12.4G   0.01657    0.1117 0.0005355    0.1288      1535       640    0.9937    0.8996    0.9277    0.7993   0.05733     1.452   0.01524
   211/299     12.4G   0.01629     0.122 0.0004761    0.1387      1766       640    0.9835    0.9057    0.9284    0.7977   0.05782     1.468   0.01479
   212/299     12.4G   0.01671     0.119 0.0005294    0.1363      1856       640    0.9869    0.8999    0.9267     0.806   0.05761     1.473   0.01472
   213/299     12.4G   0.01605    0.1215 0.0005266     0.138      2853       640    0.9783    0.9044    0.9249    0.7882   0.05733     1.474    0.0142
   214/299     12.4G   0.01572    0.1128 0.0004875     0.129       843       640    0.9807    0.9074    0.9264    0.8062   0.05694     1.472   0.01446
   215/299     12.4G    0.0155    0.1164 0.0005061    0.1324      1892       640    0.9826    0.9024    0.9266    0.8033   0.05686     1.523   0.01398
   216/299     12.4G   0.01581    0.1186 0.0005028    0.1349      2189       640    0.9867    0.9023    0.9264    0.7999   0.05676     1.508   0.01382
   217/299     12.4G   0.01619    0.1152 0.0004872    0.1319       884       640    0.9824    0.9042    0.9237    0.8058   0.05656     1.476   0.01413
   218/299     12.4G    0.0153    0.1161 0.0004627    0.1318      1455       640    0.9825    0.9021    0.9242     0.802   0.05663     1.499   0.01375
   219/299     12.4G   0.01654    0.1167 0.0005536    0.1338      1284       640    0.9882    0.9021     0.926    0.8023   0.05654     1.497   0.01343
   220/299     12.4G   0.01677     0.116 0.0005539    0.1333      2150       640    0.9853    0.9051    0.9275    0.8052   0.05671     1.466   0.01374
   221/299     12.4G   0.01552    0.1178 0.0004776    0.1338      1871       640    0.9882    0.9038    0.9254    0.8048   0.05682     1.461   0.01392
   222/299     12.4G   0.01558    0.1188 0.0005155    0.1349      1241       640    0.9922    0.8966    0.9245    0.8059   0.05652     1.491   0.01383
   223/299     12.4G   0.01578    0.1183 0.0005369    0.1346      2117       640    0.9809    0.9078    0.9274    0.8001   0.05656      1.51   0.01385
   224/299     12.4G   0.01595    0.1185 0.0004734    0.1349      1855       640    0.9809    0.9078    0.9297    0.8126    0.0565     1.519   0.01419
   225/299     12.4G    0.0159    0.1168 0.0004558    0.1331      3215       640    0.9857    0.9034    0.9274    0.8071   0.05665     1.504   0.01478
   226/299     12.4G   0.01533    0.1159 0.0004979    0.1317      2051       640    0.9957    0.8941    0.9255    0.8091   0.05659     1.479   0.01451
   227/299     12.4G   0.01503    0.1176 0.0004819    0.1331      1352       640     0.983    0.9032    0.9263    0.8057    0.0564      1.51   0.01372
   228/299     12.4G   0.01562    0.1151 0.0005011    0.1312      1282       640    0.9958    0.8914    0.9235     0.799   0.05603      1.53   0.01322
   229/299     12.4G   0.01545    0.1137 0.0004711    0.1296      2154       640    0.9923    0.8982    0.9259    0.8096   0.05581     1.574   0.01299
   230/299     12.4G   0.01612    0.1137 0.0005221    0.1304      2043       640    0.9901    0.9011    0.9259    0.8118   0.05553     1.565   0.01284
   231/299     12.4G   0.01555    0.1164 0.0005339    0.1325      2500       640    0.9936    0.8995    0.9253       0.8     0.056     1.591   0.01315
   232/299     12.4G   0.01561    0.1079 0.0005376    0.1241      2252       640    0.9852    0.9019    0.9233     0.795   0.05656     1.623   0.01307
   233/299     12.4G   0.01539     0.111 0.0004978    0.1269      1757       640    0.9854    0.9048    0.9255    0.7998   0.05627     1.582   0.01355
   234/299     12.4G   0.01597     0.119 0.0005404    0.1355      2552       640    0.9989    0.8979     0.926    0.8103   0.05659     1.558   0.01412
   235/299     12.4G   0.01555    0.1129 0.0005117     0.129      1454       640    0.9893    0.9136    0.9313    0.8058   0.05654     1.505   0.01399
   236/299     12.4G   0.01499    0.1191 0.0004853    0.1345      2273       640    0.9939    0.9098    0.9307     0.808   0.05584     1.509   0.01344
   237/299     12.4G   0.01542    0.1192 0.0004623    0.1351      2178       640    0.9955    0.9025    0.9295    0.8149   0.05587      1.48   0.01422
   238/299     12.4G   0.01562     0.117 0.0004903    0.1331      1246       640    0.9954    0.8983    0.9246    0.8145   0.05629     1.472   0.01487
   239/299     12.4G   0.01572    0.1165 0.0005356    0.1328      3284       640    0.9936    0.9011    0.9228     0.814   0.05615     1.465    0.0142
   240/299     12.4G   0.01572    0.1082 0.0004911    0.1244      1986       640    0.9991    0.8946    0.9237    0.8138   0.05591     1.532   0.01345
   241/299     12.4G   0.01504    0.1108 0.0004779    0.1263      2512       640    0.9936    0.8992    0.9225    0.8114   0.05603     1.535   0.01378
   242/299     12.4G   0.01541    0.1129 0.0005047    0.1288      1734       640    0.9967    0.8974    0.9231    0.8187   0.05607     1.532   0.01424
   243/299     12.4G   0.01477    0.1081  0.000428    0.1233      2539       640    0.9937    0.9002    0.9212    0.8205   0.05625     1.562   0.01426
   244/299     12.4G   0.01591    0.1199 0.0005087    0.1363      1707       640     0.994    0.8975    0.9243    0.8209   0.05615     1.548   0.01407
   245/299     12.4G   0.01506    0.1198 0.0004621    0.1354      1318       640    0.9961    0.8983    0.9278    0.8253   0.05616      1.55   0.01369
   246/299     12.4G   0.01504    0.1173 0.0004709    0.1328      1806       640    0.9874    0.9071    0.9291    0.8261   0.05589     1.571   0.01303
   247/299     12.4G   0.01539    0.1242 0.0004831      0.14      1534       640    0.9924    0.9013    0.9291    0.8226    0.0557     1.562    0.0132
   248/299     12.4G   0.01466    0.1176 0.0004825    0.1327      2273       640    0.9842    0.9099    0.9292    0.8227   0.05569     1.551   0.01357
   249/299     12.4G   0.01524    0.1173 0.0005253    0.1331      1456       640    0.9928    0.9005    0.9274    0.8179   0.05564     1.559   0.01366
   250/299     12.4G   0.01471    0.1196 0.0004381    0.1347      1404       640    0.9839    0.9096     0.925    0.8168   0.05576     1.559     0.014
   251/299     12.4G   0.01482    0.1137 0.0004802     0.129      1557       640    0.9889    0.9094    0.9262    0.8181   0.05564     1.562     0.014
   252/299     12.4G   0.01542    0.1148 0.0004884    0.1307      1529       640    0.9854    0.9097    0.9255    0.8182   0.05565     1.527   0.01422
   253/299     12.4G   0.01463    0.1102 0.0004701    0.1253      2065       640    0.9918    0.9042    0.9234    0.8202   0.05595     1.576   0.01392
   254/299     12.4G   0.01458    0.1234  0.000479    0.1385      1811       640    0.9923    0.9034    0.9236    0.8223   0.05555     1.563   0.01358
   255/299     12.4G   0.01527    0.1158 0.0005133    0.1316      2771       640    0.9907    0.9064     0.927    0.8108   0.05582     1.572   0.01354
   256/299     12.4G   0.01489    0.1079 0.0004621    0.1233      2370       640    0.9886    0.9051    0.9256    0.8223   0.05552     1.564   0.01349
   257/299     12.4G   0.01431    0.1078 0.0004718    0.1226      1559       640     0.984    0.9016    0.9222    0.8161   0.05537     1.623   0.01295
   258/299     12.4G   0.01504    0.1188 0.0005084    0.1344      2960       640    0.9761    0.9126    0.9231    0.8122   0.05521     1.617   0.01312
   259/299     12.4G   0.01476    0.1167 0.0004487    0.1319      1576       640    0.9928    0.9034    0.9266    0.8195   0.05565     1.637   0.01361
   260/299     12.4G   0.01548    0.1088 0.0005213    0.1248      1627       640    0.9839    0.9119    0.9253    0.8182   0.05551     1.597   0.01413
   261/299     12.4G   0.01476    0.1148 0.0004948      0.13      1522       640    0.9831    0.9093    0.9238    0.8178   0.05549     1.571   0.01444
   262/299     12.4G   0.01454     0.106 0.0004818    0.1211      1115       640    0.9845    0.9074    0.9262    0.8201    0.0554     1.545   0.01453
   263/299     12.4G    0.0145    0.1171 0.0004535    0.1321      2602       640    0.9852    0.9054    0.9278      0.82   0.05544     1.524   0.01468
   264/299     12.4G    0.0146    0.1173 0.0004559    0.1324      1826       640    0.9909    0.9085    0.9304    0.8197   0.05543     1.518    0.0146
   265/299     12.4G   0.01497    0.1119 0.0004499    0.1273      1691       640    0.9994    0.9018    0.9302    0.8182    0.0554     1.525   0.01423
   266/299     12.4G    0.0152    0.1216 0.0005303    0.1374      2409       640    0.9926    0.9075    0.9305     0.822   0.05572     1.555   0.01392
   267/299     12.4G   0.01467    0.1164 0.0004661    0.1315      1547       640    0.9994    0.9001    0.9291    0.8273    0.0558     1.615   0.01334
   268/299     12.4G   0.01461    0.1101 0.0004874    0.1252      1859       640    0.9852    0.9063    0.9265    0.8242   0.05554     1.646   0.01315
   269/299     12.4G   0.01466    0.1095 0.0004553    0.1246      2631       640    0.9919    0.8971    0.9231    0.8244   0.05559     1.663   0.01348
   270/299     12.4G   0.01463    0.1155 0.0004397    0.1305      2812       640    0.9848     0.897     0.918    0.8184   0.05562      1.64   0.01379
   271/299     12.4G   0.01554    0.1152 0.0005431    0.1313      1074       640    0.9881    0.8956    0.9207    0.8198   0.05561     1.622   0.01375
   272/299     12.4G   0.01475    0.1085 0.0004655    0.1237      1212       640    0.9869    0.9024    0.9226    0.8248    0.0553     1.614    0.0136
   273/299     12.4G    0.0145     0.104 0.0004729    0.1189      1560       640    0.9891    0.9051    0.9267    0.8261   0.05508     1.591   0.01353
   274/299     12.4G    0.0152    0.1051  0.000514    0.1208      1602       640    0.9906    0.9043     0.926    0.8256   0.05515     1.655     0.013
   275/299     12.4G   0.01504    0.1099 0.0005351    0.1255      2047       640     0.994     0.896    0.9243    0.8234   0.05523     1.714   0.01265
   276/299     12.4G   0.01486    0.1111 0.0004839    0.1265      1561       640    0.9889    0.8989    0.9219    0.8225    0.0551     1.653   0.01314
   277/299     12.4G   0.01494    0.1223 0.0005433    0.1378      3402       640    0.9921    0.9023    0.9228    0.8275   0.05502     1.614   0.01355
   278/299     12.4G   0.01541    0.1175 0.0004924    0.1334      1434       640    0.9921    0.9031    0.9269    0.8289   0.05522     1.597   0.01391
   279/299     12.4G   0.01457    0.1087 0.0004829    0.1237      1151       640    0.9922    0.9017    0.9261    0.8313   0.05552     1.618   0.01393
   280/299     12.4G   0.01463    0.1186  0.000476    0.1337      1927       640    0.9921    0.9034    0.9281    0.8293   0.05557     1.634   0.01388
   281/299     12.4G   0.01405    0.1121 0.0004432    0.1266      1211       640    0.9874    0.9051    0.9289    0.8303   0.05554     1.637   0.01385
   282/299     12.4G   0.01462    0.1136 0.0004421    0.1286      1106       640    0.9962    0.9003    0.9275    0.8282   0.05552     1.633   0.01399
   283/299     12.4G   0.01406    0.1081 0.0004599    0.1226      1344       640    0.9874    0.9083    0.9277    0.8296   0.05551     1.645   0.01409
   284/299     12.4G   0.01447    0.1117 0.0004516    0.1266      2387       640    0.9875    0.9066    0.9264    0.8268   0.05566     1.669   0.01398
   285/299     12.4G   0.01459    0.1107 0.0004522    0.1257      2422       640    0.9908    0.9043    0.9261    0.8274   0.05586     1.679   0.01386
   286/299     12.4G   0.01448    0.1154 0.0004857    0.1304      1974       640     0.991    0.9043    0.9271    0.8276   0.05572     1.634   0.01374
   287/299     12.4G   0.01449    0.1105 0.0004535    0.1254      1970       640    0.9838    0.9118    0.9285    0.8258   0.05554     1.626   0.01363
   288/299     12.4G   0.01429    0.1154 0.0004768    0.1302      2031       640    0.9829    0.9118    0.9295    0.8291   0.05542     1.635    0.0134
   289/299     12.4G   0.01476     0.111 0.0004966    0.1263      1950       640    0.9812    0.9136    0.9303    0.8283   0.05521     1.643   0.01308
   290/299     12.4G   0.01464    0.1163 0.0005051    0.1314      2091       640    0.9919    0.8993    0.9283    0.8294   0.05521     1.648    0.0133
   291/299     12.4G   0.01448    0.1122 0.0004595    0.1271      1914       640    0.9941    0.8985    0.9282    0.8287   0.05543     1.636   0.01359
   292/299     12.4G   0.01465     0.114  0.000475    0.1291      1444       640     0.984     0.908    0.9274    0.8311   0.05533     1.623   0.01391
   293/299     12.4G   0.01421    0.1111 0.0004528    0.1258      1600       640    0.9824    0.9111    0.9264    0.8282    0.0555     1.648   0.01372
   294/299     12.4G   0.01428    0.1124 0.0004719    0.1272      2258       640    0.9877    0.9078    0.9269    0.8299   0.05554     1.646   0.01372
   295/299     12.4G   0.01441    0.1132 0.0004723    0.1281      2437       640    0.9911    0.9073    0.9274    0.8294   0.05574     1.679   0.01369
   296/299     12.4G   0.01437    0.1146 0.0004607    0.1294      1799       640     0.991    0.9086    0.9288    0.8299   0.05569      1.67    0.0136
   297/299     12.4G   0.01438    0.1145 0.0004767    0.1293      2535       640    0.9811    0.9149    0.9293    0.8272   0.05548      1.67   0.01327
   298/299     12.4G   0.01513    0.1118 0.0004703    0.1274      2758       640    0.9824     0.916    0.9292    0.8288   0.05532     1.653    0.0134
   299/299     12.4G   0.01431    0.1122 0.0004676     0.127      1188       640    0.9909    0.9044    0.9269    0.8263   0.05527     1.639    0.0138
