     0/399     7.36G     0.073    0.2191   0.01741    0.3095      1087       640   0.05972    0.1803  0.008164  0.001319     0.115    0.5139   0.01886
     1/399     9.33G   0.06883    0.1704   0.01358    0.2528       870       640    0.1437    0.3055   0.06398   0.01032    0.1126    0.4674   0.01646
     2/399     9.33G   0.06402    0.1573  0.009561    0.2309      2735       640    0.1938    0.3087    0.1538    0.0304    0.1087    0.4792   0.01418
     3/399     9.33G    0.0608    0.1463  0.006398    0.2135      2074       640    0.7297    0.2682     0.185   0.03805    0.1068    0.4886   0.01206
     4/399     9.33G   0.05718    0.1346  0.004515    0.1963       882       640    0.7723    0.3104    0.2412   0.05046    0.1022    0.5483   0.01071
     5/399     9.63G   0.05742    0.1373  0.003537    0.1982      2254       640    0.8104    0.3543    0.3002   0.08617    0.1015    0.5519   0.01056
     6/399     9.64G   0.05428    0.1462  0.003372    0.2039      1023       640    0.1912    0.3627    0.1349   0.02722    0.1036    0.6091   0.01043
     7/399     9.64G   0.05758    0.1435  0.003326    0.2044      2825       640   0.04924   0.09847  0.009943  0.003074    0.1101    0.6124   0.01039
     8/399     9.64G   0.05948     0.156  0.003385    0.2189      1942       640    0.3587    0.2794    0.2836   0.07069    0.1049    0.5557   0.01098
     9/399     9.64G   0.05296    0.1396  0.003853    0.1964      1058       640    0.2599    0.3972     0.294   0.07957   0.09499    0.6898   0.01224
    10/399     9.64G   0.05115    0.1429  0.004086    0.1981      2734       640    0.8959    0.3229    0.3635    0.1195   0.09726    0.6988    0.0113
    11/399     9.64G   0.04899    0.1569  0.004002    0.2099      1203       640    0.8525    0.3555    0.3759    0.1606   0.09408    0.6918   0.01156
    12/399     9.64G   0.05001    0.1578  0.003635    0.2114      2760       640    0.3977    0.3803    0.3604   0.08714   0.09979    0.6806   0.01195
    13/399     9.64G   0.05132     0.159  0.003717     0.214      2280       640    0.9464    0.3829    0.4141    0.1834   0.09206    0.7002   0.01213
    14/399     9.64G   0.04565    0.1463  0.004007    0.1959      2168       640    0.3261    0.5351    0.3672     0.147   0.09545    0.6824   0.01178
    15/399     9.64G   0.04509    0.1412  0.003943    0.1902      2018       640    0.9482    0.3815    0.4233     0.188   0.09516    0.7035   0.01214
    16/399     9.64G   0.04452    0.1522    0.0038    0.2005      2739       640    0.4033    0.4701    0.4457    0.2323   0.09654    0.6005   0.01238
    17/399     9.64G   0.04755    0.1526  0.003468    0.2037      1880       640    0.4406    0.3855    0.4068    0.2749    0.1026    0.5929   0.01188
    18/399     9.64G   0.04772    0.1452  0.003415    0.1963      1865       640     0.427    0.4746    0.4166     0.207    0.1044    0.5623   0.01232
    19/399     9.64G   0.04555    0.1365  0.003335    0.1854      1813       640    0.3218    0.4594    0.3437    0.1005    0.1052    0.5567     0.012
    20/399     10.1G   0.04351    0.1505  0.003271    0.1973      1815       640     0.483    0.4928    0.4911    0.2969   0.09506      0.59   0.01165
    21/399     10.1G   0.04155    0.1441  0.003078    0.1887      1543       640    0.9625    0.4138    0.4528    0.2489   0.09807    0.5418    0.0117
    22/399     10.1G   0.04052    0.1474   0.00305    0.1909      1649       640    0.4344    0.3486    0.3875    0.1769    0.1061    0.5419   0.01211
    23/399     10.1G   0.04655    0.1174  0.003174    0.1671      2502       640    0.4566    0.5179    0.4895    0.2308    0.1064    0.5516   0.01274
    24/399     10.1G   0.04349    0.1196  0.003093    0.1661      2358       640    0.4771    0.4684    0.4464    0.2369    0.1043    0.5784   0.01259
    25/399     10.1G   0.04353    0.1206  0.002872     0.167      1528       640    0.6747    0.4908    0.5136    0.3353    0.1027    0.6495   0.01234
    26/399     10.1G   0.04152    0.1119  0.002888    0.1563      1880       640     0.536    0.4796    0.4761    0.2723    0.1022    0.6582   0.01238
    27/399     10.1G   0.04477    0.1232   0.00298     0.171      1324       640    0.4735    0.4995    0.4824     0.252    0.1017    0.6972    0.0118
    28/399     11.7G   0.04274    0.1224  0.003014    0.1682       683       640    0.7063    0.5319    0.5532    0.2512     0.101    0.7388   0.01193
    29/399     11.7G    0.0456    0.1414  0.002855    0.1898      1565       640    0.7863     0.535    0.5816    0.3421   0.09977    0.7046   0.01255
    30/399     11.7G   0.03994    0.1216   0.00297    0.1645       999       640    0.7354    0.6152    0.6466    0.3855   0.09937    0.6861   0.01252
    31/399     11.7G    0.0408    0.1216  0.002602     0.165      1955       640    0.7824    0.5862     0.648    0.3584    0.1023     0.621   0.01277
    32/399     11.7G   0.03839    0.1242  0.002587    0.1652      2239       640    0.7101    0.6327    0.6459    0.3773    0.1054    0.5405    0.0132
    33/399     11.7G   0.04165    0.1206  0.002525    0.1648      1409       640    0.7171    0.6469    0.6569    0.4387    0.1026    0.5582   0.01305
    34/399     11.7G   0.03783    0.1275  0.002432    0.1677      1887       640    0.7963    0.6315    0.6595    0.4026    0.1009    0.5847   0.01303
    35/399     11.7G   0.03758    0.1206  0.002338    0.1605      1756       640    0.7491    0.6664    0.6756    0.3748   0.09979    0.5755   0.01329
    36/399     11.7G   0.03677    0.1169  0.002069    0.1558      2730       640    0.7909    0.7069     0.695    0.2931   0.09616    0.6968    0.0128
    37/399     11.7G   0.03799    0.1365  0.002147    0.1766      1562       640    0.7923    0.7868     0.718    0.3992   0.09568    0.6479    0.0132
    38/399     11.7G   0.03496    0.1286  0.002105    0.1656      2310       640    0.8498    0.6951    0.7335     0.334   0.09809    0.6894   0.01311
    39/399     11.7G   0.03661    0.1297  0.001878    0.1682      1947       640    0.8578    0.7515    0.7969    0.4565   0.09813    0.7405   0.01239
    40/399     11.7G   0.04128    0.1333  0.002077    0.1767      2814       640    0.8742    0.7376     0.798    0.4775   0.09506    0.8096   0.01222
    41/399     11.7G   0.03485    0.1273  0.001995    0.1641      1465       640    0.8748    0.7757    0.8222    0.4036   0.09655    0.8098   0.01212
    42/399     11.7G   0.03503    0.1241  0.002007    0.1611      1986       640    0.8995    0.7924    0.8483    0.5635   0.09168    0.8008   0.01163
    43/399     11.7G   0.03579    0.1317  0.001918    0.1694      2919       640    0.8867    0.7981    0.8239    0.3586   0.09281    0.7324   0.01044
    44/399     11.7G   0.03798    0.1413  0.001928    0.1812      2499       640    0.6413    0.8611    0.6573    0.3698   0.09152    0.7652   0.01062
    45/399     11.7G   0.03759    0.1334  0.001866    0.1728      1489       640    0.8735    0.7906    0.8284    0.4781   0.09025    0.8261  0.009878
    46/399     11.7G   0.03538    0.1379  0.001833    0.1751      1441       640    0.9448    0.7863    0.8784    0.5613   0.08369    0.7741  0.009122
    47/399     11.7G   0.03393    0.1463  0.001814     0.182      1611       640    0.9353    0.8153     0.878    0.5785   0.08363    0.8425  0.008843
    48/399     11.7G   0.03412    0.1255  0.001674    0.1613      1484       640    0.9383    0.8569    0.8952    0.6331   0.08046    0.8955  0.009119
    49/399     11.7G   0.03056    0.1462  0.001625    0.1784      1751       640    0.9449    0.8459    0.9051    0.6156   0.08249    0.7266  0.008213
    50/399     11.7G   0.03264    0.1431  0.001592    0.1773      2825       640    0.9304     0.833    0.8716    0.5711   0.07958    0.8143  0.007729
    51/399     11.7G   0.03202    0.1377  0.001623    0.1714      1263       640     0.928    0.8318    0.9022    0.5287   0.08292    0.7349  0.007837
    52/399     11.7G   0.03266    0.1598  0.001581    0.1941      2194       640    0.9418    0.8449    0.9155    0.5954   0.07816    0.7237  0.007835
    53/399     11.7G   0.02757    0.1453  0.001669    0.1746      1680       640    0.9616    0.8252     0.869    0.5906   0.08904    0.7723  0.007714
    54/399     11.7G     0.032    0.1336   0.00161    0.1672      1812       640    0.9661     0.823      0.89    0.5843   0.09353     0.729  0.008394
    55/399     11.7G   0.02945    0.1343  0.001591    0.1653      1721       640    0.9525    0.8156    0.8742    0.5925    0.0962    0.6609  0.008163
    56/399     11.7G   0.03438    0.1359  0.001517    0.1718      2117       640    0.9685    0.8408    0.8903    0.6262   0.09698    0.6874  0.008594
    57/399     11.7G     0.029    0.1212  0.001498    0.1517      2092       640    0.9677    0.8176    0.8883    0.5685   0.09635    0.7034  0.008929
    58/399     11.7G   0.03028     0.144  0.001397    0.1757      2534       640    0.9676    0.8323    0.8805    0.5342   0.09744    0.6819  0.008603
    59/399     11.7G   0.03305    0.1473  0.001339    0.1817      2009       640    0.9434     0.872    0.9051    0.6129   0.09285    0.7476  0.008458
    60/399     11.7G    0.0288     0.136  0.001459    0.1663      1848       640    0.9526    0.8775    0.9131    0.5118    0.0933    0.8322  0.007983
    61/399     11.7G   0.02803    0.1339  0.001327    0.1632      1379       640    0.9385    0.8843    0.9067    0.6589   0.08674    0.9498  0.007919
    62/399     11.7G    0.0283    0.1412  0.001295    0.1708      2654       640    0.9689    0.8422    0.9081    0.6194   0.07767    0.9325  0.007297
    63/399     11.7G   0.02915    0.1532  0.001362    0.1837      2047       640    0.9696    0.8608    0.9214    0.6659   0.07466    0.7729  0.007066
    64/399     11.7G    0.0332    0.1585  0.001269    0.1929      2299       640    0.9726    0.8548    0.9184    0.6543   0.07604     0.803  0.007468
    65/399     11.7G   0.02825    0.1505  0.001317    0.1801      2000       640    0.9657    0.8431    0.9109     0.613   0.07326    0.7156  0.007005
    66/399     11.7G   0.02607    0.1436  0.001283    0.1709      3393       640     0.916     0.872    0.9072    0.6733    0.0723     0.709  0.007561
    67/399     11.7G   0.02889    0.1467  0.001118    0.1767      1486       640    0.8455    0.8187    0.8503    0.5492   0.07406    0.7722   0.00792
    68/399     11.7G   0.02583    0.1322  0.001192    0.1593      1934       640    0.9459    0.8402    0.9164     0.634   0.07237    0.6819  0.007108
    69/399     11.7G   0.02651    0.1452  0.001126    0.1728      2471       640    0.9526    0.8647    0.9215    0.6659   0.07315    0.7398  0.007747
    70/399     11.7G   0.02649     0.146  0.001044    0.1735      3005       640     0.946    0.8876    0.9285     0.657   0.07393    0.7217  0.008079
    71/399     11.7G   0.02829    0.1432  0.001029    0.1725      2835       640    0.9676    0.8732    0.9171    0.5934   0.07434    0.7334  0.008138
    72/399     12.1G   0.03143    0.1544  0.001007    0.1868      1813       640    0.9617    0.8818    0.9312    0.5839   0.07608    0.7602  0.009456
    73/399     12.1G   0.02629    0.1463  0.001149    0.1737      2172       640     0.977    0.8782     0.925    0.6462   0.07254     0.643   0.00675
    74/399     12.1G   0.02522    0.1474    0.0011    0.1737      1560       640    0.9714    0.8958    0.9335    0.6252   0.07244     0.691  0.006926
    75/399     12.1G   0.02867    0.1386  0.001082    0.1684      1096       640     0.974    0.8761     0.921    0.6335   0.07237    0.7717  0.007627
    76/399     12.1G   0.02478    0.1375 0.0009585    0.1633      1756       640    0.9705    0.8848    0.9252    0.5727   0.07306    0.7672  0.008167
    77/399     12.1G    0.0268    0.1402  0.000966     0.168      2409       640    0.9665    0.8753    0.9178    0.6525   0.07297    0.7419  0.008298
    78/399     12.1G   0.02635    0.1415 0.0008757    0.1687      1354       640    0.9788    0.8591    0.9194    0.6788   0.07241    0.7312  0.008884
    79/399     12.1G   0.02649    0.1486 0.0008984     0.176      2239       640    0.9508    0.8869    0.9212    0.6187   0.07327    0.7413  0.008966
    80/399     12.1G   0.02885    0.1454 0.0009028    0.1751      1366       640    0.9613    0.8901    0.9238    0.6872   0.07173     0.744  0.009064
    81/399     12.1G   0.02519    0.1435 0.0009572    0.1696      2497       640    0.9755    0.8837    0.9286     0.609   0.07124    0.6545  0.007682
    82/399     12.1G   0.02555    0.1442 0.0008618    0.1706      1846       640    0.9727    0.9004    0.9402    0.5693   0.07436    0.7526  0.008814
    83/399     12.1G   0.02676    0.1462   0.00094    0.1739      2815       640    0.9727    0.8918     0.935    0.7367   0.07193    0.7282   0.01007
    84/399     12.1G   0.02336    0.1314 0.0008599    0.1556      1947       640    0.9813    0.8749    0.9267    0.7097   0.07125    0.7326  0.009622
    85/399     12.1G   0.02569    0.1456 0.0008561    0.1721      2759       640    0.9713    0.8728    0.9292    0.6254   0.07282    0.7717  0.009324
    86/399     12.1G   0.02677    0.1397   0.00087    0.1673      2297       640    0.9887    0.8796    0.9258    0.7203   0.07285    0.7187   0.01102
    87/399     12.1G   0.02492    0.1304 0.0008382    0.1562      1652       640     0.984    0.8859    0.9309    0.7035   0.07289    0.7296    0.0106
    88/399     12.1G   0.02772    0.1434 0.0008027    0.1719      1778       640    0.9707    0.8905    0.9238    0.7179   0.07229    0.7294   0.01165
    89/399     12.1G    0.0242     0.141 0.0007363    0.1659      1057       640    0.9794    0.8828    0.9263    0.7323   0.07288    0.7044   0.01193
    90/399     12.1G   0.02485    0.1361 0.0007937    0.1618      3094       640    0.9752     0.865    0.9029    0.7159   0.07409    0.6928   0.01049
    91/399     12.1G   0.02609    0.1533 0.0007058    0.1801      4690       640    0.9836    0.8684    0.9188    0.7107   0.07392    0.6977   0.01133
    92/399     12.1G   0.02636    0.1469 0.0006507    0.1739      1600       640    0.9817    0.8597     0.894     0.656   0.07617    0.8138   0.01409
    93/399     12.1G   0.02607    0.1436 0.0007202    0.1703      1268       640    0.9738    0.9002    0.9336    0.7512   0.07378     0.732   0.01217
    94/399     12.1G   0.02312      0.14 0.0007482    0.1639      2172       640    0.9789      0.91    0.9381    0.5918   0.07771    0.7062  0.009998
    95/399     12.1G   0.02465    0.1383 0.0007663    0.1637      1948       640     0.985    0.8948    0.9243    0.6755    0.0763      0.74   0.01001
    96/399     12.1G   0.02696     0.147 0.0007947    0.1748      3568       640    0.9911    0.8775    0.9069    0.6661   0.07735    0.7286   0.01058
    97/399     12.1G   0.02268    0.1451 0.0007496    0.1685      2403       640    0.9868    0.8916    0.9284    0.7306   0.07384    0.6994  0.009503
    98/399     12.1G   0.02364    0.1582 0.0007955    0.1826      4855       640    0.9827     0.905    0.9321    0.7245   0.07445    0.7211  0.009625
    99/399     12.1G   0.02292    0.1382 0.0007583    0.1618      1459       640    0.9824     0.893    0.9198    0.7051   0.07655     0.726     0.009
   100/399     12.1G   0.02374    0.1297 0.0007135    0.1542      2083       640    0.9685    0.9022    0.9286    0.6974   0.07508    0.7244  0.008915
   101/399     12.1G   0.02347    0.1323 0.0006948    0.1565      2099       640    0.9783    0.9026    0.9349    0.7405   0.07348    0.7155   0.00981
   102/399     12.1G   0.02286    0.1357 0.0007239    0.1593       781       640    0.9938    0.8919    0.9316    0.7013    0.0754    0.7076   0.01106
   103/399     12.1G   0.02243    0.1381 0.0007308    0.1613      1947       640    0.9852    0.8992    0.9285    0.7645   0.07488    0.7253   0.01414
   104/399     12.1G    0.0219    0.1399 0.0006526    0.1624      2499       640    0.9903    0.8973    0.9256     0.761   0.07552    0.6844   0.01342
   105/399     12.1G   0.02075    0.1377 0.0006826    0.1591      2691       640    0.9845    0.8985    0.9339    0.7008   0.07506    0.7239    0.0106
   106/399     12.1G   0.02513    0.1457 0.0005676    0.1714      1825       640    0.9893    0.9049    0.9306    0.7421   0.07377    0.8214    0.0115
   107/399     12.1G   0.02378    0.1347 0.0006141    0.1591      2060       640    0.9935    0.9003    0.9283    0.7242   0.07451    0.7645  0.009844
   108/399     12.1G   0.02229    0.1349 0.0006927    0.1579      1901       640    0.9931    0.9079    0.9351    0.7548   0.07352    0.7661    0.0104
   109/399     12.1G   0.02475    0.1416 0.0005727    0.1669      1517       640    0.9925    0.9087    0.9373    0.7606   0.07425    0.8069   0.01319
   110/399     12.1G   0.02418    0.1431 0.0006954    0.1679      2018       640    0.9862    0.9073    0.9344    0.7539   0.07425    0.7869   0.01408
   111/399     12.1G    0.0219     0.139 0.0006435    0.1616      1631       640    0.9816    0.9108    0.9373    0.7093   0.07433    0.7344    0.0125
   112/399     12.1G   0.02556    0.1441 0.0006455    0.1703      2017       640    0.9763    0.8734    0.9183    0.7391   0.07491    0.7798   0.01322
   113/399     12.1G    0.0229    0.1367 0.0006859    0.1603      2338       640    0.9845    0.9011    0.9302    0.7414   0.07449    0.8059   0.01486
   114/399     12.1G   0.02095    0.1326 0.0007331    0.1543      2341       640    0.9851    0.8894    0.9194    0.7486   0.07472     0.783   0.01307
   115/399     12.1G   0.02077    0.1363 0.0006962    0.1578      1933       640    0.9627    0.9242    0.9362    0.7361    0.0747    0.8066   0.01237
   116/399     12.1G   0.02094    0.1328 0.0005897    0.1543      1962       640    0.9851    0.9098    0.9309    0.7713   0.07519    0.8186   0.01258
   117/399     12.1G   0.02142    0.1393 0.0005823    0.1613      2187       640     0.984    0.9172    0.9326     0.756   0.07518    0.8091   0.01244
   118/399     12.1G   0.02141     0.132 0.0006432    0.1541      2323       640      0.98    0.9127    0.9353    0.7452   0.07519    0.7415   0.01158
   119/399     12.1G   0.02152    0.1409 0.0006474    0.1631      1464       640    0.9902    0.9056    0.9348    0.7415   0.07414    0.7831   0.01356
   120/399     12.1G    0.0246     0.139 0.0006239    0.1642      1649       640    0.9788    0.8886    0.9194    0.7194   0.07563    0.8162   0.01357
   121/399     12.1G   0.02436    0.1425 0.0006549    0.1675      1799       640    0.9911    0.8998    0.9354    0.7337    0.0746    0.7886   0.01435
   122/399     12.1G   0.02202    0.1389 0.0006889    0.1616       990       640    0.9904    0.8986    0.9269    0.7338   0.07562    0.6849   0.01151
   123/399     12.1G   0.02245    0.1359 0.0006775    0.1591      1477       640    0.9843    0.8956    0.9253    0.7498   0.07426      0.73   0.01152
   124/399     12.1G   0.02126    0.1399 0.0006039    0.1618      2616       640    0.9711    0.9061    0.9341     0.754   0.07421    0.7768   0.01194
   125/399     12.1G   0.02191    0.1306 0.0006191    0.1531      1044       640    0.9739    0.8972    0.9218    0.6856   0.07593    0.8286   0.01188
   126/399     12.1G   0.02275     0.131 0.0006373    0.1544      2318       640    0.9863    0.8875    0.9304    0.7637    0.0738    0.8105   0.01291
   127/399     12.1G   0.02035    0.1215 0.0006455    0.1425      2076       640    0.9864    0.8941    0.9198    0.7228   0.07472    0.7708   0.01129
   128/399     12.1G   0.02116    0.1355 0.0006148    0.1573      2057       640    0.9881     0.889     0.921    0.7701   0.07361    0.8117   0.01248
   129/399     12.1G   0.02185     0.132 0.0006523    0.1545      1350       640    0.9855    0.9072    0.9298    0.7704   0.07313    0.7941   0.01166
   130/399     12.1G   0.02122    0.1332 0.0006152     0.155      1636       640    0.9932    0.8814    0.9111    0.6889   0.07628    0.8196   0.01134
   131/399     12.1G   0.02363    0.1509 0.0006242    0.1752      2525       640     0.977    0.9071    0.9237    0.7535   0.07306    0.8342   0.01047
   132/399     12.1G   0.01987    0.1387 0.0006022    0.1592      3198       640    0.9843    0.9101    0.9308    0.7752   0.07311    0.7915  0.009865
   133/399     12.1G   0.02148    0.1276 0.0005658    0.1497      1221       640    0.9904     0.903    0.9282    0.7731   0.07349    0.7943   0.01083
   134/399     12.1G    0.0225    0.1306 0.0005608    0.1536      2268       640    0.9866    0.9075    0.9311    0.7746   0.07339    0.7882   0.01186
   135/399     12.1G   0.02117    0.1273 0.0006063    0.1491      2436       640    0.9853     0.909    0.9313    0.7721   0.07358    0.7753   0.01088
   136/399     12.1G   0.02175    0.1362 0.0006263    0.1586      2604       640    0.9788    0.9155    0.9318     0.758   0.07314    0.8471   0.01339
   137/399     12.1G    0.0198    0.1304 0.0006712    0.1508      1487       640    0.9806    0.9062    0.9302    0.7729   0.07289    0.8279   0.01182
   138/399     12.1G   0.01969     0.131 0.0005409    0.1512      1764       640    0.9955     0.891    0.9231    0.7482   0.07437    0.8289   0.01176
   139/399     12.1G   0.02006    0.1301 0.0005326    0.1507       967       640    0.9727    0.9024    0.9276    0.7829   0.07279    0.8422   0.01266
   140/399     12.1G   0.01862    0.1304  0.000581    0.1496      2038       640    0.9852    0.9025    0.9282    0.7769   0.07336    0.8335   0.01063
   141/399     12.1G   0.02183    0.1292 0.0005796    0.1516      2085       640    0.9962    0.9005    0.9337    0.7017   0.07457    0.8929   0.01277
   142/399     12.1G   0.02141    0.1394 0.0005289    0.1614      1958       640     0.982    0.9083    0.9271    0.7812   0.07256      0.86   0.01207
   143/399     12.1G   0.01888    0.1319 0.0006303    0.1514      2624       640    0.9899    0.8911    0.9232    0.7664   0.07226    0.8099  0.009962
   144/399     12.1G   0.02009    0.1261 0.0005793    0.1468      2397       640    0.9881    0.9053    0.9276    0.7635   0.07325    0.8659   0.01014
   145/399     12.1G   0.02177     0.132 0.0005431    0.1543      1822       640    0.9813    0.9263    0.9382    0.7163   0.07473    0.9373   0.01307
   146/399     12.1G   0.02031    0.1272 0.0006079    0.1481      1249       640    0.9824    0.9157    0.9275    0.7855   0.07275    0.8415   0.01134
   147/399     12.1G   0.01976    0.1258 0.0005691    0.1461      3076       640    0.9892    0.9052    0.9292    0.7909   0.07261     0.797  0.009913
   148/399     12.1G   0.01931    0.1289 0.0005712    0.1488      2065       640    0.9856    0.9014    0.9279    0.7811   0.07269    0.8869  0.009556
   149/399     12.1G   0.02151    0.1224  0.000589    0.1445      1545       640    0.9843    0.9101    0.9303    0.7642   0.07299    0.9024  0.009914
   150/399     12.1G   0.02232    0.1393 0.0006245    0.1622      2672       640    0.9759    0.9114    0.9284    0.7874   0.07238    0.8817   0.01055
   151/399     12.1G   0.02057    0.1303 0.0005661    0.1514      1278       640    0.9669     0.922    0.9392    0.7792   0.07305     0.851   0.01162
   152/399     12.1G    0.0216    0.1369 0.0005284     0.159      1847       640    0.9862    0.8919    0.9267    0.7651    0.0729    0.8663   0.01393
   153/399     12.1G   0.01884    0.1312 0.0005215    0.1506      2063       640    0.9956    0.8905    0.9227    0.7671   0.07275    0.7982   0.01159
   154/399     12.1G   0.01988     0.126 0.0005982    0.1465      3467       640    0.9941     0.901    0.9264    0.7721   0.07295    0.8805   0.01176
   155/399     12.1G   0.01951    0.1214 0.0005742    0.1415      1166       640    0.9975     0.899    0.9271    0.7848   0.07274    0.8333  0.009439
   156/399     12.1G   0.01918    0.1267 0.0005078    0.1464      2273       640    0.9973    0.8953    0.9259    0.7919   0.07205    0.8551  0.009434
   157/399     12.1G   0.01901    0.1209 0.0005129    0.1404      2775       640    0.9961     0.894    0.9284    0.7856   0.07226    0.8789   0.01035
   158/399     12.1G   0.02066    0.1385 0.0005253    0.1597      1721       640     0.998     0.889     0.923    0.7802   0.07319    0.9675    0.0129
   159/399     12.1G   0.01958    0.1243 0.0005217    0.1444      1705       640    0.9933    0.8983    0.9323    0.7693   0.07267    0.8798   0.01121
   160/399     12.1G    0.0215    0.1287 0.0005429    0.1508      1684       640    0.9848    0.9098    0.9292    0.7768    0.0724    0.8547   0.01053
   161/399     12.1G   0.01947    0.1319  0.000568    0.1519      1697       640    0.9937    0.9025    0.9298    0.7913   0.07242     0.861   0.01056
   162/399     12.1G   0.02055    0.1253 0.0005415    0.1464      1857       640    0.9918    0.9057     0.935    0.7454   0.07322    0.9092   0.01139
   163/399     12.1G   0.02058    0.1327 0.0005099    0.1538      1983       640    0.9889    0.9042    0.9295    0.7922   0.07296    0.8988   0.01158
   164/399     12.1G   0.01941    0.1314 0.0005981    0.1514      3075       640    0.9897    0.9105     0.936    0.7819   0.07235    0.8448   0.01102
   165/399     12.1G   0.01881    0.1311 0.0005918    0.1505      2345       640    0.9878    0.9077     0.932    0.7829   0.07253    0.9009   0.01101
   166/399     12.1G   0.01772    0.1206 0.0005902    0.1389      1938       640    0.9817    0.9111    0.9257    0.7841   0.07243    0.8831  0.008576
   167/399     12.1G   0.01803    0.1267 0.0005696    0.1453      2463       640    0.9861    0.9064    0.9311    0.7913   0.07209    0.8766  0.008253
   168/399     12.1G   0.01921    0.1251 0.0006183    0.1449      2259       640    0.9881    0.9059      0.93    0.7798   0.07226     0.916   0.00901
   169/399     12.1G   0.01824    0.1181 0.0005352    0.1369      1224       640    0.9846    0.9066    0.9288    0.7935   0.07261    0.9237   0.01042
   170/399     12.1G   0.01827    0.1159   0.00057    0.1347      1173       640    0.9897    0.9062    0.9248    0.7864   0.07262    0.9207  0.009755
   171/399     12.1G   0.01997    0.1279 0.0005726    0.1484      2271       640    0.9849    0.9135    0.9299    0.7917   0.07207    0.9109  0.008901
   172/399     12.1G   0.01969    0.1291 0.0005819    0.1494      1762       640    0.9856    0.9052    0.9285    0.7793   0.07219    0.9072   0.01023
   173/399     12.1G   0.02099     0.127 0.0006096    0.1486      2056       640    0.9943    0.9025    0.9279    0.7722   0.07244    0.9112   0.01205
   174/399     12.1G   0.02134     0.133 0.0005438    0.1549      2216       640    0.9844    0.9083    0.9313     0.727   0.07406    0.9094   0.01525
   175/399     12.1G   0.01875    0.1263 0.0005873    0.1456      1925       640    0.9824    0.9133    0.9282    0.7813   0.07299    0.8272   0.01245
   176/399     12.1G   0.01884    0.1318 0.0004866    0.1512      1989       640    0.9973    0.9049    0.9346    0.7634   0.07306    0.8603   0.01229
   177/399     12.1G   0.01869    0.1279 0.0005805    0.1472       998       640    0.9863    0.9027    0.9214     0.774    0.0732    0.8736   0.01092
   178/399     12.1G   0.01918    0.1229 0.0006049    0.1427      1483       640    0.9991    0.9049    0.9347    0.7802   0.07238    0.8727   0.01008
   179/399     12.1G   0.02022    0.1288 0.0004857    0.1495      1480       640    0.9922    0.9042    0.9287    0.7896   0.07169    0.8709  0.009976
   180/399     12.1G   0.01891    0.1255 0.0005356    0.1449      2489       640    0.9894    0.9121     0.933    0.7971   0.07181    0.8794   0.01025
   181/399     12.1G   0.01849    0.1169 0.0005148    0.1359      1704       640    0.9941    0.8986    0.9244    0.7372   0.07334    0.9019  0.009752
   182/399     12.1G   0.01918    0.1226 0.0004707    0.1423      1151       640     0.987    0.9154    0.9313    0.7848    0.0721    0.9048   0.01107
   183/399     12.1G   0.02019    0.1235 0.0005343    0.1442      1822       640    0.9922    0.8996    0.9249    0.7843   0.07195    0.8857   0.01081
   184/399     12.1G   0.02007    0.1282 0.0005479    0.1489      2130       640     0.996    0.9005    0.9268    0.8001   0.07134    0.8614   0.01069
   185/399     12.1G   0.01805    0.1285 0.0005531    0.1471      1560       640    0.9939    0.9093    0.9311    0.7933   0.07128    0.8651   0.01121
   186/399     12.1G   0.01781    0.1213 0.0004908    0.1396      2453       640    0.9942    0.9045    0.9289    0.7992   0.07136     0.877    0.0107
   187/399     12.1G   0.01918    0.1259 0.0005333    0.1456      1524       640    0.9902    0.9096    0.9324    0.7963   0.07196    0.9622   0.01114
   188/399     12.1G   0.01719    0.1169 0.0005483    0.1346      2012       640    0.9826    0.8973    0.9253    0.7698   0.07156    0.9075  0.009676
   189/399     12.1G   0.01861    0.1273 0.0005103    0.1465      2259       640    0.9768    0.9099    0.9339    0.7806   0.07138    0.9523   0.01001
   190/399     12.1G   0.01928    0.1227 0.0005279    0.1425      1955       640     0.998    0.8976    0.9274    0.7935   0.07186    0.9468   0.01057
   191/399     12.1G   0.01746     0.118 0.0005286     0.136      1163       640    0.9937    0.9097    0.9314    0.7991   0.07138    0.9452   0.01006
   192/399     12.1G    0.0183    0.1207 0.0005413    0.1395      1752       640    0.9975       0.9     0.929    0.7969   0.07149    0.9325  0.009619
   193/399     12.1G   0.01826    0.1179 0.0004834    0.1367      2355       640    0.9914    0.9108     0.933     0.787   0.07168    0.9547   0.01031
   194/399     12.1G   0.01964    0.1203 0.0005653    0.1405      1313       640    0.9936    0.9025    0.9289     0.797   0.07198    0.9247    0.0102
   195/399     12.1G   0.01934    0.1208 0.0005762    0.1407      2966       640    0.9902    0.9064    0.9269    0.7931   0.07172    0.8964   0.01019
   196/399     12.1G   0.01864    0.1231 0.0005465    0.1422      2423       640    0.9904    0.9097     0.935    0.7949   0.07152    0.8824  0.009928
   197/399     12.1G   0.01799    0.1213 0.0005309    0.1399      1138       640    0.9922    0.9047    0.9281    0.8037   0.07152     0.911    0.0099
   198/399     12.1G   0.01719    0.1169 0.0005257    0.1346      1539       640    0.9905    0.9051    0.9294    0.8022   0.07092    0.9336  0.009312
   199/399     12.1G   0.01727    0.1227 0.0004491    0.1404      2964       640    0.9906    0.9041    0.9296    0.8044   0.07066    0.9277  0.009089
   200/399     12.1G   0.01863    0.1183 0.0005639    0.1375      1076       640    0.9927    0.8978    0.9234    0.7899   0.07205    0.9663    0.0111
   201/399     12.1G   0.01745    0.1258  0.000488    0.1437      2739       640    0.9927    0.9009    0.9233    0.7926   0.07231    0.9583   0.01003
   202/399     12.1G    0.0168    0.1218 0.0004875    0.1391      2238       640    0.9906    0.9049    0.9278    0.8062    0.0715    0.9498  0.009099
   203/399     12.1G   0.01792    0.1205 0.0005186    0.1389      2958       640    0.9882    0.9111     0.932    0.8101   0.07135    0.9503  0.009359
   204/399     12.1G   0.01832    0.1283 0.0005141    0.1471      3025       640    0.9794    0.9015    0.9242    0.7854   0.07193    0.9815    0.0101
   205/399     12.1G   0.01783    0.1197 0.0004251    0.1379      1850       640    0.9902     0.915    0.9314     0.785   0.07208     1.011   0.01014
   206/399     12.1G     0.019    0.1262 0.0004872    0.1456      1844       640    0.9926    0.9075    0.9278    0.7871   0.07215    0.9493   0.01044
   207/399     12.1G   0.01756    0.1129 0.0005129    0.1309      2077       640    0.9943    0.9049    0.9283    0.8026   0.07179    0.9044   0.01056
   208/399     12.1G   0.01812    0.1225 0.0005087    0.1411      2274       640    0.9959    0.8991    0.9233    0.7763   0.07244     0.927   0.01101
   209/399     12.1G   0.01837    0.1195 0.0004966    0.1383      1081       640    0.9941    0.9091    0.9278    0.8011   0.07149     0.962   0.01123
   210/399     12.1G   0.01813    0.1163 0.0005267    0.1349      2132       640    0.9894    0.9081     0.926    0.7963   0.07171    0.9642   0.01003
   211/399     12.1G   0.01888    0.1283 0.0005174    0.1477      2492       640    0.9925    0.9127    0.9273    0.8025   0.07188    0.9765   0.01023
   212/399     12.1G   0.01718    0.1183 0.0005035    0.1359      2440       640     0.999    0.9059    0.9271     0.796   0.07214    0.9353   0.01097
   213/399     12.1G   0.01624    0.1117 0.0004476    0.1283      1164       640    0.9968    0.9092      0.93    0.8008   0.07151    0.9571   0.01018
   214/399     12.1G   0.01805    0.1121 0.0005167    0.1307      1840       640    0.9959    0.9061    0.9273    0.7904   0.07204    0.9721  0.009972
   215/399     12.1G   0.01595    0.1196 0.0004597     0.136      2401       640    0.9975    0.9076     0.931     0.809   0.07161    0.9646  0.009498
   216/399     12.1G   0.01804    0.1192 0.0004819    0.1377       497       640    0.9931     0.909    0.9343    0.7867   0.07165    0.9656  0.009168
   217/399     12.1G   0.01638    0.1159 0.0003788    0.1326      2941       640    0.9957    0.9055    0.9352    0.8009   0.07126    0.9383  0.008673
   218/399     12.1G   0.01743     0.127 0.0004649    0.1449      2004       640    0.9902    0.9088    0.9319    0.8101   0.07101    0.9185  0.008485
   219/399     12.1G   0.01896    0.1251 0.0005604    0.1446      2094       640    0.9939    0.9012    0.9281    0.7873   0.07171    0.9453   0.00903
   220/399     12.1G    0.0173    0.1134 0.0004766    0.1312      1453       640    0.9972    0.8991    0.9238     0.806   0.07154    0.9565  0.009734
   221/399     12.1G   0.01721     0.112 0.0005302    0.1297      1538       640    0.9935    0.9044    0.9212    0.7865   0.07205    0.9825   0.01018
   222/399     12.1G   0.01754    0.1283 0.0005137    0.1464      2011       640     0.996    0.9045    0.9262    0.8022   0.07183    0.9796   0.01063
   223/399     12.1G   0.01723    0.1105  0.000568    0.1283      1640       640    0.9943     0.902    0.9261    0.8002   0.07186    0.9796   0.01003
   224/399     12.1G   0.01659     0.116 0.0004616     0.133      2162       640     0.994    0.9051    0.9304    0.8122   0.07152    0.9515  0.009279
   225/399     12.1G   0.01643    0.1165 0.0004728    0.1334      2023       640    0.9976    0.8936    0.9231    0.7759   0.07221    0.9333  0.008771
   226/399     12.1G   0.01681    0.1101 0.0004902    0.1274      2035       640    0.9973    0.8988    0.9262    0.7964    0.0716     0.933  0.008887
   227/399     12.1G   0.01737    0.1187 0.0005304    0.1366      2172       640    0.9939    0.9001    0.9232     0.786   0.07279    0.9504  0.009382
   228/399     12.1G   0.01709    0.1171 0.0005154    0.1347      1617       640    0.9855    0.9085    0.9271    0.8078   0.07158    0.9411  0.009895
   229/399     12.1G   0.01785    0.1243 0.0004837    0.1426      2422       640    0.9841       0.9    0.9231    0.7973   0.07202    0.9565   0.01035
   230/399     12.1G   0.01795    0.1179  0.000529    0.1364      2261       640    0.9961    0.8915    0.9225    0.8012   0.07187    0.9621   0.01109
   231/399     12.1G   0.01668    0.1162 0.0004639    0.1334      3046       640    0.9942    0.8983    0.9216    0.7921     0.072    0.9496   0.01031
   232/399     12.1G    0.0176    0.1159  0.000438    0.1339      1735       640    0.9957     0.912    0.9339    0.7962    0.0713    0.9677   0.01078
   233/399     12.1G   0.01637    0.1166 0.0004508    0.1334      1969       640    0.9959    0.9114    0.9293    0.8086   0.07124    0.9399   0.01097
   234/399     12.1G   0.01683    0.1272 0.0005254    0.1446      3420       640    0.9961    0.9091    0.9307    0.8097   0.07105    0.9686   0.01048
   235/399     12.1G   0.01699    0.1228 0.0005114    0.1403      3309       640    0.9894    0.9168    0.9342     0.807   0.07067    0.9594  0.009481
   236/399     12.1G    0.0165    0.1125 0.0004851    0.1294      2749       640    0.9872    0.9166    0.9359    0.8185   0.07075    0.9534  0.009059
   237/399     12.1G   0.01726    0.1175 0.0004736    0.1353      1958       640     0.994     0.911    0.9318    0.8152   0.07136    0.9855  0.009577
   238/399     12.1G   0.01712    0.1092 0.0005941     0.127      2311       640      0.99    0.9098    0.9276    0.7985   0.07177    0.9676  0.009307
   239/399     12.1G   0.01632    0.1152 0.0005577     0.132      2312       640    0.9855    0.9089    0.9282    0.8118   0.07142    0.9928  0.009181
   240/399     12.1G   0.01724    0.1149  0.000476    0.1326      1903       640    0.9906    0.9037     0.925    0.7994   0.07169     0.985  0.009423
   241/399     12.1G     0.016    0.1145 0.0004675    0.1309      1598       640    0.9911    0.9078    0.9314    0.8109   0.07096    0.9706  0.009332
   242/399     12.1G   0.01689    0.1132 0.0004828    0.1306      1846       640    0.9907    0.9048    0.9278    0.8125   0.07099    0.9817  0.009195
   243/399     12.1G   0.01775    0.1179 0.0005182    0.1362      2436       640    0.9973    0.9089    0.9315    0.7951   0.07157     1.019    0.0102
   244/399     12.1G   0.01643    0.1139 0.0005073    0.1308      3735       640    0.9974    0.8999    0.9271    0.8023   0.07154    0.9743  0.009988
   245/399     12.1G   0.01552     0.115 0.0004598    0.1309      1331       640    0.9904    0.9064    0.9274    0.8117   0.07121    0.9569  0.009497
   246/399     12.1G    0.0156    0.1134 0.0004704    0.1295      1353       640    0.9957     0.905    0.9304    0.8124   0.07111    0.9256  0.009168
   247/399     12.1G   0.01721    0.1117  0.000522    0.1294      1885       640    0.9953     0.907    0.9313    0.8129   0.07108    0.9516  0.009518
   248/399     12.1G   0.01743    0.1211 0.0004984    0.1391      2517       640    0.9953    0.9107     0.929    0.8139    0.0712    0.9722   0.01024
   249/399     12.1G   0.01511    0.1125 0.0004254     0.128      2572       640    0.9866    0.9167    0.9299    0.8213   0.07086    0.9763   0.00994
   250/399     12.1G    0.0158    0.1097 0.0004492     0.126      1273       640    0.9906    0.9177    0.9338    0.8159   0.07067     0.968  0.009434
   251/399     12.1G   0.01656    0.1156 0.0005228    0.1327      1206       640    0.9927    0.9112    0.9288    0.8184   0.07068    0.9704   0.00953
   252/399     12.1G   0.01602    0.1084 0.0005403    0.1249      1962       640    0.9938    0.9092    0.9283     0.821   0.07091    0.9819  0.009779
   253/399     12.1G   0.01647    0.1192 0.0005187    0.1362      2601       640    0.9881    0.9118    0.9277    0.8169   0.07139     1.009   0.01028
   254/399     12.1G   0.01577    0.1101 0.0005416    0.1264      3693       640    0.9976    0.9019    0.9274    0.8207   0.07091    0.9963  0.009797
   255/399     12.1G   0.01576    0.1187 0.0005276     0.135      1550       640    0.9856    0.9058    0.9238    0.8103   0.07103    0.9799  0.009105
   256/399     12.1G   0.01726     0.113 0.0005719    0.1308      1526       640    0.9959     0.898    0.9277    0.8154   0.07065    0.9846  0.009081
   257/399     12.1G   0.01665    0.1142 0.0004913    0.1313      1972       640    0.9903    0.9008    0.9251    0.8026   0.07143     1.013  0.009137
   258/399     12.1G   0.01659    0.1157 0.0005392    0.1328      1514       640     0.994    0.9046    0.9283     0.809   0.07113     1.012  0.009177
   259/399     12.1G   0.01636    0.1181 0.0005161     0.135      2121       640    0.9907    0.9084    0.9286    0.8091   0.07084    0.9806  0.009003
   260/399     12.1G   0.01507    0.1109 0.0004527    0.1264      1962       640    0.9892    0.9112    0.9287    0.8141   0.07086    0.9731   0.00905
   261/399     12.1G   0.01548    0.1124 0.0005235    0.1284      1596       640    0.9925    0.9033    0.9269    0.8078   0.07089    0.9803  0.008924
   262/399     12.1G   0.01551    0.1176 0.0004771    0.1336      1933       640    0.9923    0.9047     0.928    0.8188   0.07057    0.9748  0.008565
   263/399     12.1G   0.01508    0.1127 0.0004536    0.1282       784       640     0.983    0.9183    0.9297    0.8235   0.07065    0.9875  0.008515
   264/399     12.1G   0.01631    0.1156 0.0004546    0.1324       797       640    0.9814    0.9141    0.9304     0.818   0.07106    0.9867  0.008691
   265/399     12.1G   0.01756    0.1144 0.0005276    0.1325      3106       640    0.9893    0.9101    0.9291    0.8266   0.07102    0.9817  0.009348
   266/399     12.1G   0.01585    0.1156 0.0005533     0.132      2407       640    0.9924    0.9131    0.9327    0.8237   0.07096    0.9654  0.009464
   267/399     12.1G   0.01649     0.103 0.0004911      0.12      2176       640    0.9869    0.9152      0.93    0.8286   0.07089    0.9926  0.009596
   268/399     12.1G    0.0159    0.1067 0.0004536     0.123      1780       640    0.9962    0.9073    0.9316    0.8262   0.07087     1.003  0.009214
   269/399     12.1G   0.01677    0.1188  0.000435     0.136      1907       640    0.9941    0.9073    0.9303    0.8227   0.07087     1.001  0.009287
   270/399     12.1G   0.01523    0.1103 0.0005001    0.1261      2235       640    0.9954    0.9029    0.9272    0.8178   0.07101    0.9996   0.00934
   271/399     12.1G   0.01546    0.1112 0.0005301    0.1272      1121       640    0.9903    0.9101    0.9271    0.8143   0.07085    0.9943   0.00924
   272/399     12.1G   0.01535    0.1148 0.0004656    0.1306      2087       640    0.9907    0.9111    0.9302    0.8169   0.07057    0.9928  0.009443
   273/399     12.1G   0.01514    0.1232  0.000397    0.1387      1810       640    0.9958    0.9074    0.9252    0.8159   0.07084         1  0.009382
   274/399     12.1G   0.01588    0.1137 0.0005023    0.1301      2068       640    0.9975    0.9033    0.9265    0.8158   0.07086    0.9805  0.009356
   275/399     12.1G   0.01588    0.1163 0.0004995    0.1327      2698       640    0.9956    0.9044    0.9266     0.813   0.07086     1.022  0.009767
   276/399     12.1G   0.01575    0.1136 0.0004792    0.1298      1622       640    0.9899    0.9132    0.9295    0.8217   0.07064     1.028  0.009434
   277/399     12.1G   0.01615    0.1139 0.0005327    0.1306      2179       640    0.9973    0.9081     0.932    0.8252   0.07044     1.004   0.00913
   278/399     12.1G   0.01541     0.114 0.0004812    0.1299      2169       640      0.99    0.9056    0.9286    0.8259   0.07033     1.004   0.00905
   279/399     12.1G   0.01615    0.1264 0.0004793    0.1431      1796       640    0.9957    0.8967    0.9283    0.8231   0.07054     1.008  0.009319
   280/399     12.1G   0.01631    0.1133 0.0004617    0.1301      1285       640    0.9977    0.8983    0.9253     0.822   0.07113      1.03  0.009796
   281/399     12.1G   0.01532    0.1156  0.000484    0.1314      1147       640    0.9961    0.9028    0.9278    0.8257   0.07095     1.015    0.0095
   282/399     12.1G   0.01565    0.1196 0.0004514    0.1357      3234       640    0.9974    0.9065    0.9302    0.8197   0.07082     1.002  0.009762
   283/399     12.1G   0.01535    0.1102 0.0004595     0.126      2731       640    0.9953    0.9038    0.9258    0.8178   0.07095     1.028  0.009735
   284/399     12.1G   0.01512    0.1037 0.0004441    0.1193       880       640    0.9942     0.903    0.9255    0.8238   0.07044         1  0.009164
   285/399     12.1G   0.01524    0.1188 0.0005242    0.1345      2411       640    0.9944    0.9063    0.9296    0.8121   0.07045     1.005  0.008955
   286/399     12.1G   0.01591    0.1121 0.0005345    0.1285      2079       640    0.9957    0.9051    0.9297    0.8141   0.07055     1.014  0.009179
   287/399     12.1G   0.01539    0.1104 0.0004703    0.1262      1889       640    0.9884    0.9121    0.9283     0.822   0.07067     1.032  0.009336
   288/399     12.1G   0.01654     0.112 0.0004952     0.129      1796       640    0.9907    0.9087    0.9275    0.8208    0.0706    0.9888  0.009394
   289/399     12.1G    0.0154    0.1128 0.0005169    0.1287      2801       640    0.9909    0.9104    0.9258    0.8198   0.07063     1.026  0.009478
   290/399     12.1G   0.01524    0.1173 0.0005317    0.1331      2263       640    0.9959    0.9053    0.9238    0.8239   0.07054     1.013  0.009303
   291/399     12.1G   0.01518    0.1099 0.0004507    0.1255      1563       640    0.9904    0.9064    0.9259    0.8249   0.07048     1.007  0.009058
   292/399     12.1G   0.01489    0.1154 0.0004263    0.1307      1639       640    0.9908    0.9054    0.9259    0.8246   0.07022     1.021  0.008791
   293/399     12.1G   0.01503     0.115 0.0004896    0.1305       757       640    0.9939    0.9085    0.9308    0.8245   0.07015     1.013  0.008841
   294/399     12.1G   0.01486    0.1122 0.0004367    0.1275      2361       640    0.9959    0.9061    0.9314    0.8276   0.07024     1.008  0.009093
   295/399     12.1G   0.01483    0.1106 0.0005039    0.1259      1163       640    0.9887    0.9132    0.9311    0.8237   0.07049     1.027  0.009364
   296/399     12.1G   0.01537     0.114 0.0005287    0.1299      1902       640    0.9979    0.9006    0.9272    0.8226   0.07069     1.027  0.009384
   297/399     12.1G   0.01476    0.1052 0.0004406    0.1204      1342       640    0.9901    0.9024     0.924     0.805    0.0712     1.015  0.009403
   298/399     12.1G   0.01536    0.1059  0.000528    0.1217      2447       640     0.992    0.9093    0.9243     0.814   0.07107     1.043  0.009603
   299/399     12.1G   0.01547    0.1164 0.0005374    0.1324      2877       640    0.9934    0.9114    0.9289    0.8259   0.07051     1.048  0.009343
   300/399     12.1G   0.01526    0.1063 0.0004559     0.122      1978       640    0.9856    0.9157    0.9295    0.8287   0.07041     1.042  0.009042
   301/399     12.1G   0.01512    0.1104 0.0004502     0.126      1462       640    0.9861    0.9181      0.93    0.8321   0.07047     1.032  0.009341
   302/399     12.1G   0.01477    0.1099 0.0004127    0.1251      1398       640    0.9996    0.9072    0.9286    0.8324   0.07053     1.036   0.00966
   303/399     12.1G   0.01529    0.1034 0.0005259    0.1192      2023       640    0.9922     0.911    0.9275    0.8332    0.0704     1.031  0.009375
   304/399     12.1G   0.01509    0.1133 0.0005151    0.1289      1521       640    0.9883     0.913    0.9277    0.8277   0.07032     1.035   0.00897
   305/399     12.1G   0.01468    0.1141 0.0004869    0.1293      2221       640    0.9933    0.9108    0.9283    0.8251   0.07011     1.032  0.008863
   306/399     12.1G   0.01526    0.1043 0.0005409    0.1201      1378       640    0.9911     0.908    0.9251    0.8214   0.07027     1.028  0.008848
   307/399     12.1G   0.01547    0.1106 0.0005512    0.1266      2323       640    0.9954    0.8979    0.9204     0.815   0.07051     1.029  0.008887
   308/399     12.1G   0.01465    0.1104  0.000487    0.1256      2983       640    0.9988    0.8982    0.9243    0.8206   0.07008     1.042  0.008853
   309/399     12.1G   0.01503    0.1117 0.0005326    0.1272      3300       640    0.9975    0.9034    0.9283    0.8233   0.07005     1.036  0.008989
   310/399     12.1G   0.01481   0.09876 0.0004873    0.1141      1993       640    0.9956    0.9056    0.9281    0.8292   0.07005      1.05  0.009252
   311/399     12.1G   0.01527    0.1121 0.0005154    0.1279      2241       640    0.9992    0.9031    0.9269    0.8319   0.06991     1.042  0.009361
   312/399     12.1G   0.01444    0.1108 0.0004387    0.1257      2290       640    0.9902    0.9068    0.9257    0.8327   0.06998     1.038  0.009438
   313/399     12.1G   0.01436    0.1195 0.0004169    0.1342      2459       640    0.9976    0.8988    0.9241     0.825   0.07013     1.024  0.009207
   314/399     12.1G   0.01451    0.1085 0.0004944    0.1235      1350       640    0.9976    0.8985    0.9244    0.8265   0.07005     1.037     0.009
   315/399     12.1G   0.01461      0.11 0.0004957    0.1251      2054       640    0.9923    0.9043    0.9279    0.8244   0.06998     1.046  0.008831
   316/399     12.1G    0.0146    0.1131 0.0004811    0.1282      2404       640    0.9923    0.9069    0.9277    0.8257   0.06996     1.051  0.008786
   317/399     12.1G   0.01419    0.1055 0.0004611    0.1202      1437       640     0.994    0.9046    0.9267    0.8295   0.06988      1.03  0.008801
   318/399     12.1G   0.01491    0.1083 0.0004971    0.1237      1656       640    0.9885    0.9103    0.9256    0.8312   0.06996     1.031  0.009021
   319/399     12.1G   0.01422    0.1131 0.0004354    0.1277      2606       640    0.9921    0.9102    0.9281    0.8337   0.07014     1.052  0.009344
   320/399     12.1G   0.01458      0.11 0.0004898     0.125      1337       640     0.992    0.9138    0.9289    0.8327   0.07018     1.046   0.00933
   321/399     12.1G   0.01404   0.09915  0.000436    0.1136      1100       640    0.9905    0.9138    0.9287    0.8323   0.07002     1.048  0.008883
   322/399     12.1G   0.01459    0.1144 0.0004915    0.1295      1659       640    0.9922    0.9107    0.9273    0.8302   0.07004     1.048  0.008697
   323/399     12.1G   0.01454    0.1085 0.0004657    0.1235      1951       640    0.9887    0.9144    0.9267    0.8281   0.07007     1.042  0.008636
   324/399     12.1G   0.01432    0.1059  0.000504    0.1207      1353       640    0.9941     0.909    0.9255    0.8312   0.07009     1.058  0.008751
   325/399     12.1G   0.01451     0.108 0.0004691    0.1229      3264       640    0.9939    0.9063    0.9254    0.8247   0.07015     1.033  0.008656
   326/399     12.1G   0.01412    0.1157 0.0004398    0.1303      3580       640    0.9905    0.9056    0.9235    0.8288   0.07007     1.027  0.008692
   327/399     12.1G   0.01432    0.1002 0.0005182    0.1151      2149       640    0.9916    0.9055    0.9261    0.8306   0.06987     1.022  0.008725
   328/399     12.1G   0.01459    0.1164 0.0004843    0.1315      3622       640    0.9901    0.9103    0.9252    0.8283   0.06968     1.025  0.008761
   329/399     12.1G   0.01434    0.1132 0.0004631     0.128      1307       640    0.9957    0.9006    0.9246    0.8289    0.0697     1.023  0.008672
   330/399     12.1G   0.01417      0.11 0.0004246    0.1246      2062       640    0.9937    0.9086    0.9251    0.8302   0.06963     1.044  0.008784
   331/399     12.1G    0.0143    0.1099 0.0004949    0.1247      2086       640    0.9957    0.9054     0.925    0.8298   0.06971     1.041  0.008819
   332/399     12.1G   0.01461    0.1142 0.0005105    0.1293      2208       640    0.9923    0.9047    0.9253    0.8313   0.06971     1.032  0.008874
   333/399     12.1G   0.01401    0.1087 0.0004553    0.1232      1772       640     0.996    0.9048    0.9253    0.8343   0.06966     1.032  0.009018
   334/399     12.1G   0.01412    0.1064 0.0004408     0.121      2827       640    0.9956    0.9043    0.9241    0.8302   0.06997     1.069  0.009325
   335/399     12.1G   0.01432    0.1077 0.0004922    0.1225      1416       640    0.9995     0.903    0.9248    0.8324   0.06991     1.075  0.009291
   336/399     12.1G   0.01468    0.1101 0.0005074    0.1252      3478       640     0.994    0.9109    0.9296     0.827   0.06974     1.057  0.008966
   337/399     12.1G   0.01466    0.1102 0.0004383    0.1253      2626       640    0.9957    0.9068    0.9301    0.8335   0.06953     1.045  0.008877
   338/399     12.1G   0.01366    0.1067 0.0004507    0.1208      2001       640    0.9955    0.9007    0.9268    0.8331   0.06964     1.048  0.008965
   339/399     12.1G   0.01424    0.1142 0.0004729    0.1289      2023       640    0.9971    0.8981    0.9248    0.8317   0.06977     1.055  0.009206
   340/399     12.1G   0.01476    0.1078 0.0004523     0.123      1067       640    0.9951    0.9061    0.9239    0.8285   0.06975     1.048   0.00918
   341/399     12.1G    0.0141    0.1116 0.0004163    0.1261      3217       640    0.9955    0.9119    0.9227    0.8341   0.06958     1.069  0.009039
   342/399     12.1G   0.01409    0.1081 0.0004717    0.1227      2350       640    0.9953    0.9124    0.9255    0.8354   0.06946     1.051  0.008945
   343/399     12.1G   0.01351    0.1078   0.00043    0.1218      1312       640    0.9916     0.915    0.9287    0.8367   0.06965     1.048  0.009103
   344/399     12.1G   0.01407    0.1103 0.0004603    0.1248      2034       640    0.9991    0.9018     0.927    0.8241   0.06983     1.055  0.009149
   345/399     12.1G    0.0142    0.1138 0.0004786    0.1285      2402       640    0.9921     0.911    0.9287    0.8331   0.06966     1.041  0.009108
   346/399     12.1G   0.01434    0.1113 0.0004364     0.126       682       640    0.9942    0.9117    0.9304    0.8406   0.06957     1.061  0.009165
   347/399     12.1G   0.01444    0.1112 0.0004879    0.1262      2436       640    0.9978    0.9061    0.9293    0.8368   0.06946     1.056    0.0091
   348/399     12.1G    0.0139    0.1153 0.0004255    0.1296      2295       640    0.9996    0.9021    0.9275    0.8322   0.06957     1.068  0.009158
   349/399     12.1G   0.01412    0.1098 0.0004343    0.1244      3247       640    0.9997    0.9011    0.9265    0.8297   0.06954     1.059  0.009082
   350/399     12.1G     0.014    0.1057 0.0004657    0.1202      2891       640    0.9938    0.9084    0.9267    0.8311   0.06949     1.055  0.009091
   351/399     12.1G   0.01411    0.1074 0.0004762     0.122      1657       640    0.9974    0.9057    0.9259    0.8324   0.06961     1.061  0.009302
   352/399     12.1G   0.01443    0.1149 0.0004785    0.1298      2911       640    0.9976     0.905    0.9254    0.8315   0.06968     1.052  0.009338
   353/399     12.1G   0.01409    0.1075  0.000463    0.1221      1753       640    0.9955    0.9068    0.9252    0.8309   0.06978     1.058  0.009328
   354/399     12.1G   0.01389    0.1095 0.0004536    0.1238      2150       640    0.9935    0.9064    0.9242    0.8297   0.06986     1.056  0.009229
   355/399     12.1G   0.01415    0.1047  0.000481    0.1193      2156       640    0.9957    0.9045    0.9231    0.8272   0.06984     1.045  0.008962
   356/399     12.1G   0.01418    0.1102 0.0005046    0.1249      3017       640    0.9958    0.9071    0.9245    0.8315   0.06959     1.066  0.008837
   357/399     12.1G   0.01359    0.1054 0.0004972    0.1195      2078       640    0.9979    0.9027     0.924    0.8293   0.06953     1.067  0.008766
   358/399     12.1G   0.01406    0.1135 0.0005278    0.1281      1663       640    0.9974     0.901    0.9254    0.8313   0.06964     1.074  0.008854
   359/399     12.1G   0.01422     0.108    0.0005    0.1228      2493       640    0.9924     0.904    0.9265    0.8298   0.06968     1.081  0.009028
   360/399     12.1G   0.01352    0.1149 0.0004232    0.1288      1887       640    0.9926    0.9045    0.9279    0.8325   0.06965     1.068  0.009226
   361/399     12.1G    0.0139    0.1064 0.0004965    0.1208      2910       640    0.9889    0.9057     0.926     0.835   0.06959     1.072  0.009194
   362/399     12.1G   0.01361    0.1051 0.0004808    0.1192      1085       640    0.9962    0.9006    0.9244    0.8349    0.0695     1.062  0.009133
   363/399     12.1G   0.01432    0.1083  0.000508    0.1232      1964       640     0.996    0.9008    0.9253    0.8322   0.06951      1.06  0.009161
   364/399     12.1G    0.0145    0.1072 0.0005211    0.1223      1979       640    0.9958    0.8999     0.924    0.8322   0.06955      1.08  0.009262
   365/399     12.1G   0.01466    0.1192 0.0005228    0.1344      3165       640    0.9978    0.8993    0.9238    0.8317   0.06948     1.091  0.009258
   366/399     12.1G   0.01377    0.1027 0.0004281    0.1169      1598       640    0.9958    0.9006    0.9237    0.8341   0.06942     1.072  0.009079
   367/399     12.1G   0.01402    0.1096 0.0004896    0.1241      1573       640    0.9957     0.901    0.9238    0.8336   0.06943     1.054     0.009
   368/399     12.1G    0.0149     0.106 0.0005367    0.1214      3411       640    0.9919    0.9064    0.9259    0.8333   0.06961     1.072  0.009065
   369/399     12.1G   0.01384    0.1061 0.0004434    0.1203       771       640    0.9974    0.9002    0.9257    0.8314   0.06967     1.082  0.009021
   370/399     12.1G   0.01355    0.1074  0.000395    0.1213      1634       640     0.992    0.9057    0.9259    0.8309   0.06954     1.074  0.008989
   371/399     12.1G   0.01423    0.1121 0.0004292    0.1267      2621       640    0.9997    0.8967    0.9268    0.8325   0.06947     1.052  0.008869
   372/399     12.1G   0.01414    0.1178 0.0004552    0.1324      1600       640    0.9905    0.9056    0.9274    0.8345   0.06955     1.059  0.008848
   373/399     12.1G   0.01368    0.1127 0.0004173    0.1268      2531       640     0.984    0.9142    0.9273    0.8337   0.06951     1.075    0.0088
   374/399     12.1G   0.01412    0.1098 0.0004954    0.1244      1929       640    0.9916     0.905    0.9254    0.8317   0.06949     1.083  0.008745
   375/399     12.1G   0.01383    0.1135 0.0004392    0.1278      2897       640    0.9992       0.9    0.9269    0.8324   0.06958      1.08  0.008818
   376/399     12.1G   0.01436    0.1103 0.0004845    0.1251      2656       640    0.9971    0.9018    0.9269    0.8311    0.0697     1.072  0.008997
   377/399     12.1G   0.01396    0.1105 0.0004673    0.1249      1842       640      0.99     0.904    0.9279    0.8334   0.06976     1.076  0.009238
   378/399     12.1G   0.01414    0.1115  0.000471    0.1261      2143       640    0.9866    0.9062     0.927    0.8319   0.06979      1.08  0.009198
   379/399     12.1G   0.01463    0.1013 0.0005256    0.1164      1575       640    0.9903    0.9048    0.9265    0.8329   0.06976      1.09  0.009098
   380/399     12.1G   0.01395     0.115 0.0004675    0.1294      2889       640     0.998    0.8976    0.9252    0.8361   0.06967     1.073  0.009105
   381/399     12.1G   0.01349    0.1121 0.0004548    0.1261      1918       640    0.9888     0.909    0.9263    0.8362   0.06957     1.069  0.009143
   382/399     12.1G   0.01413    0.1166  0.000474    0.1312      3307       640    0.9888    0.9108    0.9284    0.8371   0.06941     1.087  0.009067
   383/399     12.1G   0.01359    0.1146 0.0004404    0.1286      1463       640    0.9976    0.9045    0.9298    0.8379   0.06933     1.077  0.009041
   384/399     12.1G   0.01398    0.1082  0.000482    0.1226      2641       640    0.9923    0.9087    0.9295    0.8361   0.06935     1.071  0.009094
   385/399     12.1G   0.01425    0.1089 0.0004905    0.1236      1628       640    0.9942    0.9057     0.928     0.839   0.06936     1.059  0.009109
   386/399     12.1G   0.01394    0.1032  0.000502    0.1176      3282       640    0.9922    0.9088    0.9275    0.8362   0.06945      1.07  0.009042
   387/399     12.1G   0.01354    0.1035  0.000455    0.1175      1851       640    0.9918     0.909    0.9263    0.8339   0.06967     1.085  0.009041
   388/399     12.1G    0.0138    0.1106 0.0004601    0.1249      2196       640    0.9953    0.9069     0.926    0.8321   0.06977     1.092   0.00912
   389/399     12.1G   0.01337   0.09915 0.0004497     0.113      1302       640    0.9954    0.9041    0.9264    0.8337   0.06969     1.091  0.009204
   390/399     12.1G   0.01396    0.1078 0.0004716    0.1222      2197       640    0.9996     0.901    0.9273    0.8346    0.0696     1.073  0.009239
   391/399     12.1G   0.01404    0.1045 0.0005284    0.1191       984       640    0.9866    0.9102    0.9269    0.8355    0.0696     1.084  0.009213
   392/399     12.1G    0.0139    0.1069 0.0005226    0.1213      2621       640     0.994    0.9052    0.9272    0.8374   0.06945     1.105  0.009099
   393/399     12.1G   0.01402   0.09997 0.0005198    0.1145      1297       640    0.9941    0.9064    0.9269    0.8353   0.06925     1.089  0.009026
   394/399     12.1G   0.01449     0.108 0.0005304     0.123      1642       640    0.9941    0.9055     0.926    0.8367   0.06924     1.079  0.008947
   395/399     12.1G   0.01357    0.1052 0.0004424    0.1192      1709       640    0.9918    0.9099    0.9269    0.8349   0.06937     1.074  0.009018
   396/399     12.1G   0.01409    0.1198 0.0004619    0.1344      2481       640    0.9942    0.9067    0.9282    0.8392   0.06947     1.097   0.00921
   397/399     12.1G   0.01347    0.1116 0.0004802    0.1256      1367       640    0.9941    0.9076    0.9293    0.8412   0.06942     1.083  0.009286
   398/399     12.1G   0.01441    0.1142 0.0004494     0.129      2900       640    0.9942    0.9068    0.9296      0.84   0.06939     1.081  0.009309
   399/399     12.1G   0.01357    0.1069 0.0004469    0.1209      2623       640    0.9942     0.907    0.9294    0.8399   0.06939     1.091  0.009215
