0 0.782813 0.220833 0.100000 0.133333
0 0.392188 0.335417 0.100000 0.133333
0 0.331250 0.237500 0.100000 0.133333
0 0.182812 0.089583 0.100000 0.133333
0 0.795312 0.262500 0.100000 0.133333
0 0.510938 0.637500 0.100000 0.133333
0 0.596875 0.647917 0.100000 0.133333
0 0.426563 0.406250 0.100000 0.133333
0 0.876563 0.656250 0.100000 0.133333
0 0.795312 0.331250 0.100000 0.133333
0 0.140625 0.385417 0.100000 0.133333
0 0.390625 0.352083 0.100000 0.133333
0 0.298438 0.606250 0.100000 0.133333
0 0.328125 0.152083 0.100000 0.133333
0 0.753125 0.197917 0.100000 0.133333
0 0.837500 0.845833 0.100000 0.133333
0 0.740625 0.241667 0.100000 0.133333
0 0.807813 0.487500 0.100000 0.133333
0 0.507812 0.400000 0.100000 0.133333
0 0.512500 0.087500 0.100000 0.133333
0 0.385937 0.458333 0.100000 0.133333
0 0.153125 0.143750 0.100000 0.133333
0 0.146875 0.531250 0.100000 0.133333
0 0.767188 0.704167 0.100000 0.133333
0 0.648438 0.518750 0.100000 0.133333
0 0.306250 0.487500 0.100000 0.133333
0 0.592187 0.387500 0.100000 0.133333
0 0.787500 0.522917 0.100000 0.133333
0 0.484375 0.385417 0.100000 0.133333
0 0.706250 0.337500 0.100000 0.133333
0 0.320312 0.366667 0.100000 0.133333
0 0.851562 0.158333 0.100000 0.133333
0 0.881250 0.564583 0.100000 0.133333
0 0.165625 0.497917 0.100000 0.133333
0 0.187500 0.525000 0.100000 0.133333
0 0.207813 0.375000 0.100000 0.133333
0 0.189062 0.350000 0.100000 0.133333
0 0.900000 0.593750 0.100000 0.133333
0 0.126562 0.518750 0.100000 0.133333
0 0.648438 0.425000 0.100000 0.133333
0 0.137500 0.439583 0.100000 0.133333
0 0.581250 0.485417 0.100000 0.133333
0 0.168750 0.877083 0.100000 0.133333
0 0.151562 0.125000 0.100000 0.133333
0 0.678125 0.522917 0.100000 0.133333
0 0.367188 0.416667 0.100000 0.133333
0 0.154688 0.070833 0.100000 0.133333
0 0.862500 0.122917 0.100000 0.133333
0 0.812500 0.845833 0.100000 0.133333
0 0.632812 0.591667 0.100000 0.133333
0 0.346875 0.162500 0.100000 0.133333
0 0.770312 0.350000 0.100000 0.133333
0 0.360938 0.535417 0.100000 0.133333
0 0.464062 0.383333 0.100000 0.133333
0 0.739062 0.235417 0.100000 0.133333
0 0.889062 0.229167 0.100000 0.133333
0 0.487500 0.156250 0.100000 0.133333
0 0.870313 0.566667 0.100000 0.133333
0 0.781250 0.375000 0.100000 0.133333
0 0.662500 0.666667 0.100000 0.133333
0 0.521875 0.466667 0.100000 0.133333
0 0.137500 0.100000 0.100000 0.133333
0 0.375000 0.408333 0.100000 0.133333
0 0.282813 0.304167 0.100000 0.133333
0 0.695312 0.520833 0.100000 0.133333
0 0.114062 0.318750 0.100000 0.133333
0 0.370312 0.422917 0.100000 0.133333
0 0.282813 0.812500 0.100000 0.133333
0 0.882812 0.102083 0.100000 0.133333
0 0.250000 0.212500 0.100000 0.133333
0 0.376563 0.508333 0.100000 0.133333
0 0.815625 0.733333 0.100000 0.133333
0 0.459375 0.668750 0.100000 0.133333
0 0.284375 0.852083 0.100000 0.133333
0 0.360938 0.731250 0.100000 0.133333
0 0.425000 0.689583 0.100000 0.133333
0 0.165625 0.079167 0.100000 0.133333
0 0.375000 0.150000 0.100000 0.133333
0 0.410938 0.204167 0.100000 0.133333
0 0.837500 0.787500 0.100000 0.133333
0 0.717187 0.160417 0.100000 0.133333
0 0.489063 0.362500 0.100000 0.133333
0 0.589063 0.620833 0.100000 0.133333
0 0.460938 0.277083 0.100000 0.133333
0 0.709375 0.331250 0.100000 0.133333
0 0.804688 0.410417 0.100000 0.133333
0 0.735938 0.310417 0.100000 0.133333
0 0.692187 0.297917 0.100000 0.133333
0 0.450000 0.627083 0.100000 0.133333
0 0.390625 0.212500 0.100000 0.133333
0 0.592187 0.777083 0.100000 0.133333
0 0.893750 0.312500 0.100000 0.133333
0 0.151562 0.791667 0.100000 0.133333
0 0.748437 0.335417 0.100000 0.133333
0 0.457813 0.314583 0.100000 0.133333
0 0.445312 0.141667 0.100000 0.133333
0 0.315625 0.616667 0.100000 0.133333
0 0.690625 0.387500 0.100000 0.133333
0 0.521875 0.768750 0.100000 0.133333
0 0.412500 0.577083 0.100000 0.133333
0 0.875000 0.781250 0.100000 0.133333
0 0.842187 0.379167 0.100000 0.133333
0 0.442188 0.664583 0.100000 0.133333
0 0.640625 0.643750 0.100000 0.133333
0 0.415625 0.441667 0.100000 0.133333
0 0.209375 0.404167 0.100000 0.133333
0 0.103125 0.554167 0.100000 0.133333
0 0.535937 0.237500 0.100000 0.133333
0 0.729688 0.879167 0.100000 0.133333
0 0.401562 0.129167 0.100000 0.133333
0 0.590625 0.852083 0.100000 0.133333
0 0.287500 0.104167 0.100000 0.133333
0 0.631250 0.464583 0.100000 0.133333
0 0.667188 0.462500 0.100000 0.133333
0 0.482812 0.489583 0.100000 0.133333
0 0.696875 0.245833 0.100000 0.133333
0 0.420312 0.250000 0.100000 0.133333
0 0.679688 0.550000 0.100000 0.133333
0 0.125000 0.381250 0.100000 0.133333
0 0.623437 0.197917 0.100000 0.133333
0 0.314063 0.831250 0.100000 0.133333
0 0.668750 0.112500 0.100000 0.133333
0 0.412500 0.850000 0.100000 0.133333
0 0.379688 0.185417 0.100000 0.133333
0 0.450000 0.420833 0.100000 0.133333
0 0.512500 0.562500 0.100000 0.133333
0 0.215625 0.752083 0.100000 0.133333
0 0.707812 0.258333 0.100000 0.133333
0 0.618750 0.206250 0.100000 0.133333
0 0.900000 0.245833 0.100000 0.133333
0 0.764062 0.870833 0.100000 0.133333
0 0.743750 0.512500 0.100000 0.133333
0 0.757812 0.343750 0.100000 0.133333
0 0.471875 0.112500 0.100000 0.133333
0 0.656250 0.291667 0.100000 0.133333
0 0.303125 0.218750 0.100000 0.133333
0 0.865625 0.279167 0.100000 0.133333
0 0.243750 0.568750 0.100000 0.133333
0 0.503125 0.602083 0.100000 0.133333
0 0.728125 0.110417 0.100000 0.133333
0 0.859375 0.070833 0.100000 0.133333
0 0.179688 0.639583 0.100000 0.133333
0 0.559375 0.322917 0.100000 0.133333
0 0.431250 0.252083 0.100000 0.133333
0 0.192188 0.435417 0.100000 0.133333
0 0.373437 0.377083 0.100000 0.133333
0 0.868750 0.087500 0.100000 0.133333
0 0.348438 0.687500 0.100000 0.133333
0 0.826562 0.183333 0.100000 0.133333
0 0.298438 0.341667 0.100000 0.133333
1 0.860938 0.093750 0.100000 0.133333
1 0.218750 0.187500 0.100000 0.133333
1 0.348438 0.862500 0.100000 0.133333
1 0.326562 0.366667 0.100000 0.133333
1 0.684375 0.579167 0.100000 0.133333
