0 0.431250 0.702083 0.100000 0.133333
0 0.190625 0.445833 0.100000 0.133333
0 0.343750 0.887500 0.100000 0.133333
0 0.823438 0.808333 0.100000 0.133333
0 0.410938 0.341667 0.100000 0.133333
0 0.425000 0.487500 0.100000 0.133333
0 0.448437 0.810417 0.100000 0.133333
0 0.351562 0.404167 0.100000 0.133333
0 0.642188 0.750000 0.100000 0.133333
0 0.248438 0.227083 0.100000 0.133333
0 0.700000 0.516667 0.100000 0.133333
0 0.882812 0.633333 0.100000 0.133333
0 0.226562 0.479167 0.100000 0.133333
0 0.265625 0.714583 0.100000 0.133333
0 0.125000 0.739583 0.100000 0.133333
0 0.437500 0.775000 0.100000 0.133333
0 0.684375 0.108333 0.100000 0.133333
0 0.654687 0.687500 0.100000 0.133333
0 0.196875 0.464583 0.100000 0.133333
0 0.198437 0.841667 0.100000 0.133333
0 0.376563 0.575000 0.100000 0.133333
0 0.859375 0.400000 0.100000 0.133333
0 0.692187 0.068750 0.100000 0.133333
0 0.890625 0.072917 0.100000 0.133333
0 0.160938 0.700000 0.100000 0.133333
0 0.298438 0.610417 0.100000 0.133333
0 0.865625 0.860417 0.100000 0.133333
0 0.440625 0.304167 0.100000 0.133333
0 0.795312 0.856250 0.100000 0.133333
0 0.535937 0.162500 0.100000 0.133333
0 0.600000 0.604167 0.100000 0.133333
0 0.778125 0.283333 0.100000 0.133333
0 0.532813 0.506250 0.100000 0.133333
0 0.245312 0.691667 0.100000 0.133333
0 0.173437 0.789583 0.100000 0.133333
0 0.412500 0.881250 0.100000 0.133333
0 0.150000 0.554167 0.100000 0.133333
0 0.468750 0.116667 0.100000 0.133333
0 0.462500 0.487500 0.100000 0.133333
0 0.746875 0.591667 0.100000 0.133333
0 0.668750 0.550000 0.100000 0.133333
0 0.296875 0.150000 0.100000 0.133333
0 0.451562 0.462500 0.100000 0.133333
0 0.737500 0.868750 0.100000 0.133333
0 0.320312 0.193750 0.100000 0.133333
0 0.234375 0.304167 0.100000 0.133333
0 0.507812 0.216667 0.100000 0.133333
0 0.820312 0.593750 0.100000 0.133333
0 0.234375 0.325000 0.100000 0.133333
0 0.132812 0.881250 0.100000 0.133333
0 0.237500 0.716667 0.100000 0.133333
0 0.884375 0.254167 0.100000 0.133333
0 0.251563 0.731250 0.100000 0.133333
0 0.429688 0.208333 0.100000 0.133333
0 0.185938 0.518750 0.100000 0.133333
0 0.615625 0.454167 0.100000 0.133333
0 0.748437 0.581250 0.100000 0.133333
0 0.384375 0.727083 0.100000 0.133333
0 0.867188 0.229167 0.100000 0.133333
0 0.517188 0.464583 0.100000 0.133333
0 0.878125 0.354167 0.100000 0.133333
0 0.603125 0.175000 0.100000 0.133333
0 0.646875 0.658333 0.100000 0.133333
0 0.206250 0.783333 0.100000 0.133333
0 0.876563 0.360417 0.100000 0.133333
0 0.407813 0.868750 0.100000 0.133333
0 0.618750 0.375000 0.100000 0.133333
0 0.214062 0.416667 0.100000 0.133333
0 0.442188 0.262500 0.100000 0.133333
0 0.190625 0.812500 0.100000 0.133333
0 0.785937 0.727083 0.100000 0.133333
0 0.367188 0.620833 0.100000 0.133333
0 0.704688 0.841667 0.100000 0.133333
0 0.439063 0.091667 0.100000 0.133333
0 0.382812 0.654167 0.100000 0.133333
0 0.564063 0.250000 0.100000 0.133333
0 0.157812 0.670833 0.100000 0.133333
0 0.446875 0.870833 0.100000 0.133333
0 0.220312 0.304167 0.100000 0.133333
0 0.140625 0.129167 0.100000 0.133333
0 0.600000 0.820833 0.100000 0.133333
0 0.242188 0.841667 0.100000 0.133333
0 0.723437 0.427083 0.100000 0.133333
0 0.217188 0.504167 0.100000 0.133333
0 0.498437 0.208333 0.100000 0.133333
0 0.339062 0.589583 0.100000 0.133333
0 0.442188 0.072917 0.100000 0.133333
0 0.118750 0.502083 0.100000 0.133333
0 0.176563 0.854167 0.100000 0.133333
0 0.517188 0.475000 0.100000 0.133333
0 0.601562 0.354167 0.100000 0.133333
0 0.610938 0.710417 0.100000 0.133333
0 0.290625 0.743750 0.100000 0.133333
0 0.134375 0.822917 0.100000 0.133333
0 0.650000 0.718750 0.100000 0.133333
0 0.354687 0.479167 0.100000 0.133333
0 0.689063 0.158333 0.100000 0.133333
0 0.303125 0.120833 0.100000 0.133333
0 0.326562 0.295833 0.100000 0.133333
0 0.429688 0.795833 0.100000 0.133333
0 0.803125 0.091667 0.100000 0.133333
0 0.310937 0.433333 0.100000 0.133333
0 0.898438 0.150000 0.100000 0.133333
0 0.678125 0.800000 0.100000 0.133333
0 0.495312 0.206250 0.100000 0.133333
0 0.650000 0.835417 0.100000 0.133333
0 0.821875 0.747917 0.100000 0.133333
0 0.282813 0.881250 0.100000 0.133333
0 0.629687 0.191667 0.100000 0.133333
0 0.896875 0.891667 0.100000 0.133333
0 0.834375 0.537500 0.100000 0.133333
0 0.310937 0.406250 0.100000 0.133333
0 0.843750 0.141667 0.100000 0.133333
0 0.342187 0.383333 0.100000 0.133333
0 0.487500 0.597917 0.100000 0.133333
0 0.412500 0.677083 0.100000 0.133333
0 0.365625 0.079167 0.100000 0.133333
0 0.143750 0.177083 0.100000 0.133333
0 0.440625 0.404167 0.100000 0.133333
0 0.817187 0.400000 0.100000 0.133333
0 0.876563 0.529167 0.100000 0.133333
0 0.575000 0.681250 0.100000 0.133333
0 0.406250 0.372917 0.100000 0.133333
0 0.181250 0.106250 0.100000 0.133333
0 0.700000 0.183333 0.100000 0.133333
0 0.523438 0.589583 0.100000 0.133333
0 0.895312 0.422917 0.100000 0.133333
0 0.531250 0.616667 0.100000 0.133333
0 0.778125 0.737500 0.100000 0.133333
0 0.809375 0.643750 0.100000 0.133333
0 0.537500 0.131250 0.100000 0.133333
0 0.895312 0.833333 0.100000 0.133333
0 0.596875 0.095833 0.100000 0.133333
0 0.700000 0.083333 0.100000 0.133333
0 0.679688 0.500000 0.100000 0.133333
0 0.185938 0.539583 0.100000 0.133333
0 0.837500 0.364583 0.100000 0.133333
0 0.621875 0.335417 0.100000 0.133333
0 0.265625 0.652083 0.100000 0.133333
0 0.131250 0.687500 0.100000 0.133333
0 0.729688 0.381250 0.100000 0.133333
0 0.171875 0.835417 0.100000 0.133333
0 0.696875 0.108333 0.100000 0.133333
0 0.357812 0.329167 0.100000 0.133333
0 0.678125 0.254167 0.100000 0.133333
0 0.867188 0.881250 0.100000 0.133333
0 0.179688 0.595833 0.100000 0.133333
0 0.792188 0.370833 0.100000 0.133333
0 0.462500 0.495833 0.100000 0.133333
0 0.489063 0.675000 0.100000 0.133333
1 0.775000 0.885417 0.100000 0.133333
1 0.078125 0.931250 0.100000 0.133333
1 0.187500 0.306250 0.100000 0.133333
1 0.615625 0.664583 0.100000 0.133333
1 0.882812 0.731250 0.100000 0.133333
