0 0.504687 0.208333 0.100000 0.133333
0 0.223438 0.104167 0.100000 0.133333
0 0.589063 0.581250 0.100000 0.133333
0 0.195312 0.231250 0.100000 0.133333
0 0.504687 0.581250 0.100000 0.133333
0 0.254688 0.737500 0.100000 0.133333
0 0.506250 0.756250 0.100000 0.133333
0 0.346875 0.343750 0.100000 0.133333
0 0.404687 0.837500 0.100000 0.133333
0 0.296875 0.310417 0.100000 0.133333
0 0.585938 0.281250 0.100000 0.133333
0 0.448437 0.133333 0.100000 0.133333
0 0.467187 0.325000 0.100000 0.133333
0 0.365625 0.508333 0.100000 0.133333
0 0.607812 0.135417 0.100000 0.133333
0 0.573438 0.533333 0.100000 0.133333
0 0.242188 0.212500 0.100000 0.133333
0 0.400000 0.652083 0.100000 0.133333
0 0.214062 0.225000 0.100000 0.133333
0 0.142187 0.872917 0.100000 0.133333
0 0.159375 0.252083 0.100000 0.133333
0 0.839063 0.102083 0.100000 0.133333
0 0.853125 0.556250 0.100000 0.133333
0 0.429688 0.768750 0.100000 0.133333
0 0.496875 0.550000 0.100000 0.133333
0 0.506250 0.208333 0.100000 0.133333
0 0.639062 0.506250 0.100000 0.133333
0 0.335938 0.260417 0.100000 0.133333
0 0.357812 0.408333 0.100000 0.133333
0 0.785937 0.837500 0.100000 0.133333
0 0.635938 0.422917 0.100000 0.133333
0 0.853125 0.664583 0.100000 0.133333
0 0.129688 0.300000 0.100000 0.133333
0 0.573438 0.460417 0.100000 0.133333
0 0.721875 0.477083 0.100000 0.133333
0 0.879687 0.575000 0.100000 0.133333
0 0.735938 0.085417 0.100000 0.133333
0 0.517188 0.693750 0.100000 0.133333
0 0.768750 0.850000 0.100000 0.133333
0 0.867188 0.120833 0.100000 0.133333
0 0.351562 0.218750 0.100000 0.133333
0 0.639062 0.472917 0.100000 0.133333
0 0.354687 0.837500 0.100000 0.133333
0 0.328125 0.100000 0.100000 0.133333
0 0.618750 0.070833 0.100000 0.133333
0 0.771875 0.472917 0.100000 0.133333
0 0.646875 0.593750 0.100000 0.133333
0 0.851562 0.570833 0.100000 0.133333
0 0.539062 0.433333 0.100000 0.133333
0 0.545312 0.335417 0.100000 0.133333
0 0.762500 0.404167 0.100000 0.133333
0 0.537500 0.522917 0.100000 0.133333
0 0.623437 0.131250 0.100000 0.133333
0 0.335938 0.150000 0.100000 0.133333
0 0.198437 0.718750 0.100000 0.133333
0 0.593750 0.779167 0.100000 0.133333
0 0.414062 0.214583 0.100000 0.133333
0 0.175000 0.402083 0.100000 0.133333
0 0.748437 0.108333 0.100000 0.133333
0 0.389062 0.275000 0.100000 0.133333
0 0.570312 0.337500 0.100000 0.133333
0 0.484375 0.262500 0.100000 0.133333
0 0.667188 0.337500 0.100000 0.133333
0 0.584375 0.743750 0.100000 0.133333
0 0.793750 0.452083 0.100000 0.133333
0 0.273438 0.435417 0.100000 0.133333
0 0.784375 0.818750 0.100000 0.133333
0 0.607812 0.322917 0.100000 0.133333
0 0.673438 0.252083 0.100000 0.133333
0 0.200000 0.770833 0.100000 0.133333
0 0.275000 0.160417 0.100000 0.133333
0 0.567187 0.758333 0.100000 0.133333
0 0.198437 0.343750 0.100000 0.133333
0 0.656250 0.775000 0.100000 0.133333
0 0.342187 0.229167 0.100000 0.133333
0 0.557813 0.145833 0.100000 0.133333
0 0.298438 0.089583 0.100000 0.133333
0 0.156250 0.208333 0.100000 0.133333
0 0.778125 0.414583 0.100000 0.133333
0 0.178125 0.481250 0.100000 0.133333
0 0.682813 0.800000 0.100000 0.133333
0 0.715625 0.520833 0.100000 0.133333
0 0.273438 0.770833 0.100000 0.133333
0 0.535937 0.372917 0.100000 0.133333
0 0.606250 0.189583 0.100000 0.133333
0 0.879687 0.314583 0.100000 0.133333
0 0.432812 0.466667 0.100000 0.133333
0 0.403125 0.729167 0.100000 0.133333
0 0.807813 0.202083 0.100000 0.133333
0 0.531250 0.481250 0.100000 0.133333
0 0.451562 0.729167 0.100000 0.133333
0 0.485938 0.256250 0.100000 0.133333
0 0.267188 0.158333 0.100000 0.133333
0 0.571875 0.583333 0.100000 0.133333
0 0.526563 0.243750 0.100000 0.133333
0 0.812500 0.237500 0.100000 0.133333
0 0.173437 0.658333 0.100000 0.133333
0 0.882812 0.708333 0.100000 0.133333
0 0.620313 0.562500 0.100000 0.133333
0 0.203125 0.700000 0.100000 0.133333
0 0.240625 0.125000 0.100000 0.133333
0 0.435937 0.079167 0.100000 0.133333
0 0.851562 0.489583 0.100000 0.133333
0 0.318750 0.664583 0.100000 0.133333
0 0.179688 0.300000 0.100000 0.133333
0 0.162500 0.125000 0.100000 0.133333
0 0.589063 0.425000 0.100000 0.133333
0 0.393750 0.791667 0.100000 0.133333
0 0.668750 0.566667 0.100000 0.133333
0 0.551562 0.408333 0.100000 0.133333
0 0.631250 0.141667 0.100000 0.133333
0 0.195312 0.156250 0.100000 0.133333
0 0.484375 0.525000 0.100000 0.133333
0 0.265625 0.495833 0.100000 0.133333
0 0.257812 0.345833 0.100000 0.133333
0 0.253125 0.702083 0.100000 0.133333
0 0.562500 0.739583 0.100000 0.133333
0 0.296875 0.129167 0.100000 0.133333
0 0.671875 0.185417 0.100000 0.133333
0 0.129688 0.637500 0.100000 0.133333
0 0.465625 0.750000 0.100000 0.133333
0 0.304688 0.168750 0.100000 0.133333
0 0.257812 0.862500 0.100000 0.133333
0 0.714063 0.197917 0.100000 0.133333
0 0.671875 0.833333 0.100000 0.133333
0 0.295312 0.297917 0.100000 0.133333
0 0.709375 0.458333 0.100000 0.133333
0 0.293750 0.337500 0.100000 0.133333
0 0.650000 0.252083 0.100000 0.133333
0 0.150000 0.597917 0.100000 0.133333
0 0.328125 0.808333 0.100000 0.133333
0 0.279687 0.391667 0.100000 0.133333
0 0.434375 0.260417 0.100000 0.133333
0 0.106250 0.689583 0.100000 0.133333
0 0.671875 0.400000 0.100000 0.133333
0 0.893750 0.491667 0.100000 0.133333
0 0.350000 0.291667 0.100000 0.133333
0 0.770312 0.168750 0.100000 0.133333
0 0.512500 0.875000 0.100000 0.133333
0 0.173437 0.618750 0.100000 0.133333
0 0.809375 0.337500 0.100000 0.133333
0 0.521875 0.510417 0.100000 0.133333
0 0.229687 0.545833 0.100000 0.133333
0 0.510938 0.829167 0.100000 0.133333
0 0.421875 0.504167 0.100000 0.133333
0 0.487500 0.308333 0.100000 0.133333
0 0.179688 0.691667 0.100000 0.133333
0 0.485938 0.133333 0.100000 0.133333
0 0.425000 0.483333 0.100000 0.133333
0 0.862500 0.352083 0.100000 0.133333
1 0.754687 0.495833 0.100000 0.133333
1 0.051562 0.839583 0.100000 0.133333
1 0.228125 0.925000 0.100000 0.133333
1 0.740625 0.670833 0.100000 0.133333
1 0.606250 0.381250 0.100000 0.133333
