0 0.201563 0.145833 0.100000 0.133333
0 0.660937 0.410417 0.100000 0.133333
0 0.689063 0.768750 0.100000 0.133333
0 0.456250 0.183333 0.100000 0.133333
0 0.260937 0.889583 0.100000 0.133333
0 0.660937 0.079167 0.100000 0.133333
0 0.489063 0.139583 0.100000 0.133333
0 0.262500 0.370833 0.100000 0.133333
0 0.789062 0.416667 0.100000 0.133333
0 0.617188 0.645833 0.100000 0.133333
0 0.376563 0.856250 0.100000 0.133333
0 0.539062 0.137500 0.100000 0.133333
0 0.479687 0.397917 0.100000 0.133333
0 0.428125 0.243750 0.100000 0.133333
0 0.653125 0.500000 0.100000 0.133333
0 0.379688 0.181250 0.100000 0.133333
0 0.701562 0.087500 0.100000 0.133333
0 0.528125 0.077083 0.100000 0.133333
0 0.678125 0.289583 0.100000 0.133333
0 0.589063 0.554167 0.100000 0.133333
0 0.312500 0.608333 0.100000 0.133333
0 0.365625 0.770833 0.100000 0.133333
0 0.210938 0.450000 0.100000 0.133333
0 0.654687 0.631250 0.100000 0.133333
0 0.190625 0.550000 0.100000 0.133333
0 0.793750 0.381250 0.100000 0.133333
0 0.623437 0.197917 0.100000 0.133333
0 0.543750 0.764583 0.100000 0.133333
0 0.350000 0.770833 0.100000 0.133333
0 0.517188 0.185417 0.100000 0.133333
0 0.684375 0.187500 0.100000 0.133333
0 0.634375 0.889583 0.100000 0.133333
0 0.373437 0.093750 0.100000 0.133333
0 0.364063 0.204167 0.100000 0.133333
0 0.206250 0.462500 0.100000 0.133333
0 0.151562 0.431250 0.100000 0.133333
0 0.760938 0.535417 0.100000 0.133333
0 0.701562 0.068750 0.100000 0.133333
0 0.231250 0.595833 0.100000 0.133333
0 0.850000 0.643750 0.100000 0.133333
0 0.485938 0.106250 0.100000 0.133333
0 0.303125 0.712500 0.100000 0.133333
0 0.568750 0.708333 0.100000 0.133333
0 0.885938 0.368750 0.100000 0.133333
0 0.387500 0.537500 0.100000 0.133333
0 0.681250 0.466667 0.100000 0.133333
0 0.171875 0.220833 0.100000 0.133333
0 0.239063 0.352083 0.100000 0.133333
0 0.706250 0.537500 0.100000 0.133333
0 0.790625 0.160417 0.100000 0.133333
0 0.187500 0.135417 0.100000 0.133333
0 0.714063 0.550000 0.100000 0.133333
0 0.457813 0.520833 0.100000 0.133333
0 0.112500 0.777083 0.100000 0.133333
0 0.490625 0.114583 0.100000 0.133333
0 0.293750 0.797917 0.100000 0.133333
0 0.432812 0.612500 0.100000 0.133333
0 0.493750 0.402083 0.100000 0.133333
0 0.290625 0.783333 0.100000 0.133333
0 0.821875 0.104167 0.100000 0.133333
0 0.217188 0.616667 0.100000 0.133333
0 0.270313 0.368750 0.100000 0.133333
0 0.285938 0.454167 0.100000 0.133333
0 0.639062 0.218750 0.100000 0.133333
0 0.114062 0.272917 0.100000 0.133333
0 0.645312 0.133333 0.100000 0.133333
0 0.193750 0.660417 0.100000 0.133333
0 0.575000 0.656250 0.100000 0.133333
0 0.328125 0.375000 0.100000 0.133333
0 0.410938 0.127083 0.100000 0.133333
0 0.270313 0.647917 0.100000 0.133333
0 0.567187 0.252083 0.100000 0.133333
0 0.492188 0.575000 0.100000 0.133333
0 0.754687 0.585417 0.100000 0.133333
0 0.671875 0.783333 0.100000 0.133333
0 0.295312 0.891667 0.100000 0.133333
0 0.679688 0.285417 0.100000 0.133333
0 0.250000 0.885417 0.100000 0.133333
0 0.420312 0.460417 0.100000 0.133333
0 0.742188 0.564583 0.100000 0.133333
0 0.679688 0.412500 0.100000 0.133333
0 0.425000 0.456250 0.100000 0.133333
0 0.585938 0.445833 0.100000 0.133333
0 0.812500 0.343750 0.100000 0.133333
0 0.660937 0.308333 0.100000 0.133333
0 0.684375 0.722917 0.100000 0.133333
0 0.356250 0.839583 0.100000 0.133333
0 0.675000 0.643750 0.100000 0.133333
0 0.732812 0.287500 0.100000 0.133333
0 0.462500 0.631250 0.100000 0.133333
0 0.542188 0.175000 0.100000 0.133333
0 0.215625 0.510417 0.100000 0.133333
0 0.120313 0.343750 0.100000 0.133333
0 0.364063 0.085417 0.100000 0.133333
0 0.439063 0.500000 0.100000 0.133333
0 0.270313 0.208333 0.100000 0.133333
0 0.160938 0.650000 0.100000 0.133333
0 0.146875 0.395833 0.100000 0.133333
0 0.310937 0.314583 0.100000 0.133333
0 0.832812 0.491667 0.100000 0.133333
0 0.201563 0.656250 0.100000 0.133333
0 0.207813 0.647917 0.100000 0.133333
0 0.545312 0.070833 0.100000 0.133333
0 0.187500 0.618750 0.100000 0.133333
0 0.660937 0.222917 0.100000 0.133333
0 0.410938 0.360417 0.100000 0.133333
0 0.450000 0.575000 0.100000 0.133333
0 0.798438 0.535417 0.100000 0.133333
0 0.418750 0.166667 0.100000 0.133333
0 0.346875 0.258333 0.100000 0.133333
0 0.440625 0.327083 0.100000 0.133333
0 0.189062 0.681250 0.100000 0.133333
0 0.123438 0.675000 0.100000 0.133333
0 0.623437 0.631250 0.100000 0.133333
0 0.517188 0.622917 0.100000 0.133333
0 0.709375 0.162500 0.100000 0.133333
0 0.556250 0.783333 0.100000 0.133333
0 0.868750 0.356250 0.100000 0.133333
0 0.478125 0.425000 0.100000 0.133333
0 0.207813 0.097917 0.100000 0.133333
0 0.418750 0.550000 0.100000 0.133333
0 0.134375 0.677083 0.100000 0.133333
0 0.334375 0.639583 0.100000 0.133333
0 0.815625 0.072917 0.100000 0.133333
0 0.350000 0.891667 0.100000 0.133333
0 0.220312 0.547917 0.100000 0.133333
0 0.231250 0.222917 0.100000 0.133333
0 0.201563 0.164583 0.100000 0.133333
0 0.278125 0.425000 0.100000 0.133333
0 0.384375 0.220833 0.100000 0.133333
0 0.425000 0.279167 0.100000 0.133333
0 0.726562 0.104167 0.100000 0.133333
0 0.335938 0.375000 0.100000 0.133333
0 0.721875 0.202083 0.100000 0.133333
0 0.493750 0.354167 0.100000 0.133333
0 0.795312 0.427083 0.100000 0.133333
0 0.339062 0.435417 0.100000 0.133333
0 0.712500 0.347917 0.100000 0.133333
0 0.462500 0.743750 0.100000 0.133333
0 0.450000 0.125000 0.100000 0.133333
0 0.695312 0.393750 0.100000 0.133333
0 0.390625 0.327083 0.100000 0.133333
0 0.168750 0.618750 0.100000 0.133333
0 0.690625 0.531250 0.100000 0.133333
0 0.278125 0.712500 0.100000 0.133333
0 0.123438 0.227083 0.100000 0.133333
0 0.162500 0.247917 0.100000 0.133333
0 0.554688 0.368750 0.100000 0.133333
0 0.317188 0.162500 0.100000 0.133333
0 0.835938 0.587500 0.100000 0.133333
1 0.554688 0.566667 0.100000 0.133333
1 0.845313 0.479167 0.100000 0.133333
1 0.610938 0.618750 0.100000 0.133333
1 0.650000 0.520833 0.100000 0.133333
1 0.675000 0.775000 0.100000 0.133333
