0 0.340625 0.739583 0.100000 0.133333
0 0.693750 0.662500 0.100000 0.133333
0 0.775000 0.250000 0.100000 0.133333
0 0.125000 0.237500 0.100000 0.133333
0 0.150000 0.685417 0.100000 0.133333
0 0.262500 0.258333 0.100000 0.133333
0 0.268750 0.272917 0.100000 0.133333
0 0.204687 0.537500 0.100000 0.133333
0 0.271875 0.845833 0.100000 0.133333
0 0.287500 0.429167 0.100000 0.133333
0 0.839063 0.281250 0.100000 0.133333
0 0.689063 0.768750 0.100000 0.133333
0 0.850000 0.581250 0.100000 0.133333
0 0.356250 0.152083 0.100000 0.133333
0 0.720313 0.375000 0.100000 0.133333
0 0.154688 0.843750 0.100000 0.133333
0 0.803125 0.627083 0.100000 0.133333
0 0.403125 0.639583 0.100000 0.133333
0 0.437500 0.797917 0.100000 0.133333
0 0.348438 0.585417 0.100000 0.133333
0 0.293750 0.135417 0.100000 0.133333
0 0.368750 0.483333 0.100000 0.133333
0 0.487500 0.402083 0.100000 0.133333
0 0.559375 0.443750 0.100000 0.133333
0 0.431250 0.675000 0.100000 0.133333
0 0.468750 0.337500 0.100000 0.133333
0 0.812500 0.533333 0.100000 0.133333
0 0.815625 0.641667 0.100000 0.133333
0 0.431250 0.737500 0.100000 0.133333
0 0.628125 0.641667 0.100000 0.133333
0 0.475000 0.418750 0.100000 0.133333
0 0.585938 0.556250 0.100000 0.133333
0 0.492188 0.881250 0.100000 0.133333
0 0.240625 0.479167 0.100000 0.133333
0 0.768750 0.570833 0.100000 0.133333
0 0.593750 0.308333 0.100000 0.133333
0 0.579688 0.072917 0.100000 0.133333
0 0.757812 0.218750 0.100000 0.133333
0 0.346875 0.877083 0.100000 0.133333
0 0.412500 0.866667 0.100000 0.133333
0 0.320312 0.072917 0.100000 0.133333
0 0.889062 0.289583 0.100000 0.133333
0 0.396875 0.554167 0.100000 0.133333
0 0.442188 0.204167 0.100000 0.133333
0 0.465625 0.072917 0.100000 0.133333
0 0.340625 0.779167 0.100000 0.133333
0 0.514062 0.100000 0.100000 0.133333
0 0.785937 0.268750 0.100000 0.133333
0 0.400000 0.347917 0.100000 0.133333
0 0.137500 0.887500 0.100000 0.133333
0 0.554688 0.304167 0.100000 0.133333
0 0.414062 0.381250 0.100000 0.133333
0 0.209375 0.789583 0.100000 0.133333
0 0.162500 0.389583 0.100000 0.133333
0 0.796875 0.404167 0.100000 0.133333
0 0.417187 0.416667 0.100000 0.133333
0 0.185938 0.625000 0.100000 0.133333
0 0.421875 0.883333 0.100000 0.133333
0 0.435937 0.618750 0.100000 0.133333
0 0.479687 0.581250 0.100000 0.133333
0 0.745313 0.081250 0.100000 0.133333
0 0.842187 0.570833 0.100000 0.133333
0 0.485938 0.262500 0.100000 0.133333
0 0.346875 0.818750 0.100000 0.133333
0 0.579688 0.789583 0.100000 0.133333
0 0.475000 0.168750 0.100000 0.133333
0 0.146875 0.745833 0.100000 0.133333
0 0.604688 0.225000 0.100000 0.133333
0 0.489063 0.354167 0.100000 0.133333
0 0.535937 0.095833 0.100000 0.133333
0 0.779687 0.375000 0.100000 0.133333
0 0.817187 0.100000 0.100000 0.133333
0 0.884375 0.714583 0.100000 0.133333
0 0.412500 0.583333 0.100000 0.133333
0 0.521875 0.468750 0.100000 0.133333
0 0.768750 0.212500 0.100000 0.133333
0 0.853125 0.335417 0.100000 0.133333
0 0.143750 0.122917 0.100000 0.133333
0 0.351562 0.660417 0.100000 0.133333
0 0.357812 0.870833 0.100000 0.133333
0 0.382812 0.722917 0.100000 0.133333
0 0.743750 0.408333 0.100000 0.133333
0 0.117188 0.616667 0.100000 0.133333
0 0.498437 0.272917 0.100000 0.133333
0 0.114062 0.254167 0.100000 0.133333
0 0.289062 0.318750 0.100000 0.133333
0 0.556250 0.139583 0.100000 0.133333
0 0.334375 0.647917 0.100000 0.133333
0 0.400000 0.818750 0.100000 0.133333
0 0.842187 0.775000 0.100000 0.133333
0 0.701562 0.162500 0.100000 0.133333
0 0.234375 0.604167 0.100000 0.133333
0 0.764062 0.433333 0.100000 0.133333
0 0.512500 0.458333 0.100000 0.133333
0 0.160938 0.416667 0.100000 0.133333
0 0.782813 0.512500 0.100000 0.133333
0 0.881250 0.433333 0.100000 0.133333
0 0.425000 0.389583 0.100000 0.133333
0 0.270313 0.570833 0.100000 0.133333
0 0.320312 0.293750 0.100000 0.133333
0 0.864062 0.116667 0.100000 0.133333
0 0.507812 0.627083 0.100000 0.133333
0 0.767188 0.085417 0.100000 0.133333
0 0.612500 0.439583 0.100000 0.133333
0 0.554688 0.400000 0.100000 0.133333
0 0.262500 0.316667 0.100000 0.133333
0 0.562500 0.129167 0.100000 0.133333
0 0.665625 0.635417 0.100000 0.133333
0 0.546875 0.589583 0.100000 0.133333
0 0.721875 0.543750 0.100000 0.133333
0 0.160938 0.514583 0.100000 0.133333
0 0.715625 0.127083 0.100000 0.133333
0 0.473438 0.641667 0.100000 0.133333
0 0.784375 0.670833 0.100000 0.133333
0 0.459375 0.106250 0.100000 0.133333
0 0.725000 0.181250 0.100000 0.133333
0 0.118750 0.750000 0.100000 0.133333
0 0.250000 0.168750 0.100000 0.133333
0 0.134375 0.250000 0.100000 0.133333
0 0.575000 0.660417 0.100000 0.133333
0 0.470313 0.477083 0.100000 0.133333
0 0.157812 0.422917 0.100000 0.133333
0 0.195312 0.795833 0.100000 0.133333
0 0.592187 0.781250 0.100000 0.133333
0 0.362500 0.806250 0.100000 0.133333
0 0.115625 0.577083 0.100000 0.133333
0 0.696875 0.154167 0.100000 0.133333
0 0.425000 0.537500 0.100000 0.133333
0 0.829688 0.095833 0.100000 0.133333
0 0.671875 0.235417 0.100000 0.133333
0 0.818750 0.862500 0.100000 0.133333
0 0.276562 0.445833 0.100000 0.133333
0 0.214062 0.814583 0.100000 0.133333
0 0.804688 0.612500 0.100000 0.133333
0 0.351562 0.518750 0.100000 0.133333
0 0.206250 0.225000 0.100000 0.133333
0 0.151562 0.537500 0.100000 0.133333
0 0.278125 0.450000 0.100000 0.133333
0 0.764062 0.785417 0.100000 0.133333
0 0.570312 0.366667 0.100000 0.133333
0 0.598437 0.504167 0.100000 0.133333
0 0.279687 0.197917 0.100000 0.133333
0 0.312500 0.835417 0.100000 0.133333
0 0.753125 0.514583 0.100000 0.133333
0 0.714063 0.464583 0.100000 0.133333
0 0.176563 0.841667 0.100000 0.133333
0 0.481250 0.533333 0.100000 0.133333
0 0.176563 0.608333 0.100000 0.133333
0 0.734375 0.695833 0.100000 0.133333
0 0.554688 0.552083 0.100000 0.133333
1 0.703125 0.206250 0.100000 0.133333
1 0.335938 0.225000 0.100000 0.133333
1 0.217188 0.314583 0.100000 0.133333
1 0.682813 0.845833 0.100000 0.133333
1 0.662500 0.358333 0.100000 0.133333
