0 0.635938 0.622917 0.100000 0.133333
0 0.385937 0.112500 0.100000 0.133333
0 0.207813 0.814583 0.100000 0.133333
0 0.764062 0.177083 0.100000 0.133333
0 0.742188 0.127083 0.100000 0.133333
0 0.635938 0.112500 0.100000 0.133333
0 0.548438 0.214583 0.100000 0.133333
0 0.435937 0.408333 0.100000 0.133333
0 0.240625 0.575000 0.100000 0.133333
0 0.740625 0.256250 0.100000 0.133333
0 0.348438 0.879167 0.100000 0.133333
0 0.853125 0.258333 0.100000 0.133333
0 0.492188 0.204167 0.100000 0.133333
0 0.762500 0.300000 0.100000 0.133333
0 0.818750 0.185417 0.100000 0.133333
0 0.381250 0.429167 0.100000 0.133333
0 0.190625 0.089583 0.100000 0.133333
0 0.890625 0.168750 0.100000 0.133333
0 0.553125 0.304167 0.100000 0.133333
0 0.860938 0.370833 0.100000 0.133333
0 0.548438 0.297917 0.100000 0.133333
0 0.434375 0.377083 0.100000 0.133333
0 0.203125 0.377083 0.100000 0.133333
0 0.696875 0.579167 0.100000 0.133333
0 0.370312 0.656250 0.100000 0.133333
0 0.784375 0.654167 0.100000 0.133333
0 0.581250 0.720833 0.100000 0.133333
0 0.548438 0.402083 0.100000 0.133333
0 0.854688 0.354167 0.100000 0.133333
0 0.328125 0.154167 0.100000 0.133333
0 0.129688 0.331250 0.100000 0.133333
0 0.626563 0.547917 0.100000 0.133333
0 0.592187 0.325000 0.100000 0.133333
0 0.771875 0.279167 0.100000 0.133333
0 0.446875 0.356250 0.100000 0.133333
0 0.612500 0.533333 0.100000 0.133333
0 0.429688 0.193750 0.100000 0.133333
0 0.507812 0.112500 0.100000 0.133333
0 0.632812 0.485417 0.100000 0.133333
0 0.771875 0.231250 0.100000 0.133333
0 0.595313 0.306250 0.100000 0.133333
0 0.554688 0.575000 0.100000 0.133333
0 0.334375 0.252083 0.100000 0.133333
0 0.529687 0.250000 0.100000 0.133333
0 0.696875 0.600000 0.100000 0.133333
0 0.190625 0.377083 0.100000 0.133333
0 0.595313 0.297917 0.100000 0.133333
0 0.287500 0.487500 0.100000 0.133333
0 0.309375 0.716667 0.100000 0.133333
0 0.582812 0.250000 0.100000 0.133333
0 0.176563 0.210417 0.100000 0.133333
0 0.673438 0.391667 0.100000 0.133333
0 0.628125 0.258333 0.100000 0.133333
0 0.326562 0.385417 0.100000 0.133333
0 0.598437 0.297917 0.100000 0.133333
0 0.340625 0.343750 0.100000 0.133333
0 0.856250 0.641667 0.100000 0.133333
0 0.890625 0.612500 0.100000 0.133333
0 0.667188 0.866667 0.100000 0.133333
0 0.845313 0.554167 0.100000 0.133333
0 0.734375 0.731250 0.100000 0.133333
0 0.245312 0.727083 0.100000 0.133333
0 0.829688 0.089583 0.100000 0.133333
0 0.101562 0.162500 0.100000 0.133333
0 0.514062 0.091667 0.100000 0.133333
0 0.245312 0.862500 0.100000 0.133333
0 0.214062 0.547917 0.100000 0.133333
0 0.653125 0.302083 0.100000 0.133333
0 0.193750 0.856250 0.100000 0.133333
0 0.206250 0.714583 0.100000 0.133333
0 0.128125 0.877083 0.100000 0.133333
0 0.695312 0.333333 0.100000 0.133333
0 0.792188 0.114583 0.100000 0.133333
0 0.267188 0.795833 0.100000 0.133333
0 0.193750 0.512500 0.100000 0.133333
0 0.264062 0.381250 0.100000 0.133333
0 0.900000 0.372917 0.100000 0.133333
0 0.726562 0.689583 0.100000 0.133333
0 0.817187 0.233333 0.100000 0.133333
0 0.248438 0.872917 0.100000 0.133333
0 0.460938 0.410417 0.100000 0.133333
0 0.107813 0.145833 0.100000 0.133333
0 0.139063 0.777083 0.100000 0.133333
0 0.848437 0.575000 0.100000 0.133333
0 0.535937 0.429167 0.100000 0.133333
0 0.646875 0.139583 0.100000 0.133333
0 0.435937 0.368750 0.100000 0.133333
0 0.268750 0.425000 0.100000 0.133333
0 0.567187 0.818750 0.100000 0.133333
0 0.356250 0.464583 0.100000 0.133333
0 0.698438 0.552083 0.100000 0.133333
0 0.387500 0.277083 0.100000 0.133333
0 0.885938 0.616667 0.100000 0.133333
0 0.501563 0.331250 0.100000 0.133333
0 0.729688 0.322917 0.100000 0.133333
0 0.217188 0.887500 0.100000 0.133333
0 0.123438 0.445833 0.100000 0.133333
0 0.201563 0.297917 0.100000 0.133333
0 0.498437 0.887500 0.100000 0.133333
0 0.318750 0.541667 0.100000 0.133333
0 0.156250 0.612500 0.100000 0.133333
0 0.590625 0.639583 0.100000 0.133333
0 0.696875 0.362500 0.100000 0.133333
0 0.804688 0.539583 0.100000 0.133333
0 0.895312 0.691667 0.100000 0.133333
0 0.642188 0.381250 0.100000 0.133333
0 0.462500 0.620833 0.100000 0.133333
0 0.401562 0.866667 0.100000 0.133333
0 0.690625 0.225000 0.100000 0.133333
0 0.110937 0.547917 0.100000 0.133333
0 0.876563 0.441667 0.100000 0.133333
0 0.318750 0.541667 0.100000 0.133333
0 0.832812 0.289583 0.100000 0.133333
0 0.506250 0.206250 0.100000 0.133333
0 0.651563 0.395833 0.100000 0.133333
0 0.356250 0.872917 0.100000 0.133333
0 0.385937 0.710417 0.100000 0.133333
0 0.378125 0.160417 0.100000 0.133333
0 0.521875 0.077083 0.100000 0.133333
0 0.439063 0.133333 0.100000 0.133333
0 0.721875 0.785417 0.100000 0.133333
0 0.242188 0.302083 0.100000 0.133333
0 0.517188 0.879167 0.100000 0.133333
0 0.306250 0.787500 0.100000 0.133333
0 0.653125 0.477083 0.100000 0.133333
0 0.268750 0.470833 0.100000 0.133333
0 0.854688 0.322917 0.100000 0.133333
0 0.753125 0.341667 0.100000 0.133333
0 0.376563 0.245833 0.100000 0.133333
0 0.804688 0.322917 0.100000 0.133333
0 0.160938 0.845833 0.100000 0.133333
0 0.281250 0.377083 0.100000 0.133333
0 0.354687 0.195833 0.100000 0.133333
0 0.479687 0.887500 0.100000 0.133333
0 0.443750 0.433333 0.100000 0.133333
0 0.881250 0.120833 0.100000 0.133333
0 0.673438 0.460417 0.100000 0.133333
0 0.212500 0.256250 0.100000 0.133333
0 0.560937 0.779167 0.100000 0.133333
0 0.193750 0.606250 0.100000 0.133333
0 0.417187 0.843750 0.100000 0.133333
0 0.737500 0.570833 0.100000 0.133333
0 0.842187 0.429167 0.100000 0.133333
0 0.732812 0.618750 0.100000 0.133333
0 0.568750 0.439583 0.100000 0.133333
0 0.696875 0.329167 0.100000 0.133333
0 0.337500 0.289583 0.100000 0.133333
0 0.709375 0.866667 0.100000 0.133333
0 0.134375 0.293750 0.100000 0.133333
0 0.146875 0.672917 0.100000 0.133333
1 0.298438 0.343750 0.100000 0.133333
1 0.934375 0.314583 0.100000 0.133333
1 0.331250 0.547917 0.100000 0.133333
1 0.409375 0.179167 0.100000 0.133333
1 0.767188 0.812500 0.100000 0.133333
