0 0.487500 0.156250 0.100000 0.133333
0 0.317188 0.104167 0.100000 0.133333
0 0.820312 0.139583 0.100000 0.133333
0 0.773438 0.822917 0.100000 0.133333
0 0.273438 0.600000 0.100000 0.133333
0 0.878125 0.868750 0.100000 0.133333
0 0.860938 0.343750 0.100000 0.133333
0 0.614062 0.777083 0.100000 0.133333
0 0.165625 0.354167 0.100000 0.133333
0 0.687500 0.668750 0.100000 0.133333
0 0.193750 0.104167 0.100000 0.133333
0 0.167187 0.095833 0.100000 0.133333
0 0.856250 0.579167 0.100000 0.133333
0 0.537500 0.518750 0.100000 0.133333
0 0.451562 0.350000 0.100000 0.133333
0 0.684375 0.187500 0.100000 0.133333
0 0.270313 0.729167 0.100000 0.133333
0 0.423438 0.252083 0.100000 0.133333
0 0.676562 0.437500 0.100000 0.133333
0 0.485938 0.275000 0.100000 0.133333
0 0.414062 0.154167 0.100000 0.133333
0 0.156250 0.570833 0.100000 0.133333
0 0.664062 0.539583 0.100000 0.133333
0 0.560937 0.425000 0.100000 0.133333
0 0.287500 0.725000 0.100000 0.133333
0 0.568750 0.320833 0.100000 0.133333
0 0.589063 0.239583 0.100000 0.133333
0 0.807813 0.685417 0.100000 0.133333
0 0.245312 0.247917 0.100000 0.133333
0 0.785937 0.416667 0.100000 0.133333
0 0.143750 0.779167 0.100000 0.133333
0 0.629687 0.425000 0.100000 0.133333
0 0.264062 0.214583 0.100000 0.133333
0 0.554688 0.835417 0.100000 0.133333
0 0.421875 0.293750 0.100000 0.133333
0 0.406250 0.618750 0.100000 0.133333
0 0.751563 0.814583 0.100000 0.133333
0 0.234375 0.704167 0.100000 0.133333
0 0.226562 0.685417 0.100000 0.133333
0 0.293750 0.072917 0.100000 0.133333
0 0.657813 0.372917 0.100000 0.133333
0 0.815625 0.141667 0.100000 0.133333
0 0.517188 0.845833 0.100000 0.133333
0 0.242188 0.304167 0.100000 0.133333
0 0.257812 0.325000 0.100000 0.133333
0 0.551562 0.525000 0.100000 0.133333
0 0.154688 0.791667 0.100000 0.133333
0 0.856250 0.554167 0.100000 0.133333
0 0.771875 0.554167 0.100000 0.133333
0 0.523438 0.693750 0.100000 0.133333
0 0.817187 0.339583 0.100000 0.133333
0 0.895312 0.164583 0.100000 0.133333
0 0.242188 0.093750 0.100000 0.133333
0 0.151562 0.639583 0.100000 0.133333
0 0.293750 0.885417 0.100000 0.133333
0 0.679688 0.262500 0.100000 0.133333
0 0.881250 0.395833 0.100000 0.133333
0 0.429688 0.397917 0.100000 0.133333
0 0.295312 0.704167 0.100000 0.133333
0 0.606250 0.085417 0.100000 0.133333
0 0.423438 0.668750 0.100000 0.133333
0 0.220312 0.722917 0.100000 0.133333
0 0.107813 0.445833 0.100000 0.133333
0 0.700000 0.841667 0.100000 0.133333
0 0.475000 0.283333 0.100000 0.133333
0 0.523438 0.875000 0.100000 0.133333
0 0.667188 0.506250 0.100000 0.133333
0 0.442188 0.606250 0.100000 0.133333
0 0.601562 0.208333 0.100000 0.133333
0 0.482812 0.100000 0.100000 0.133333
0 0.385937 0.427083 0.100000 0.133333
0 0.548438 0.658333 0.100000 0.133333
0 0.457813 0.214583 0.100000 0.133333
0 0.846875 0.512500 0.100000 0.133333
0 0.387500 0.114583 0.100000 0.133333
0 0.539062 0.452083 0.100000 0.133333
0 0.378125 0.841667 0.100000 0.133333
0 0.475000 0.175000 0.100000 0.133333
0 0.354687 0.868750 0.100000 0.133333
0 0.884375 0.479167 0.100000 0.133333
0 0.384375 0.350000 0.100000 0.133333
0 0.646875 0.195833 0.100000 0.133333
0 0.687500 0.637500 0.100000 0.133333
0 0.892188 0.725000 0.100000 0.133333
0 0.598437 0.891667 0.100000 0.133333
0 0.787500 0.881250 0.100000 0.133333
0 0.482812 0.310417 0.100000 0.133333
0 0.485938 0.322917 0.100000 0.133333
0 0.796875 0.318750 0.100000 0.133333
0 0.837500 0.450000 0.100000 0.133333
0 0.451562 0.302083 0.100000 0.133333
0 0.593750 0.189583 0.100000 0.133333
0 0.659375 0.362500 0.100000 0.133333
0 0.851562 0.379167 0.100000 0.133333
0 0.468750 0.220833 0.100000 0.133333
0 0.773438 0.389583 0.100000 0.133333
0 0.895312 0.879167 0.100000 0.133333
0 0.104688 0.666667 0.100000 0.133333
0 0.665625 0.650000 0.100000 0.133333
0 0.587500 0.747917 0.100000 0.133333
0 0.259375 0.116667 0.100000 0.133333
0 0.367188 0.437500 0.100000 0.133333
0 0.493750 0.179167 0.100000 0.133333
0 0.117188 0.722917 0.100000 0.133333
0 0.729688 0.475000 0.100000 0.133333
0 0.531250 0.258333 0.100000 0.133333
0 0.248438 0.670833 0.100000 0.133333
0 0.759375 0.525000 0.100000 0.133333
0 0.553125 0.710417 0.100000 0.133333
0 0.596875 0.847917 0.100000 0.133333
0 0.865625 0.341667 0.100000 0.133333
0 0.278125 0.887500 0.100000 0.133333
0 0.437500 0.489583 0.100000 0.133333
0 0.857812 0.664583 0.100000 0.133333
0 0.331250 0.602083 0.100000 0.133333
0 0.843750 0.783333 0.100000 0.133333
0 0.617188 0.687500 0.100000 0.133333
0 0.742188 0.650000 0.100000 0.133333
0 0.692187 0.208333 0.100000 0.133333
0 0.268750 0.700000 0.100000 0.133333
0 0.109375 0.272917 0.100000 0.133333
0 0.400000 0.281250 0.100000 0.133333
0 0.146875 0.550000 0.100000 0.133333
0 0.725000 0.477083 0.100000 0.133333
0 0.420312 0.875000 0.100000 0.133333
0 0.868750 0.191667 0.100000 0.133333
0 0.809375 0.235417 0.100000 0.133333
0 0.282813 0.185417 0.100000 0.133333
0 0.495312 0.400000 0.100000 0.133333
0 0.815625 0.316667 0.100000 0.133333
0 0.760938 0.879167 0.100000 0.133333
0 0.500000 0.095833 0.100000 0.133333
0 0.610938 0.479167 0.100000 0.133333
0 0.121875 0.543750 0.100000 0.133333
0 0.415625 0.289583 0.100000 0.133333
0 0.529687 0.164583 0.100000 0.133333
0 0.693750 0.383333 0.100000 0.133333
0 0.676562 0.152083 0.100000 0.133333
0 0.685937 0.506250 0.100000 0.133333
0 0.335938 0.537500 0.100000 0.133333
0 0.734375 0.339583 0.100000 0.133333
0 0.479687 0.093750 0.100000 0.133333
0 0.192188 0.560417 0.100000 0.133333
0 0.787500 0.427083 0.100000 0.133333
0 0.495312 0.533333 0.100000 0.133333
0 0.492188 0.102083 0.100000 0.133333
0 0.435937 0.466667 0.100000 0.133333
0 0.120313 0.618750 0.100000 0.133333
0 0.571875 0.581250 0.100000 0.133333
0 0.217188 0.610417 0.100000 0.133333
1 0.262500 0.777083 0.100000 0.133333
1 0.746875 0.416667 0.100000 0.133333
1 0.460938 0.637500 0.100000 0.133333
1 0.534375 0.429167 0.100000 0.133333
1 0.748437 0.785417 0.100000 0.133333
