0 0.371875 0.510417 0.100000 0.133333
0 0.229687 0.841667 0.100000 0.133333
0 0.365625 0.260417 0.100000 0.133333
0 0.620313 0.572917 0.100000 0.133333
0 0.276562 0.283333 0.100000 0.133333
0 0.804688 0.710417 0.100000 0.133333
0 0.782813 0.477083 0.100000 0.133333
0 0.578125 0.558333 0.100000 0.133333
0 0.242188 0.604167 0.100000 0.133333
0 0.814063 0.447917 0.100000 0.133333
0 0.160938 0.820833 0.100000 0.133333
0 0.429688 0.683333 0.100000 0.133333
0 0.343750 0.766667 0.100000 0.133333
0 0.325000 0.885417 0.100000 0.133333
0 0.335938 0.368750 0.100000 0.133333
0 0.817187 0.070833 0.100000 0.133333
0 0.279687 0.758333 0.100000 0.133333
0 0.326562 0.206250 0.100000 0.133333
0 0.862500 0.610417 0.100000 0.133333
0 0.309375 0.475000 0.100000 0.133333
0 0.306250 0.414583 0.100000 0.133333
0 0.576562 0.083333 0.100000 0.133333
0 0.439063 0.393750 0.100000 0.133333
0 0.754687 0.545833 0.100000 0.133333
0 0.543750 0.275000 0.100000 0.133333
0 0.518750 0.510417 0.100000 0.133333
0 0.590625 0.431250 0.100000 0.133333
0 0.553125 0.489583 0.100000 0.133333
0 0.503125 0.783333 0.100000 0.133333
0 0.429688 0.089583 0.100000 0.133333
0 0.745313 0.741667 0.100000 0.133333
0 0.776563 0.466667 0.100000 0.133333
0 0.192188 0.718750 0.100000 0.133333
0 0.257812 0.631250 0.100000 0.133333
0 0.342187 0.454167 0.100000 0.133333
0 0.459375 0.616667 0.100000 0.133333
0 0.848437 0.333333 0.100000 0.133333
0 0.515625 0.118750 0.100000 0.133333
0 0.639062 0.139583 0.100000 0.133333
0 0.885938 0.506250 0.100000 0.133333
0 0.701562 0.175000 0.100000 0.133333
0 0.540625 0.143750 0.100000 0.133333
0 0.210938 0.131250 0.100000 0.133333
0 0.789062 0.852083 0.100000 0.133333
0 0.439063 0.352083 0.100000 0.133333
0 0.504687 0.097917 0.100000 0.133333
0 0.321875 0.418750 0.100000 0.133333
0 0.887500 0.704167 0.100000 0.133333
0 0.396875 0.068750 0.100000 0.133333
0 0.656250 0.339583 0.100000 0.133333
0 0.567187 0.287500 0.100000 0.133333
0 0.332813 0.762500 0.100000 0.133333
0 0.309375 0.443750 0.100000 0.133333
0 0.637500 0.689583 0.100000 0.133333
0 0.539062 0.891667 0.100000 0.133333
0 0.435937 0.470833 0.100000 0.133333
0 0.487500 0.531250 0.100000 0.133333
0 0.584375 0.454167 0.100000 0.133333
0 0.151562 0.829167 0.100000 0.133333
0 0.684375 0.677083 0.100000 0.133333
0 0.117188 0.860417 0.100000 0.133333
0 0.378125 0.527083 0.100000 0.133333
0 0.745313 0.735417 0.100000 0.133333
0 0.584375 0.260417 0.100000 0.133333
0 0.610938 0.481250 0.100000 0.133333
0 0.496875 0.637500 0.100000 0.133333
0 0.868750 0.316667 0.100000 0.133333
0 0.868750 0.514583 0.100000 0.133333
0 0.290625 0.833333 0.100000 0.133333
0 0.779687 0.145833 0.100000 0.133333
0 0.429688 0.179167 0.100000 0.133333
0 0.651563 0.891667 0.100000 0.133333
0 0.696875 0.737500 0.100000 0.133333
0 0.573438 0.425000 0.100000 0.133333
0 0.837500 0.397917 0.100000 0.133333
0 0.432812 0.162500 0.100000 0.133333
0 0.696875 0.768750 0.100000 0.133333
0 0.315625 0.085417 0.100000 0.133333
0 0.823438 0.483333 0.100000 0.133333
0 0.328125 0.710417 0.100000 0.133333
0 0.523438 0.302083 0.100000 0.133333
0 0.701562 0.268750 0.100000 0.133333
0 0.123438 0.650000 0.100000 0.133333
0 0.417187 0.137500 0.100000 0.133333
0 0.457813 0.541667 0.100000 0.133333
0 0.690625 0.525000 0.100000 0.133333
0 0.364063 0.293750 0.100000 0.133333
0 0.481250 0.666667 0.100000 0.133333
0 0.609375 0.537500 0.100000 0.133333
0 0.626563 0.320833 0.100000 0.133333
0 0.598437 0.322917 0.100000 0.133333
0 0.146875 0.116667 0.100000 0.133333
0 0.201563 0.872917 0.100000 0.133333
0 0.275000 0.393750 0.100000 0.133333
0 0.523438 0.258333 0.100000 0.133333
0 0.359375 0.725000 0.100000 0.133333
0 0.714063 0.741667 0.100000 0.133333
0 0.462500 0.158333 0.100000 0.133333
0 0.693750 0.250000 0.100000 0.133333
0 0.659375 0.408333 0.100000 0.133333
0 0.428125 0.650000 0.100000 0.133333
0 0.167187 0.197917 0.100000 0.133333
0 0.598437 0.625000 0.100000 0.133333
0 0.514062 0.118750 0.100000 0.133333
0 0.850000 0.100000 0.100000 0.133333
0 0.142187 0.560417 0.100000 0.133333
0 0.235937 0.343750 0.100000 0.133333
0 0.535937 0.772917 0.100000 0.133333
0 0.726562 0.654167 0.100000 0.133333
0 0.243750 0.685417 0.100000 0.133333
0 0.150000 0.414583 0.100000 0.133333
0 0.671875 0.750000 0.100000 0.133333
0 0.732812 0.106250 0.100000 0.133333
0 0.265625 0.802083 0.100000 0.133333
0 0.679688 0.289583 0.100000 0.133333
0 0.843750 0.447917 0.100000 0.133333
0 0.834375 0.483333 0.100000 0.133333
0 0.209375 0.877083 0.100000 0.133333
0 0.109375 0.402083 0.100000 0.133333
0 0.448437 0.385417 0.100000 0.133333
0 0.153125 0.629167 0.100000 0.133333
0 0.832812 0.656250 0.100000 0.133333
0 0.882812 0.429167 0.100000 0.133333
0 0.806250 0.487500 0.100000 0.133333
0 0.368750 0.629167 0.100000 0.133333
0 0.440625 0.154167 0.100000 0.133333
0 0.275000 0.297917 0.100000 0.133333
0 0.743750 0.295833 0.100000 0.133333
0 0.725000 0.070833 0.100000 0.133333
0 0.803125 0.783333 0.100000 0.133333
0 0.243750 0.739583 0.100000 0.133333
0 0.382812 0.408333 0.100000 0.133333
0 0.456250 0.789583 0.100000 0.133333
0 0.123438 0.779167 0.100000 0.133333
0 0.435937 0.797917 0.100000 0.133333
0 0.829688 0.854167 0.100000 0.133333
0 0.510938 0.552083 0.100000 0.133333
0 0.342187 0.852083 0.100000 0.133333
0 0.493750 0.125000 0.100000 0.133333
0 0.667188 0.485417 0.100000 0.133333
0 0.603125 0.302083 0.100000 0.133333
0 0.231250 0.227083 0.100000 0.133333
0 0.414062 0.227083 0.100000 0.133333
0 0.276562 0.866667 0.100000 0.133333
0 0.281250 0.377083 0.100000 0.133333
0 0.565625 0.883333 0.100000 0.133333
0 0.448437 0.097917 0.100000 0.133333
0 0.215625 0.133333 0.100000 0.133333
0 0.221875 0.458333 0.100000 0.133333
0 0.762500 0.083333 0.100000 0.133333
1 0.717187 0.081250 0.100000 0.133333
1 0.635938 0.104167 0.100000 0.133333
1 0.164062 0.879167 0.100000 0.133333
1 0.456250 0.072917 0.100000 0.133333
1 0.434375 0.358333 0.100000 0.133333
