0 0.240625 0.647917 0.100000 0.133333
0 0.298438 0.460417 0.100000 0.133333
0 0.401562 0.139583 0.100000 0.133333
0 0.295312 0.164583 0.100000 0.133333
0 0.343750 0.358333 0.100000 0.133333
0 0.595313 0.370833 0.100000 0.133333
0 0.562500 0.247917 0.100000 0.133333
0 0.340625 0.818750 0.100000 0.133333
0 0.118750 0.204167 0.100000 0.133333
0 0.267188 0.443750 0.100000 0.133333
0 0.620313 0.614583 0.100000 0.133333
0 0.101562 0.654167 0.100000 0.133333
0 0.842187 0.129167 0.100000 0.133333
0 0.168750 0.572917 0.100000 0.133333
0 0.229687 0.287500 0.100000 0.133333
0 0.275000 0.625000 0.100000 0.133333
0 0.495312 0.514583 0.100000 0.133333
0 0.107813 0.316667 0.100000 0.133333
0 0.118750 0.593750 0.100000 0.133333
0 0.464062 0.216667 0.100000 0.133333
0 0.618750 0.183333 0.100000 0.133333
0 0.112500 0.489583 0.100000 0.133333
0 0.543750 0.281250 0.100000 0.133333
0 0.434375 0.570833 0.100000 0.133333
0 0.210938 0.731250 0.100000 0.133333
0 0.103125 0.708333 0.100000 0.133333
0 0.626563 0.550000 0.100000 0.133333
0 0.750000 0.247917 0.100000 0.133333
0 0.720313 0.610417 0.100000 0.133333
0 0.659375 0.227083 0.100000 0.133333
0 0.620313 0.427083 0.100000 0.133333
0 0.453125 0.458333 0.100000 0.133333
0 0.171875 0.835417 0.100000 0.133333
0 0.610938 0.356250 0.100000 0.133333
0 0.201563 0.752083 0.100000 0.133333
0 0.190625 0.495833 0.100000 0.133333
0 0.131250 0.493750 0.100000 0.133333
0 0.207813 0.077083 0.100000 0.133333
0 0.460938 0.883333 0.100000 0.133333
0 0.479687 0.435417 0.100000 0.133333
0 0.132812 0.079167 0.100000 0.133333
0 0.285938 0.304167 0.100000 0.133333
0 0.631250 0.685417 0.100000 0.133333
0 0.207813 0.643750 0.100000 0.133333
0 0.823438 0.533333 0.100000 0.133333
0 0.237500 0.856250 0.100000 0.133333
0 0.443750 0.108333 0.100000 0.133333
0 0.139063 0.520833 0.100000 0.133333
0 0.412500 0.285417 0.100000 0.133333
0 0.348438 0.550000 0.100000 0.133333
0 0.107813 0.256250 0.100000 0.133333
0 0.235937 0.612500 0.100000 0.133333
0 0.626563 0.531250 0.100000 0.133333
0 0.500000 0.510417 0.100000 0.133333
0 0.568750 0.156250 0.100000 0.133333
0 0.571875 0.489583 0.100000 0.133333
0 0.193750 0.114583 0.100000 0.133333
0 0.143750 0.316667 0.100000 0.133333
0 0.409375 0.170833 0.100000 0.133333
0 0.792188 0.616667 0.100000 0.133333
0 0.226562 0.706250 0.100000 0.133333
0 0.470313 0.081250 0.100000 0.133333
0 0.259375 0.193750 0.100000 0.133333
0 0.743750 0.316667 0.100000 0.133333
0 0.559375 0.814583 0.100000 0.133333
0 0.471875 0.258333 0.100000 0.133333
0 0.387500 0.454167 0.100000 0.133333
0 0.342187 0.185417 0.100000 0.133333
0 0.359375 0.550000 0.100000 0.133333
0 0.807813 0.239583 0.100000 0.133333
0 0.707812 0.241667 0.100000 0.133333
0 0.664062 0.218750 0.100000 0.133333
0 0.429688 0.581250 0.100000 0.133333
0 0.757812 0.456250 0.100000 0.133333
0 0.148438 0.420833 0.100000 0.133333
0 0.734375 0.468750 0.100000 0.133333
0 0.312500 0.216667 0.100000 0.133333
0 0.592187 0.247917 0.100000 0.133333
0 0.245312 0.502083 0.100000 0.133333
0 0.240625 0.408333 0.100000 0.133333
0 0.457813 0.750000 0.100000 0.133333
0 0.325000 0.345833 0.100000 0.133333
0 0.220312 0.783333 0.100000 0.133333
0 0.126562 0.529167 0.100000 0.133333
0 0.384375 0.302083 0.100000 0.133333
0 0.332813 0.587500 0.100000 0.133333
0 0.750000 0.545833 0.100000 0.133333
0 0.195312 0.310417 0.100000 0.133333
0 0.509375 0.472917 0.100000 0.133333
0 0.712500 0.262500 0.100000 0.133333
0 0.646875 0.654167 0.100000 0.133333
0 0.215625 0.854167 0.100000 0.133333
0 0.350000 0.291667 0.100000 0.133333
0 0.509375 0.106250 0.100000 0.133333
0 0.564063 0.187500 0.100000 0.133333
0 0.417187 0.729167 0.100000 0.133333
0 0.239063 0.604167 0.100000 0.133333
0 0.732812 0.264583 0.100000 0.133333
0 0.707812 0.262500 0.100000 0.133333
0 0.567187 0.679167 0.100000 0.133333
0 0.860938 0.397917 0.100000 0.133333
0 0.806250 0.600000 0.100000 0.133333
0 0.529687 0.260417 0.100000 0.133333
0 0.132812 0.216667 0.100000 0.133333
0 0.145313 0.202083 0.100000 0.133333
0 0.614062 0.181250 0.100000 0.133333
0 0.376563 0.529167 0.100000 0.133333
0 0.753125 0.370833 0.100000 0.133333
0 0.296875 0.506250 0.100000 0.133333
0 0.660937 0.545833 0.100000 0.133333
0 0.681250 0.210417 0.100000 0.133333
0 0.142187 0.760417 0.100000 0.133333
0 0.109375 0.854167 0.100000 0.133333
0 0.710938 0.689583 0.100000 0.133333
0 0.535937 0.114583 0.100000 0.133333
0 0.190625 0.602083 0.100000 0.133333
0 0.184375 0.695833 0.100000 0.133333
0 0.451562 0.362500 0.100000 0.133333
0 0.404687 0.618750 0.100000 0.133333
0 0.679688 0.493750 0.100000 0.133333
0 0.507812 0.464583 0.100000 0.133333
0 0.426563 0.541667 0.100000 0.133333
0 0.889062 0.643750 0.100000 0.133333
0 0.484375 0.881250 0.100000 0.133333
0 0.732812 0.393750 0.100000 0.133333
0 0.510938 0.843750 0.100000 0.133333
0 0.734375 0.756250 0.100000 0.133333
0 0.456250 0.222917 0.100000 0.133333
0 0.306250 0.441667 0.100000 0.133333
0 0.826562 0.335417 0.100000 0.133333
0 0.134375 0.125000 0.100000 0.133333
0 0.687500 0.631250 0.100000 0.133333
0 0.673438 0.085417 0.100000 0.133333
0 0.678125 0.175000 0.100000 0.133333
0 0.785937 0.118750 0.100000 0.133333
0 0.620313 0.770833 0.100000 0.133333
0 0.534375 0.281250 0.100000 0.133333
0 0.529687 0.475000 0.100000 0.133333
0 0.334375 0.637500 0.100000 0.133333
0 0.867188 0.483333 0.100000 0.133333
0 0.101562 0.370833 0.100000 0.133333
0 0.614062 0.372917 0.100000 0.133333
0 0.334375 0.652083 0.100000 0.133333
0 0.121875 0.725000 0.100000 0.133333
0 0.106250 0.216667 0.100000 0.133333
0 0.345313 0.641667 0.100000 0.133333
0 0.848437 0.660417 0.100000 0.133333
0 0.651563 0.875000 0.100000 0.133333
0 0.665625 0.810417 0.100000 0.133333
0 0.512500 0.145833 0.100000 0.133333
1 0.454688 0.697917 0.100000 0.133333
1 0.893750 0.206250 0.100000 0.133333
1 0.207813 0.208333 0.100000 0.133333
1 0.882812 0.543750 0.100000 0.133333
1 0.310937 0.610417 0.100000 0.133333
