0 0.854688 0.462500 0.100000 0.133333
0 0.475000 0.793750 0.100000 0.133333
0 0.612500 0.666667 0.100000 0.133333
0 0.820312 0.818750 0.100000 0.133333
0 0.882812 0.377083 0.100000 0.133333
0 0.667188 0.552083 0.100000 0.133333
0 0.226562 0.114583 0.100000 0.133333
0 0.332813 0.179167 0.100000 0.133333
0 0.889062 0.297917 0.100000 0.133333
0 0.128125 0.258333 0.100000 0.133333
0 0.820312 0.672917 0.100000 0.133333
0 0.539062 0.622917 0.100000 0.133333
0 0.389062 0.110417 0.100000 0.133333
0 0.503125 0.185417 0.100000 0.133333
0 0.414062 0.837500 0.100000 0.133333
0 0.182812 0.677083 0.100000 0.133333
0 0.170313 0.222917 0.100000 0.133333
0 0.643750 0.677083 0.100000 0.133333
0 0.845313 0.204167 0.100000 0.133333
0 0.384375 0.600000 0.100000 0.133333
0 0.139063 0.260417 0.100000 0.133333
0 0.393750 0.483333 0.100000 0.133333
0 0.810937 0.216667 0.100000 0.133333
0 0.446875 0.239583 0.100000 0.133333
0 0.368750 0.422917 0.100000 0.133333
0 0.846875 0.710417 0.100000 0.133333
0 0.700000 0.864583 0.100000 0.133333
0 0.171875 0.300000 0.100000 0.133333
0 0.754687 0.135417 0.100000 0.133333
0 0.167187 0.891667 0.100000 0.133333
0 0.345313 0.741667 0.100000 0.133333
0 0.490625 0.131250 0.100000 0.133333
0 0.509375 0.795833 0.100000 0.133333
0 0.332813 0.775000 0.100000 0.133333
0 0.829688 0.452083 0.100000 0.133333
0 0.576562 0.610417 0.100000 0.133333
0 0.720313 0.420833 0.100000 0.133333
0 0.589063 0.491667 0.100000 0.133333
0 0.165625 0.831250 0.100000 0.133333
0 0.632812 0.547917 0.100000 0.133333
0 0.729688 0.689583 0.100000 0.133333
0 0.473438 0.614583 0.100000 0.133333
0 0.693750 0.279167 0.100000 0.133333
0 0.629687 0.516667 0.100000 0.133333
0 0.384375 0.552083 0.100000 0.133333
0 0.142187 0.725000 0.100000 0.133333
0 0.587500 0.720833 0.100000 0.133333
0 0.367188 0.387500 0.100000 0.133333
0 0.631250 0.277083 0.100000 0.133333
0 0.868750 0.314583 0.100000 0.133333
0 0.589063 0.343750 0.100000 0.133333
0 0.878125 0.779167 0.100000 0.133333
0 0.815625 0.568750 0.100000 0.133333
0 0.187500 0.664583 0.100000 0.133333
0 0.718750 0.089583 0.100000 0.133333
0 0.598437 0.268750 0.100000 0.133333
0 0.568750 0.756250 0.100000 0.133333
0 0.884375 0.239583 0.100000 0.133333
0 0.667188 0.885417 0.100000 0.133333
0 0.151562 0.281250 0.100000 0.133333
0 0.687500 0.312500 0.100000 0.133333
0 0.434375 0.854167 0.100000 0.133333
0 0.428125 0.247917 0.100000 0.133333
0 0.428125 0.568750 0.100000 0.133333
0 0.454688 0.483333 0.100000 0.133333
0 0.845313 0.406250 0.100000 0.133333
0 0.168750 0.383333 0.100000 0.133333
0 0.404687 0.583333 0.100000 0.133333
0 0.256250 0.672917 0.100000 0.133333
0 0.110937 0.577083 0.100000 0.133333
0 0.660937 0.850000 0.100000 0.133333
0 0.714063 0.210417 0.100000 0.133333
0 0.509375 0.714583 0.100000 0.133333
0 0.507812 0.197917 0.100000 0.133333
0 0.246875 0.797917 0.100000 0.133333
0 0.387500 0.135417 0.100000 0.133333
0 0.420312 0.489583 0.100000 0.133333
0 0.398438 0.660417 0.100000 0.133333
0 0.184375 0.529167 0.100000 0.133333
0 0.473438 0.620833 0.100000 0.133333
0 0.228125 0.564583 0.100000 0.133333
0 0.179688 0.745833 0.100000 0.133333
0 0.401562 0.816667 0.100000 0.133333
0 0.465625 0.268750 0.100000 0.133333
0 0.528125 0.339583 0.100000 0.133333
0 0.798438 0.791667 0.100000 0.133333
0 0.392188 0.333333 0.100000 0.133333
0 0.325000 0.177083 0.100000 0.133333
0 0.731250 0.814583 0.100000 0.133333
0 0.706250 0.818750 0.100000 0.133333
0 0.267188 0.262500 0.100000 0.133333
0 0.173437 0.177083 0.100000 0.133333
0 0.710938 0.818750 0.100000 0.133333
0 0.223438 0.164583 0.100000 0.133333
0 0.760938 0.302083 0.100000 0.133333
0 0.129688 0.718750 0.100000 0.133333
0 0.326562 0.529167 0.100000 0.133333
0 0.275000 0.281250 0.100000 0.133333
0 0.800000 0.308333 0.100000 0.133333
0 0.767188 0.260417 0.100000 0.133333
0 0.193750 0.331250 0.100000 0.133333
0 0.726562 0.883333 0.100000 0.133333
0 0.626563 0.389583 0.100000 0.133333
0 0.337500 0.375000 0.100000 0.133333
0 0.795312 0.550000 0.100000 0.133333
0 0.693750 0.485417 0.100000 0.133333
0 0.320312 0.485417 0.100000 0.133333
0 0.501563 0.229167 0.100000 0.133333
0 0.500000 0.610417 0.100000 0.133333
0 0.868750 0.135417 0.100000 0.133333
0 0.350000 0.377083 0.100000 0.133333
0 0.721875 0.102083 0.100000 0.133333
0 0.771875 0.612500 0.100000 0.133333
0 0.478125 0.400000 0.100000 0.133333
0 0.401562 0.414583 0.100000 0.133333
0 0.739062 0.637500 0.100000 0.133333
0 0.896875 0.764583 0.100000 0.133333
0 0.148438 0.106250 0.100000 0.133333
0 0.726562 0.485417 0.100000 0.133333
0 0.179688 0.804167 0.100000 0.133333
0 0.676562 0.683333 0.100000 0.133333
0 0.110937 0.454167 0.100000 0.133333
0 0.323437 0.372917 0.100000 0.133333
0 0.792188 0.666667 0.100000 0.133333
0 0.879687 0.475000 0.100000 0.133333
0 0.354687 0.783333 0.100000 0.133333
0 0.245312 0.460417 0.100000 0.133333
0 0.779687 0.079167 0.100000 0.133333
0 0.287500 0.429167 0.100000 0.133333
0 0.826562 0.693750 0.100000 0.133333
0 0.467187 0.191667 0.100000 0.133333
0 0.362500 0.395833 0.100000 0.133333
0 0.115625 0.275000 0.100000 0.133333
0 0.606250 0.377083 0.100000 0.133333
0 0.368750 0.393750 0.100000 0.133333
0 0.565625 0.635417 0.100000 0.133333
0 0.701562 0.827083 0.100000 0.133333
0 0.279687 0.297917 0.100000 0.133333
0 0.376563 0.447917 0.100000 0.133333
0 0.281250 0.208333 0.100000 0.133333
0 0.543750 0.770833 0.100000 0.133333
0 0.289062 0.091667 0.100000 0.133333
0 0.862500 0.504167 0.100000 0.133333
0 0.642188 0.245833 0.100000 0.133333
0 0.193750 0.418750 0.100000 0.133333
0 0.231250 0.320833 0.100000 0.133333
0 0.379688 0.291667 0.100000 0.133333
0 0.520312 0.233333 0.100000 0.133333
0 0.653125 0.185417 0.100000 0.133333
0 0.479687 0.679167 0.100000 0.133333
1 0.573438 0.087500 0.100000 0.133333
1 0.771875 0.554167 0.100000 0.133333
1 0.457813 0.175000 0.100000 0.133333
1 0.820312 0.591667 0.100000 0.133333
1 0.439063 0.897917 0.100000 0.133333
