0 0.271875 0.387500 0.100000 0.133333
0 0.370312 0.375000 0.100000 0.133333
0 0.154688 0.085417 0.100000 0.133333
0 0.568750 0.875000 0.100000 0.133333
0 0.659375 0.264583 0.100000 0.133333
0 0.601562 0.647917 0.100000 0.133333
0 0.743750 0.735417 0.100000 0.133333
0 0.354687 0.333333 0.100000 0.133333
0 0.281250 0.391667 0.100000 0.133333
0 0.157812 0.627083 0.100000 0.133333
0 0.695312 0.652083 0.100000 0.133333
0 0.784375 0.760417 0.100000 0.133333
0 0.762500 0.495833 0.100000 0.133333
0 0.464062 0.358333 0.100000 0.133333
0 0.804688 0.822917 0.100000 0.133333
0 0.295312 0.618750 0.100000 0.133333
0 0.440625 0.293750 0.100000 0.133333
0 0.117188 0.747917 0.100000 0.133333
0 0.151562 0.762500 0.100000 0.133333
0 0.828125 0.685417 0.100000 0.133333
0 0.635938 0.779167 0.100000 0.133333
0 0.221875 0.220833 0.100000 0.133333
0 0.160938 0.495833 0.100000 0.133333
0 0.657813 0.108333 0.100000 0.133333
0 0.301563 0.831250 0.100000 0.133333
0 0.629687 0.616667 0.100000 0.133333
0 0.770312 0.327083 0.100000 0.133333
0 0.398438 0.891667 0.100000 0.133333
0 0.112500 0.858333 0.100000 0.133333
0 0.281250 0.418750 0.100000 0.133333
0 0.581250 0.454167 0.100000 0.133333
0 0.492188 0.533333 0.100000 0.133333
0 0.125000 0.793750 0.100000 0.133333
0 0.503125 0.237500 0.100000 0.133333
0 0.145313 0.137500 0.100000 0.133333
0 0.806250 0.785417 0.100000 0.133333
0 0.568750 0.320833 0.100000 0.133333
0 0.528125 0.747917 0.100000 0.133333
0 0.432812 0.854167 0.100000 0.133333
0 0.878125 0.712500 0.100000 0.133333
0 0.198437 0.291667 0.100000 0.133333
0 0.571875 0.797917 0.100000 0.133333
0 0.531250 0.539583 0.100000 0.133333
0 0.867188 0.633333 0.100000 0.133333
0 0.282813 0.452083 0.100000 0.133333
0 0.720313 0.847917 0.100000 0.133333
0 0.478125 0.135417 0.100000 0.133333
0 0.309375 0.220833 0.100000 0.133333
0 0.373437 0.454167 0.100000 0.133333
0 0.276562 0.889583 0.100000 0.133333
0 0.421875 0.637500 0.100000 0.133333
0 0.581250 0.875000 0.100000 0.133333
0 0.654687 0.885417 0.100000 0.133333
0 0.443750 0.168750 0.100000 0.133333
0 0.300000 0.375000 0.100000 0.133333
0 0.835938 0.604167 0.100000 0.133333
0 0.325000 0.256250 0.100000 0.133333
0 0.756250 0.556250 0.100000 0.133333
0 0.771875 0.481250 0.100000 0.133333
0 0.795312 0.491667 0.100000 0.133333
0 0.640625 0.847917 0.100000 0.133333
0 0.379688 0.304167 0.100000 0.133333
0 0.439063 0.166667 0.100000 0.133333
0 0.435937 0.806250 0.100000 0.133333
0 0.781250 0.693750 0.100000 0.133333
0 0.709375 0.200000 0.100000 0.133333
0 0.470313 0.779167 0.100000 0.133333
0 0.875000 0.410417 0.100000 0.133333
0 0.662500 0.879167 0.100000 0.133333
0 0.201563 0.112500 0.100000 0.133333
0 0.204687 0.779167 0.100000 0.133333
0 0.512500 0.583333 0.100000 0.133333
0 0.685937 0.879167 0.100000 0.133333
0 0.860938 0.497917 0.100000 0.133333
0 0.318750 0.550000 0.100000 0.133333
0 0.507812 0.506250 0.100000 0.133333
0 0.373437 0.352083 0.100000 0.133333
0 0.462500 0.435417 0.100000 0.133333
0 0.365625 0.412500 0.100000 0.133333
0 0.526563 0.139583 0.100000 0.133333
0 0.529687 0.429167 0.100000 0.133333
0 0.778125 0.281250 0.100000 0.133333
0 0.485938 0.666667 0.100000 0.133333
0 0.735938 0.372917 0.100000 0.133333
0 0.715625 0.129167 0.100000 0.133333
0 0.160938 0.504167 0.100000 0.133333
0 0.843750 0.431250 0.100000 0.133333
0 0.321875 0.079167 0.100000 0.133333
0 0.156250 0.718750 0.100000 0.133333
0 0.181250 0.183333 0.100000 0.133333
0 0.470313 0.604167 0.100000 0.133333
0 0.582812 0.835417 0.100000 0.133333
0 0.306250 0.445833 0.100000 0.133333
0 0.468750 0.508333 0.100000 0.133333
0 0.320312 0.320833 0.100000 0.133333
0 0.229687 0.408333 0.100000 0.133333
0 0.193750 0.275000 0.100000 0.133333
0 0.307812 0.366667 0.100000 0.133333
0 0.801562 0.181250 0.100000 0.133333
0 0.592187 0.485417 0.100000 0.133333
0 0.826562 0.837500 0.100000 0.133333
0 0.704688 0.227083 0.100000 0.133333
0 0.887500 0.554167 0.100000 0.133333
0 0.500000 0.862500 0.100000 0.133333
0 0.453125 0.677083 0.100000 0.133333
0 0.814063 0.339583 0.100000 0.133333
0 0.471875 0.781250 0.100000 0.133333
0 0.848437 0.354167 0.100000 0.133333
0 0.562500 0.531250 0.100000 0.133333
0 0.300000 0.777083 0.100000 0.133333
0 0.860938 0.245833 0.100000 0.133333
0 0.495312 0.075000 0.100000 0.133333
0 0.382812 0.106250 0.100000 0.133333
0 0.796875 0.452083 0.100000 0.133333
0 0.412500 0.506250 0.100000 0.133333
0 0.328125 0.691667 0.100000 0.133333
0 0.690625 0.335417 0.100000 0.133333
0 0.560937 0.287500 0.100000 0.133333
0 0.226562 0.095833 0.100000 0.133333
0 0.656250 0.416667 0.100000 0.133333
0 0.245312 0.785417 0.100000 0.133333
0 0.134375 0.210417 0.100000 0.133333
0 0.665625 0.545833 0.100000 0.133333
0 0.460938 0.633333 0.100000 0.133333
0 0.248438 0.291667 0.100000 0.133333
0 0.154688 0.606250 0.100000 0.133333
0 0.234375 0.735417 0.100000 0.133333
0 0.721875 0.460417 0.100000 0.133333
0 0.545312 0.435417 0.100000 0.133333
0 0.171875 0.114583 0.100000 0.133333
0 0.221875 0.806250 0.100000 0.133333
0 0.693750 0.202083 0.100000 0.133333
0 0.748437 0.570833 0.100000 0.133333
0 0.164062 0.122917 0.100000 0.133333
0 0.193750 0.687500 0.100000 0.133333
0 0.306250 0.389583 0.100000 0.133333
0 0.503125 0.435417 0.100000 0.133333
0 0.523438 0.102083 0.100000 0.133333
0 0.167187 0.450000 0.100000 0.133333
0 0.340625 0.245833 0.100000 0.133333
0 0.812500 0.741667 0.100000 0.133333
0 0.468750 0.175000 0.100000 0.133333
0 0.545312 0.139583 0.100000 0.133333
0 0.857812 0.789583 0.100000 0.133333
0 0.510938 0.243750 0.100000 0.133333
0 0.471875 0.402083 0.100000 0.133333
0 0.164062 0.335417 0.100000 0.133333
0 0.629687 0.704167 0.100000 0.133333
0 0.793750 0.283333 0.100000 0.133333
0 0.443750 0.443750 0.100000 0.133333
1 0.607812 0.743750 0.100000 0.133333
1 0.390625 0.618750 0.100000 0.133333
1 0.589063 0.137500 0.100000 0.133333
1 0.934375 0.889583 0.100000 0.133333
1 0.896875 0.427083 0.100000 0.133333
