0 0.556250 0.218750 0.100000 0.133333
0 0.835938 0.683333 0.100000 0.133333
0 0.651563 0.718750 0.100000 0.133333
0 0.360938 0.181250 0.100000 0.133333
0 0.717187 0.606250 0.100000 0.133333
0 0.584375 0.170833 0.100000 0.133333
0 0.800000 0.079167 0.100000 0.133333
0 0.529687 0.754167 0.100000 0.133333
0 0.595313 0.362500 0.100000 0.133333
0 0.343750 0.129167 0.100000 0.133333
0 0.431250 0.652083 0.100000 0.133333
0 0.406250 0.383333 0.100000 0.133333
0 0.843750 0.214583 0.100000 0.133333
0 0.709375 0.891667 0.100000 0.133333
0 0.375000 0.131250 0.100000 0.133333
0 0.848437 0.716667 0.100000 0.133333
0 0.298438 0.472917 0.100000 0.133333
0 0.193750 0.493750 0.100000 0.133333
0 0.625000 0.456250 0.100000 0.133333
0 0.250000 0.620833 0.100000 0.133333
0 0.789062 0.683333 0.100000 0.133333
0 0.589063 0.135417 0.100000 0.133333
0 0.304688 0.885417 0.100000 0.133333
0 0.126562 0.697917 0.100000 0.133333
0 0.350000 0.537500 0.100000 0.133333
0 0.267188 0.312500 0.100000 0.133333
0 0.717187 0.577083 0.100000 0.133333
0 0.420312 0.543750 0.100000 0.133333
0 0.571875 0.310417 0.100000 0.133333
0 0.293750 0.460417 0.100000 0.133333
0 0.331250 0.491667 0.100000 0.133333
0 0.190625 0.685417 0.100000 0.133333
0 0.245312 0.216667 0.100000 0.133333
0 0.704688 0.081250 0.100000 0.133333
0 0.604688 0.683333 0.100000 0.133333
0 0.559375 0.375000 0.100000 0.133333
0 0.343750 0.118750 0.100000 0.133333
0 0.331250 0.714583 0.100000 0.133333
0 0.457813 0.687500 0.100000 0.133333
0 0.617188 0.145833 0.100000 0.133333
0 0.832812 0.070833 0.100000 0.133333
0 0.143750 0.350000 0.100000 0.133333
0 0.153125 0.695833 0.100000 0.133333
0 0.731250 0.547917 0.100000 0.133333
0 0.546875 0.266667 0.100000 0.133333
0 0.837500 0.289583 0.100000 0.133333
0 0.623437 0.458333 0.100000 0.133333
0 0.240625 0.139583 0.100000 0.133333
0 0.175000 0.681250 0.100000 0.133333
0 0.360938 0.677083 0.100000 0.133333
0 0.371875 0.704167 0.100000 0.133333
0 0.192188 0.241667 0.100000 0.133333
0 0.667188 0.545833 0.100000 0.133333
0 0.728125 0.510417 0.100000 0.133333
0 0.762500 0.335417 0.100000 0.133333
0 0.807813 0.489583 0.100000 0.133333
0 0.500000 0.822917 0.100000 0.133333
0 0.589063 0.093750 0.100000 0.133333
0 0.501563 0.164583 0.100000 0.133333
0 0.639062 0.410417 0.100000 0.133333
0 0.484375 0.150000 0.100000 0.133333
0 0.310937 0.297917 0.100000 0.133333
0 0.618750 0.800000 0.100000 0.133333
0 0.171875 0.235417 0.100000 0.133333
0 0.828125 0.177083 0.100000 0.133333
0 0.434375 0.662500 0.100000 0.133333
0 0.721875 0.320833 0.100000 0.133333
0 0.748437 0.322917 0.100000 0.133333
0 0.295312 0.206250 0.100000 0.133333
0 0.728125 0.091667 0.100000 0.133333
0 0.239063 0.681250 0.100000 0.133333
0 0.290625 0.700000 0.100000 0.133333
0 0.209375 0.568750 0.100000 0.133333
0 0.371875 0.431250 0.100000 0.133333
0 0.781250 0.593750 0.100000 0.133333
0 0.898438 0.714583 0.100000 0.133333
0 0.796875 0.400000 0.100000 0.133333
0 0.215625 0.100000 0.100000 0.133333
0 0.546875 0.389583 0.100000 0.133333
0 0.475000 0.135417 0.100000 0.133333
0 0.109375 0.106250 0.100000 0.133333
0 0.523438 0.172917 0.100000 0.133333
0 0.745313 0.762500 0.100000 0.133333
0 0.732812 0.891667 0.100000 0.133333
0 0.779687 0.620833 0.100000 0.133333
0 0.717187 0.243750 0.100000 0.133333
0 0.170313 0.577083 0.100000 0.133333
0 0.896875 0.787500 0.100000 0.133333
0 0.540625 0.114583 0.100000 0.133333
0 0.582812 0.885417 0.100000 0.133333
0 0.240625 0.850000 0.100000 0.133333
0 0.448437 0.427083 0.100000 0.133333
0 0.460938 0.168750 0.100000 0.133333
0 0.156250 0.097917 0.100000 0.133333
0 0.775000 0.397917 0.100000 0.133333
0 0.696875 0.302083 0.100000 0.133333
0 0.359375 0.175000 0.100000 0.133333
0 0.148438 0.554167 0.100000 0.133333
0 0.423438 0.191667 0.100000 0.133333
0 0.517188 0.354167 0.100000 0.133333
0 0.656250 0.239583 0.100000 0.133333
0 0.148438 0.122917 0.100000 0.133333
0 0.464062 0.225000 0.100000 0.133333
0 0.585938 0.495833 0.100000 0.133333
0 0.453125 0.760417 0.100000 0.133333
0 0.609375 0.331250 0.100000 0.133333
0 0.367188 0.675000 0.100000 0.133333
0 0.128125 0.350000 0.100000 0.133333
0 0.740625 0.604167 0.100000 0.133333
0 0.217188 0.618750 0.100000 0.133333
0 0.684375 0.454167 0.100000 0.133333
0 0.823438 0.418750 0.100000 0.133333
0 0.862500 0.133333 0.100000 0.133333
0 0.448437 0.831250 0.100000 0.133333
0 0.167187 0.829167 0.100000 0.133333
0 0.568750 0.520833 0.100000 0.133333
0 0.659375 0.887500 0.100000 0.133333
0 0.257812 0.683333 0.100000 0.133333
0 0.245312 0.202083 0.100000 0.133333
0 0.710938 0.785417 0.100000 0.133333
0 0.434375 0.187500 0.100000 0.133333
0 0.689063 0.439583 0.100000 0.133333
0 0.451562 0.370833 0.100000 0.133333
0 0.345313 0.558333 0.100000 0.133333
0 0.325000 0.414583 0.100000 0.133333
0 0.745313 0.089583 0.100000 0.133333
0 0.260937 0.468750 0.100000 0.133333
0 0.535937 0.112500 0.100000 0.133333
0 0.410938 0.837500 0.100000 0.133333
0 0.423438 0.106250 0.100000 0.133333
0 0.851562 0.558333 0.100000 0.133333
0 0.114062 0.643750 0.100000 0.133333
0 0.671875 0.083333 0.100000 0.133333
0 0.706250 0.241667 0.100000 0.133333
0 0.120313 0.452083 0.100000 0.133333
0 0.221875 0.810417 0.100000 0.133333
0 0.634375 0.100000 0.100000 0.133333
0 0.875000 0.579167 0.100000 0.133333
0 0.845313 0.547917 0.100000 0.133333
0 0.150000 0.127083 0.100000 0.133333
0 0.559375 0.731250 0.100000 0.133333
0 0.715625 0.204167 0.100000 0.133333
0 0.732812 0.675000 0.100000 0.133333
0 0.462500 0.254167 0.100000 0.133333
0 0.412500 0.379167 0.100000 0.133333
0 0.462500 0.443750 0.100000 0.133333
0 0.179688 0.702083 0.100000 0.133333
0 0.150000 0.135417 0.100000 0.133333
0 0.528125 0.364583 0.100000 0.133333
0 0.250000 0.568750 0.100000 0.133333
1 0.948438 0.618750 0.100000 0.133333
1 0.651563 0.914583 0.100000 0.133333
1 0.225000 0.777083 0.100000 0.133333
1 0.354687 0.906250 0.100000 0.133333
1 0.059375 0.435417 0.100000 0.133333
