0 0.612500 0.554167 0.100000 0.133333
0 0.320312 0.327083 0.100000 0.133333
0 0.467187 0.879167 0.100000 0.133333
0 0.345313 0.477083 0.100000 0.133333
0 0.137500 0.237500 0.100000 0.133333
0 0.559375 0.312500 0.100000 0.133333
0 0.696875 0.227083 0.100000 0.133333
0 0.692187 0.087500 0.100000 0.133333
0 0.442188 0.687500 0.100000 0.133333
0 0.182812 0.635417 0.100000 0.133333
0 0.335938 0.712500 0.100000 0.133333
0 0.509375 0.818750 0.100000 0.133333
0 0.900000 0.831250 0.100000 0.133333
0 0.481250 0.850000 0.100000 0.133333
0 0.584375 0.152083 0.100000 0.133333
0 0.262500 0.881250 0.100000 0.133333
0 0.573438 0.550000 0.100000 0.133333
0 0.726562 0.437500 0.100000 0.133333
0 0.453125 0.847917 0.100000 0.133333
0 0.639062 0.306250 0.100000 0.133333
0 0.140625 0.875000 0.100000 0.133333
0 0.690625 0.127083 0.100000 0.133333
0 0.648438 0.445833 0.100000 0.133333
0 0.621875 0.725000 0.100000 0.133333
0 0.220312 0.631250 0.100000 0.133333
0 0.845313 0.260417 0.100000 0.133333
0 0.150000 0.714583 0.100000 0.133333
0 0.368750 0.616667 0.100000 0.133333
0 0.892188 0.822917 0.100000 0.133333
0 0.500000 0.077083 0.100000 0.133333
0 0.503125 0.235417 0.100000 0.133333
0 0.385937 0.889583 0.100000 0.133333
0 0.329688 0.593750 0.100000 0.133333
0 0.671875 0.787500 0.100000 0.133333
0 0.709375 0.220833 0.100000 0.133333
0 0.112500 0.400000 0.100000 0.133333
0 0.121875 0.570833 0.100000 0.133333
0 0.445312 0.820833 0.100000 0.133333
0 0.637500 0.560417 0.100000 0.133333
0 0.407813 0.568750 0.100000 0.133333
0 0.134375 0.622917 0.100000 0.133333
0 0.775000 0.541667 0.100000 0.133333
0 0.270313 0.087500 0.100000 0.133333
0 0.390625 0.177083 0.100000 0.133333
0 0.248438 0.308333 0.100000 0.133333
0 0.570312 0.679167 0.100000 0.133333
0 0.310937 0.385417 0.100000 0.133333
0 0.371875 0.570833 0.100000 0.133333
0 0.298438 0.727083 0.100000 0.133333
0 0.709375 0.795833 0.100000 0.133333
0 0.496875 0.525000 0.100000 0.133333
0 0.814063 0.764583 0.100000 0.133333
0 0.260937 0.372917 0.100000 0.133333
0 0.585938 0.347917 0.100000 0.133333
0 0.190625 0.612500 0.100000 0.133333
0 0.289062 0.314583 0.100000 0.133333
0 0.131250 0.693750 0.100000 0.133333
0 0.518750 0.316667 0.100000 0.133333
0 0.245312 0.331250 0.100000 0.133333
0 0.264062 0.364583 0.100000 0.133333
0 0.214062 0.333333 0.100000 0.133333
0 0.823438 0.631250 0.100000 0.133333
0 0.532813 0.485417 0.100000 0.133333
0 0.353125 0.485417 0.100000 0.133333
0 0.312500 0.160417 0.100000 0.133333
0 0.590625 0.822917 0.100000 0.133333
0 0.490625 0.618750 0.100000 0.133333
0 0.554688 0.787500 0.100000 0.133333
0 0.642188 0.227083 0.100000 0.133333
0 0.484375 0.156250 0.100000 0.133333
0 0.871875 0.085417 0.100000 0.133333
0 0.203125 0.729167 0.100000 0.133333
0 0.235937 0.585417 0.100000 0.133333
0 0.490625 0.779167 0.100000 0.133333
0 0.431250 0.350000 0.100000 0.133333
0 0.575000 0.556250 0.100000 0.133333
0 0.385937 0.404167 0.100000 0.133333
0 0.721875 0.154167 0.100000 0.133333
0 0.176563 0.277083 0.100000 0.133333
0 0.692187 0.116667 0.100000 0.133333
0 0.323437 0.402083 0.100000 0.133333
0 0.628125 0.720833 0.100000 0.133333
0 0.250000 0.741667 0.100000 0.133333
0 0.300000 0.735417 0.100000 0.133333
0 0.576562 0.439583 0.100000 0.133333
0 0.384375 0.535417 0.100000 0.133333
0 0.870313 0.381250 0.100000 0.133333
0 0.631250 0.514583 0.100000 0.133333
0 0.225000 0.362500 0.100000 0.133333
0 0.210938 0.525000 0.100000 0.133333
0 0.535937 0.164583 0.100000 0.133333
0 0.414062 0.558333 0.100000 0.133333
0 0.771875 0.656250 0.100000 0.133333
0 0.490625 0.170833 0.100000 0.133333
0 0.318750 0.860417 0.100000 0.133333
0 0.640625 0.843750 0.100000 0.133333
0 0.284375 0.727083 0.100000 0.133333
0 0.748437 0.127083 0.100000 0.133333
0 0.670312 0.447917 0.100000 0.133333
0 0.545312 0.387500 0.100000 0.133333
0 0.346875 0.602083 0.100000 0.133333
0 0.226562 0.362500 0.100000 0.133333
0 0.515625 0.843750 0.100000 0.133333
0 0.151562 0.441667 0.100000 0.133333
0 0.754687 0.316667 0.100000 0.133333
0 0.859375 0.460417 0.100000 0.133333
0 0.771875 0.366667 0.100000 0.133333
0 0.429688 0.722917 0.100000 0.133333
0 0.776563 0.729167 0.100000 0.133333
0 0.865625 0.881250 0.100000 0.133333
0 0.593750 0.068750 0.100000 0.133333
0 0.259375 0.139583 0.100000 0.133333
0 0.370312 0.070833 0.100000 0.133333
0 0.732812 0.470833 0.100000 0.133333
0 0.501563 0.889583 0.100000 0.133333
0 0.535937 0.460417 0.100000 0.133333
0 0.398438 0.329167 0.100000 0.133333
0 0.289062 0.616667 0.100000 0.133333
0 0.762500 0.764583 0.100000 0.133333
0 0.490625 0.512500 0.100000 0.133333
0 0.362500 0.285417 0.100000 0.133333
0 0.393750 0.322917 0.100000 0.133333
0 0.884375 0.820833 0.100000 0.133333
0 0.667188 0.512500 0.100000 0.133333
0 0.498437 0.664583 0.100000 0.133333
0 0.170313 0.556250 0.100000 0.133333
0 0.160938 0.583333 0.100000 0.133333
0 0.404687 0.350000 0.100000 0.133333
0 0.331250 0.635417 0.100000 0.133333
0 0.168750 0.637500 0.100000 0.133333
0 0.401562 0.468750 0.100000 0.133333
0 0.404687 0.768750 0.100000 0.133333
0 0.117188 0.416667 0.100000 0.133333
0 0.859375 0.114583 0.100000 0.133333
0 0.587500 0.270833 0.100000 0.133333
0 0.804688 0.691667 0.100000 0.133333
0 0.540625 0.085417 0.100000 0.133333
0 0.785937 0.791667 0.100000 0.133333
0 0.351562 0.539583 0.100000 0.133333
0 0.620313 0.729167 0.100000 0.133333
0 0.632812 0.237500 0.100000 0.133333
0 0.770312 0.385417 0.100000 0.133333
0 0.190625 0.606250 0.100000 0.133333
0 0.800000 0.629167 0.100000 0.133333
0 0.740625 0.868750 0.100000 0.133333
0 0.589063 0.418750 0.100000 0.133333
0 0.345313 0.722917 0.100000 0.133333
0 0.642188 0.827083 0.100000 0.133333
0 0.157812 0.170833 0.100000 0.133333
0 0.345313 0.225000 0.100000 0.133333
1 0.209375 0.622917 0.100000 0.133333
1 0.190625 0.225000 0.100000 0.133333
1 0.471875 0.433333 0.100000 0.133333
1 0.379688 0.104167 0.100000 0.133333
1 0.775000 0.758333 0.100000 0.133333
