0 0.373437 0.714583 0.100000 0.133333
0 0.612500 0.264583 0.100000 0.133333
0 0.659375 0.235417 0.100000 0.133333
0 0.476562 0.202083 0.100000 0.133333
0 0.442188 0.254167 0.100000 0.133333
0 0.240625 0.475000 0.100000 0.133333
0 0.737500 0.837500 0.100000 0.133333
0 0.362500 0.210417 0.100000 0.133333
0 0.417187 0.635417 0.100000 0.133333
0 0.331250 0.593750 0.100000 0.133333
0 0.871875 0.072917 0.100000 0.133333
0 0.162500 0.641667 0.100000 0.133333
0 0.639062 0.143750 0.100000 0.133333
0 0.225000 0.458333 0.100000 0.133333
0 0.635938 0.222917 0.100000 0.133333
0 0.612500 0.233333 0.100000 0.133333
0 0.243750 0.768750 0.100000 0.133333
0 0.431250 0.785417 0.100000 0.133333
0 0.228125 0.106250 0.100000 0.133333
0 0.457813 0.612500 0.100000 0.133333
0 0.657813 0.387500 0.100000 0.133333
0 0.265625 0.262500 0.100000 0.133333
0 0.526563 0.393750 0.100000 0.133333
0 0.379688 0.629167 0.100000 0.133333
0 0.317188 0.420833 0.100000 0.133333
0 0.601562 0.512500 0.100000 0.133333
0 0.890625 0.133333 0.100000 0.133333
0 0.618750 0.872917 0.100000 0.133333
0 0.787500 0.337500 0.100000 0.133333
0 0.657813 0.627083 0.100000 0.133333
0 0.468750 0.389583 0.100000 0.133333
0 0.807813 0.839583 0.100000 0.133333
0 0.796875 0.081250 0.100000 0.133333
0 0.443750 0.322917 0.100000 0.133333
0 0.303125 0.608333 0.100000 0.133333
0 0.595313 0.158333 0.100000 0.133333
0 0.392188 0.368750 0.100000 0.133333
0 0.401562 0.183333 0.100000 0.133333
0 0.604688 0.622917 0.100000 0.133333
0 0.348438 0.189583 0.100000 0.133333
0 0.115625 0.647917 0.100000 0.133333
0 0.767188 0.537500 0.100000 0.133333
0 0.840625 0.697917 0.100000 0.133333
0 0.165625 0.822917 0.100000 0.133333
0 0.509375 0.314583 0.100000 0.133333
0 0.132812 0.458333 0.100000 0.133333
0 0.379688 0.750000 0.100000 0.133333
0 0.515625 0.241667 0.100000 0.133333
0 0.600000 0.522917 0.100000 0.133333
0 0.570312 0.202083 0.100000 0.133333
0 0.789062 0.200000 0.100000 0.133333
0 0.745313 0.166667 0.100000 0.133333
0 0.253125 0.460417 0.100000 0.133333
0 0.760938 0.750000 0.100000 0.133333
0 0.109375 0.456250 0.100000 0.133333
0 0.492188 0.808333 0.100000 0.133333
0 0.198437 0.418750 0.100000 0.133333
0 0.162500 0.325000 0.100000 0.133333
0 0.435937 0.870833 0.100000 0.133333
0 0.592187 0.100000 0.100000 0.133333
0 0.554688 0.760417 0.100000 0.133333
0 0.806250 0.139583 0.100000 0.133333
0 0.859375 0.443750 0.100000 0.133333
0 0.829688 0.454167 0.100000 0.133333
0 0.823438 0.641667 0.100000 0.133333
0 0.371875 0.762500 0.100000 0.133333
0 0.456250 0.316667 0.100000 0.133333
0 0.607812 0.806250 0.100000 0.133333
0 0.260937 0.314583 0.100000 0.133333
0 0.567187 0.129167 0.100000 0.133333
0 0.578125 0.070833 0.100000 0.133333
0 0.767188 0.562500 0.100000 0.133333
0 0.468750 0.620833 0.100000 0.133333
0 0.118750 0.758333 0.100000 0.133333
0 0.237500 0.635417 0.100000 0.133333
0 0.789062 0.389583 0.100000 0.133333
0 0.590625 0.414583 0.100000 0.133333
0 0.859375 0.068750 0.100000 0.133333
0 0.412500 0.687500 0.100000 0.133333
0 0.879687 0.816667 0.100000 0.133333
0 0.865625 0.497917 0.100000 0.133333
0 0.493750 0.810417 0.100000 0.133333
0 0.789062 0.445833 0.100000 0.133333
0 0.425000 0.739583 0.100000 0.133333
0 0.746875 0.247917 0.100000 0.133333
0 0.804688 0.281250 0.100000 0.133333
0 0.526563 0.085417 0.100000 0.133333
0 0.604688 0.125000 0.100000 0.133333
0 0.357812 0.243750 0.100000 0.133333
0 0.807813 0.085417 0.100000 0.133333
0 0.506250 0.679167 0.100000 0.133333
0 0.626563 0.404167 0.100000 0.133333
0 0.131250 0.125000 0.100000 0.133333
0 0.409375 0.225000 0.100000 0.133333
0 0.623437 0.262500 0.100000 0.133333
0 0.415625 0.229167 0.100000 0.133333
0 0.335938 0.570833 0.100000 0.133333
0 0.175000 0.331250 0.100000 0.133333
0 0.776563 0.343750 0.100000 0.133333
0 0.637500 0.868750 0.100000 0.133333
0 0.667188 0.593750 0.100000 0.133333
0 0.834375 0.650000 0.100000 0.133333
0 0.842187 0.516667 0.100000 0.133333
0 0.104688 0.385417 0.100000 0.133333
0 0.231250 0.150000 0.100000 0.133333
0 0.804688 0.254167 0.100000 0.133333
0 0.896875 0.304167 0.100000 0.133333
0 0.770312 0.808333 0.100000 0.133333
0 0.195312 0.106250 0.100000 0.133333
0 0.609375 0.758333 0.100000 0.133333
0 0.164062 0.743750 0.100000 0.133333
0 0.359375 0.570833 0.100000 0.133333
0 0.373437 0.739583 0.100000 0.133333
0 0.320312 0.087500 0.100000 0.133333
0 0.246875 0.847917 0.100000 0.133333
0 0.403125 0.660417 0.100000 0.133333
0 0.131250 0.143750 0.100000 0.133333
0 0.350000 0.225000 0.100000 0.133333
0 0.267188 0.762500 0.100000 0.133333
0 0.637500 0.720833 0.100000 0.133333
0 0.579688 0.866667 0.100000 0.133333
0 0.590625 0.425000 0.100000 0.133333
0 0.429688 0.581250 0.100000 0.133333
0 0.726562 0.708333 0.100000 0.133333
0 0.223438 0.702083 0.100000 0.133333
0 0.151562 0.577083 0.100000 0.133333
0 0.384375 0.545833 0.100000 0.133333
0 0.440625 0.235417 0.100000 0.133333
0 0.482812 0.660417 0.100000 0.133333
0 0.101562 0.147917 0.100000 0.133333
0 0.309375 0.283333 0.100000 0.133333
0 0.701562 0.772917 0.100000 0.133333
0 0.776563 0.445833 0.100000 0.133333
0 0.668750 0.568750 0.100000 0.133333
0 0.898438 0.593750 0.100000 0.133333
0 0.854688 0.410417 0.100000 0.133333
0 0.173437 0.241667 0.100000 0.133333
0 0.706250 0.710417 0.100000 0.133333
0 0.839063 0.331250 0.100000 0.133333
0 0.740625 0.135417 0.100000 0.133333
0 0.362500 0.597917 0.100000 0.133333
0 0.590625 0.833333 0.100000 0.133333
0 0.182812 0.695833 0.100000 0.133333
0 0.160938 0.210417 0.100000 0.133333
0 0.298438 0.520833 0.100000 0.133333
0 0.404687 0.375000 0.100000 0.133333
0 0.859375 0.891667 0.100000 0.133333
0 0.262500 0.085417 0.100000 0.133333
0 0.345313 0.431250 0.100000 0.133333
0 0.326562 0.079167 0.100000 0.133333
1 0.410938 0.164583 0.100000 0.133333
1 0.695312 0.360417 0.100000 0.133333
1 0.414062 0.285417 0.100000 0.133333
1 0.560937 0.804167 0.100000 0.133333
1 0.610938 0.081250 0.100000 0.133333
