0 0.656250 0.345833 0.100000 0.133333
0 0.237500 0.479167 0.100000 0.133333
0 0.356250 0.270833 0.100000 0.133333
0 0.381250 0.554167 0.100000 0.133333
0 0.303125 0.477083 0.100000 0.133333
0 0.145313 0.637500 0.100000 0.133333
0 0.265625 0.491667 0.100000 0.133333
0 0.396875 0.550000 0.100000 0.133333
0 0.457813 0.241667 0.100000 0.133333
0 0.353125 0.866667 0.100000 0.133333
0 0.682813 0.779167 0.100000 0.133333
0 0.612500 0.468750 0.100000 0.133333
0 0.201563 0.772917 0.100000 0.133333
0 0.515625 0.450000 0.100000 0.133333
0 0.396875 0.820833 0.100000 0.133333
0 0.843750 0.745833 0.100000 0.133333
0 0.398438 0.212500 0.100000 0.133333
0 0.634375 0.458333 0.100000 0.133333
0 0.220312 0.633333 0.100000 0.133333
0 0.228125 0.645833 0.100000 0.133333
0 0.623437 0.608333 0.100000 0.133333
0 0.893750 0.068750 0.100000 0.133333
0 0.537500 0.622917 0.100000 0.133333
0 0.142187 0.529167 0.100000 0.133333
0 0.125000 0.210417 0.100000 0.133333
0 0.812500 0.304167 0.100000 0.133333
0 0.826562 0.541667 0.100000 0.133333
0 0.309375 0.272917 0.100000 0.133333
0 0.398438 0.085417 0.100000 0.133333
0 0.367188 0.529167 0.100000 0.133333
0 0.712500 0.535417 0.100000 0.133333
0 0.190625 0.316667 0.100000 0.133333
0 0.662500 0.104167 0.100000 0.133333
0 0.773438 0.172917 0.100000 0.133333
0 0.342187 0.577083 0.100000 0.133333
0 0.645312 0.883333 0.100000 0.133333
0 0.310937 0.337500 0.100000 0.133333
0 0.820312 0.808333 0.100000 0.133333
0 0.679688 0.245833 0.100000 0.133333
0 0.456250 0.481250 0.100000 0.133333
0 0.462500 0.485417 0.100000 0.133333
0 0.475000 0.529167 0.100000 0.133333
0 0.323437 0.141667 0.100000 0.133333
0 0.229687 0.843750 0.100000 0.133333
0 0.198437 0.668750 0.100000 0.133333
0 0.435937 0.543750 0.100000 0.133333
0 0.214062 0.310417 0.100000 0.133333
0 0.745313 0.250000 0.100000 0.133333
0 0.859375 0.806250 0.100000 0.133333
0 0.660937 0.320833 0.100000 0.133333
0 0.601562 0.181250 0.100000 0.133333
0 0.707812 0.889583 0.100000 0.133333
0 0.118750 0.489583 0.100000 0.133333
0 0.170313 0.881250 0.100000 0.133333
0 0.559375 0.862500 0.100000 0.133333
0 0.107813 0.256250 0.100000 0.133333
0 0.531250 0.839583 0.100000 0.133333
0 0.395313 0.258333 0.100000 0.133333
0 0.184375 0.322917 0.100000 0.133333
0 0.462500 0.781250 0.100000 0.133333
0 0.517188 0.283333 0.100000 0.133333
0 0.314063 0.356250 0.100000 0.133333
0 0.129688 0.433333 0.100000 0.133333
0 0.839063 0.770833 0.100000 0.133333
0 0.335938 0.510417 0.100000 0.133333
0 0.734375 0.820833 0.100000 0.133333
0 0.467187 0.202083 0.100000 0.133333
0 0.335938 0.170833 0.100000 0.133333
0 0.354687 0.110417 0.100000 0.133333
0 0.643750 0.395833 0.100000 0.133333
0 0.721875 0.085417 0.100000 0.133333
0 0.578125 0.114583 0.100000 0.133333
0 0.340625 0.070833 0.100000 0.133333
0 0.687500 0.641667 0.100000 0.133333
0 0.654687 0.402083 0.100000 0.133333
0 0.734375 0.764583 0.100000 0.133333
0 0.615625 0.458333 0.100000 0.133333
0 0.364063 0.225000 0.100000 0.133333
0 0.323437 0.862500 0.100000 0.133333
0 0.853125 0.804167 0.100000 0.133333
0 0.668750 0.841667 0.100000 0.133333
0 0.635938 0.191667 0.100000 0.133333
0 0.434375 0.758333 0.100000 0.133333
0 0.557813 0.156250 0.100000 0.133333
0 0.482812 0.870833 0.100000 0.133333
0 0.120313 0.568750 0.100000 0.133333
0 0.848437 0.306250 0.100000 0.133333
0 0.625000 0.252083 0.100000 0.133333
0 0.892188 0.631250 0.100000 0.133333
0 0.210938 0.295833 0.100000 0.133333
0 0.890625 0.662500 0.100000 0.133333
0 0.200000 0.764583 0.100000 0.133333
0 0.237500 0.722917 0.100000 0.133333
0 0.456250 0.404167 0.100000 0.133333
0 0.684375 0.489583 0.100000 0.133333
0 0.756250 0.510417 0.100000 0.133333
0 0.567187 0.777083 0.100000 0.133333
0 0.507812 0.554167 0.100000 0.133333
0 0.868750 0.077083 0.100000 0.133333
0 0.670312 0.714583 0.100000 0.133333
0 0.173437 0.770833 0.100000 0.133333
0 0.370312 0.412500 0.100000 0.133333
0 0.150000 0.614583 0.100000 0.133333
0 0.262500 0.872917 0.100000 0.133333
0 0.676562 0.147917 0.100000 0.133333
0 0.334375 0.439583 0.100000 0.133333
0 0.364063 0.168750 0.100000 0.133333
0 0.546875 0.402083 0.100000 0.133333
0 0.540625 0.450000 0.100000 0.133333
0 0.403125 0.314583 0.100000 0.133333
0 0.603125 0.645833 0.100000 0.133333
0 0.571875 0.150000 0.100000 0.133333
0 0.250000 0.445833 0.100000 0.133333
0 0.235937 0.620833 0.100000 0.133333
0 0.162500 0.131250 0.100000 0.133333
0 0.514062 0.875000 0.100000 0.133333
0 0.870313 0.495833 0.100000 0.133333
0 0.190625 0.727083 0.100000 0.133333
0 0.546875 0.614583 0.100000 0.133333
0 0.476562 0.885417 0.100000 0.133333
0 0.301563 0.162500 0.100000 0.133333
0 0.198437 0.239583 0.100000 0.133333
0 0.171875 0.831250 0.100000 0.133333
0 0.621875 0.289583 0.100000 0.133333
0 0.484375 0.641667 0.100000 0.133333
0 0.685937 0.864583 0.100000 0.133333
0 0.478125 0.556250 0.100000 0.133333
0 0.617188 0.220833 0.100000 0.133333
0 0.617188 0.487500 0.100000 0.133333
0 0.350000 0.789583 0.100000 0.133333
0 0.720313 0.739583 0.100000 0.133333
0 0.806250 0.168750 0.100000 0.133333
0 0.682813 0.714583 0.100000 0.133333
0 0.170313 0.710417 0.100000 0.133333
0 0.259375 0.668750 0.100000 0.133333
0 0.748437 0.841667 0.100000 0.133333
0 0.223438 0.193750 0.100000 0.133333
0 0.101562 0.320833 0.100000 0.133333
0 0.618750 0.697917 0.100000 0.133333
0 0.496875 0.666667 0.100000 0.133333
0 0.275000 0.222917 0.100000 0.133333
0 0.642188 0.191667 0.100000 0.133333
0 0.329688 0.656250 0.100000 0.133333
0 0.314063 0.275000 0.100000 0.133333
0 0.767188 0.220833 0.100000 0.133333
0 0.610938 0.070833 0.100000 0.133333
0 0.250000 0.581250 0.100000 0.133333
0 0.621875 0.404167 0.100000 0.133333
0 0.893750 0.547917 0.100000 0.133333
0 0.848437 0.202083 0.100000 0.133333
1 0.165625 0.345833 0.100000 0.133333
1 0.859375 0.435417 0.100000 0.133333
1 0.617188 0.816667 0.100000 0.133333
1 0.601562 0.552083 0.100000 0.133333
1 0.667188 0.845833 0.100000 0.133333
