0 0.754687 0.885417 0.100000 0.133333
0 0.306250 0.279167 0.100000 0.133333
0 0.606250 0.285417 0.100000 0.133333
0 0.365625 0.116667 0.100000 0.133333
0 0.612500 0.254167 0.100000 0.133333
0 0.648438 0.200000 0.100000 0.133333
0 0.282813 0.172917 0.100000 0.133333
0 0.373437 0.841667 0.100000 0.133333
0 0.809375 0.454167 0.100000 0.133333
0 0.359375 0.716667 0.100000 0.133333
0 0.181250 0.604167 0.100000 0.133333
0 0.679688 0.475000 0.100000 0.133333
0 0.284375 0.125000 0.100000 0.133333
0 0.623437 0.160417 0.100000 0.133333
0 0.192188 0.216667 0.100000 0.133333
0 0.362500 0.237500 0.100000 0.133333
0 0.482812 0.533333 0.100000 0.133333
0 0.589063 0.800000 0.100000 0.133333
0 0.342187 0.529167 0.100000 0.133333
0 0.259375 0.506250 0.100000 0.133333
0 0.282813 0.514583 0.100000 0.133333
0 0.850000 0.514583 0.100000 0.133333
0 0.853125 0.277083 0.100000 0.133333
0 0.289062 0.758333 0.100000 0.133333
0 0.760938 0.510417 0.100000 0.133333
0 0.607812 0.437500 0.100000 0.133333
0 0.334375 0.633333 0.100000 0.133333
0 0.581250 0.479167 0.100000 0.133333
0 0.181250 0.202083 0.100000 0.133333
0 0.375000 0.281250 0.100000 0.133333
0 0.235937 0.727083 0.100000 0.133333
0 0.471875 0.493750 0.100000 0.133333
0 0.492188 0.393750 0.100000 0.133333
0 0.531250 0.822917 0.100000 0.133333
0 0.690625 0.758333 0.100000 0.133333
0 0.356250 0.418750 0.100000 0.133333
0 0.110937 0.572917 0.100000 0.133333
0 0.487500 0.412500 0.100000 0.133333
0 0.835938 0.472917 0.100000 0.133333
0 0.860938 0.568750 0.100000 0.133333
0 0.848437 0.120833 0.100000 0.133333
0 0.760938 0.279167 0.100000 0.133333
0 0.650000 0.112500 0.100000 0.133333
0 0.540625 0.322917 0.100000 0.133333
0 0.443750 0.879167 0.100000 0.133333
0 0.154688 0.308333 0.100000 0.133333
0 0.684375 0.589583 0.100000 0.133333
0 0.418750 0.185417 0.100000 0.133333
0 0.250000 0.456250 0.100000 0.133333
0 0.746875 0.716667 0.100000 0.133333
0 0.607812 0.625000 0.100000 0.133333
0 0.601562 0.641667 0.100000 0.133333
0 0.517188 0.558333 0.100000 0.133333
0 0.214062 0.616667 0.100000 0.133333
0 0.426563 0.443750 0.100000 0.133333
0 0.257812 0.147917 0.100000 0.133333
0 0.848437 0.781250 0.100000 0.133333
0 0.525000 0.393750 0.100000 0.133333
0 0.704688 0.202083 0.100000 0.133333
0 0.604688 0.806250 0.100000 0.133333
0 0.900000 0.875000 0.100000 0.133333
0 0.328125 0.302083 0.100000 0.133333
0 0.507812 0.781250 0.100000 0.133333
0 0.573438 0.354167 0.100000 0.133333
0 0.596875 0.225000 0.100000 0.133333
0 0.670312 0.100000 0.100000 0.133333
0 0.206250 0.220833 0.100000 0.133333
0 0.321875 0.368750 0.100000 0.133333
0 0.220312 0.433333 0.100000 0.133333
0 0.881250 0.302083 0.100000 0.133333
0 0.429688 0.702083 0.100000 0.133333
0 0.889062 0.277083 0.100000 0.133333
0 0.351562 0.570833 0.100000 0.133333
0 0.414062 0.737500 0.100000 0.133333
0 0.496875 0.587500 0.100000 0.133333
0 0.551562 0.102083 0.100000 0.133333
0 0.554688 0.554167 0.100000 0.133333
0 0.142187 0.720833 0.100000 0.133333
0 0.273438 0.429167 0.100000 0.133333
0 0.139063 0.793750 0.100000 0.133333
0 0.103125 0.518750 0.100000 0.133333
0 0.482812 0.777083 0.100000 0.133333
0 0.535937 0.197917 0.100000 0.133333
0 0.665625 0.872917 0.100000 0.133333
0 0.573438 0.460417 0.100000 0.133333
0 0.489063 0.762500 0.100000 0.133333
0 0.703125 0.702083 0.100000 0.133333
0 0.393750 0.170833 0.100000 0.133333
0 0.296875 0.137500 0.100000 0.133333
0 0.296875 0.360417 0.100000 0.133333
0 0.287500 0.254167 0.100000 0.133333
0 0.360938 0.143750 0.100000 0.133333
0 0.340625 0.493750 0.100000 0.133333
0 0.515625 0.291667 0.100000 0.133333
0 0.503125 0.481250 0.100000 0.133333
0 0.276562 0.414583 0.100000 0.133333
0 0.820312 0.579167 0.100000 0.133333
0 0.859375 0.177083 0.100000 0.133333
0 0.223438 0.091667 0.100000 0.133333
0 0.418750 0.429167 0.100000 0.133333
0 0.353125 0.450000 0.100000 0.133333
0 0.446875 0.081250 0.100000 0.133333
0 0.632812 0.195833 0.100000 0.133333
0 0.545312 0.631250 0.100000 0.133333
0 0.712500 0.312500 0.100000 0.133333
0 0.589063 0.685417 0.100000 0.133333
0 0.832812 0.868750 0.100000 0.133333
0 0.195312 0.200000 0.100000 0.133333
0 0.292187 0.518750 0.100000 0.133333
0 0.517188 0.308333 0.100000 0.133333
0 0.487500 0.768750 0.100000 0.133333
0 0.596875 0.227083 0.100000 0.133333
0 0.796875 0.487500 0.100000 0.133333
0 0.700000 0.214583 0.100000 0.133333
0 0.554688 0.885417 0.100000 0.133333
0 0.137500 0.520833 0.100000 0.133333
0 0.575000 0.670833 0.100000 0.133333
0 0.657813 0.593750 0.100000 0.133333
0 0.332813 0.662500 0.100000 0.133333
0 0.668750 0.602083 0.100000 0.133333
0 0.592187 0.762500 0.100000 0.133333
0 0.662500 0.391667 0.100000 0.133333
0 0.673438 0.104167 0.100000 0.133333
0 0.851562 0.422917 0.100000 0.133333
0 0.593750 0.710417 0.100000 0.133333
0 0.251563 0.700000 0.100000 0.133333
0 0.884375 0.464583 0.100000 0.133333
0 0.715625 0.812500 0.100000 0.133333
0 0.537500 0.650000 0.100000 0.133333
0 0.735938 0.606250 0.100000 0.133333
0 0.142187 0.110417 0.100000 0.133333
0 0.851562 0.750000 0.100000 0.133333
0 0.876563 0.108333 0.100000 0.133333
0 0.593750 0.725000 0.100000 0.133333
0 0.165625 0.131250 0.100000 0.133333
0 0.735938 0.772917 0.100000 0.133333
0 0.845313 0.656250 0.100000 0.133333
0 0.401562 0.612500 0.100000 0.133333
0 0.565625 0.104167 0.100000 0.133333
0 0.153125 0.241667 0.100000 0.133333
0 0.885938 0.200000 0.100000 0.133333
0 0.426563 0.887500 0.100000 0.133333
0 0.357812 0.477083 0.100000 0.133333
0 0.237500 0.254167 0.100000 0.133333
0 0.271875 0.437500 0.100000 0.133333
0 0.818750 0.858333 0.100000 0.133333
0 0.273438 0.679167 0.100000 0.133333
0 0.842187 0.741667 0.100000 0.133333
0 0.109375 0.118750 0.100000 0.133333
0 0.831250 0.308333 0.100000 0.133333
1 0.820312 0.635417 0.100000 0.133333
1 0.664062 0.339583 0.100000 0.133333
1 0.675000 0.729167 0.100000 0.133333
1 0.553125 0.304167 0.100000 0.133333
1 0.687500 0.547917 0.100000 0.133333
