0 0.856250 0.314583 0.100000 0.133333
0 0.617188 0.872917 0.100000 0.133333
0 0.818750 0.341667 0.100000 0.133333
0 0.612500 0.206250 0.100000 0.133333
0 0.298438 0.320833 0.100000 0.133333
0 0.671875 0.220833 0.100000 0.133333
0 0.178125 0.693750 0.100000 0.133333
0 0.473438 0.487500 0.100000 0.133333
0 0.125000 0.650000 0.100000 0.133333
0 0.718750 0.637500 0.100000 0.133333
0 0.601562 0.383333 0.100000 0.133333
0 0.725000 0.216667 0.100000 0.133333
0 0.200000 0.127083 0.100000 0.133333
0 0.267188 0.152083 0.100000 0.133333
0 0.257812 0.254167 0.100000 0.133333
0 0.321875 0.314583 0.100000 0.133333
0 0.270313 0.887500 0.100000 0.133333
0 0.432812 0.281250 0.100000 0.133333
0 0.326562 0.177083 0.100000 0.133333
0 0.876563 0.622917 0.100000 0.133333
0 0.895312 0.545833 0.100000 0.133333
0 0.723437 0.745833 0.100000 0.133333
0 0.307812 0.854167 0.100000 0.133333
0 0.743750 0.570833 0.100000 0.133333
0 0.514062 0.195833 0.100000 0.133333
0 0.292187 0.885417 0.100000 0.133333
0 0.173437 0.516667 0.100000 0.133333
0 0.289062 0.491667 0.100000 0.133333
0 0.532813 0.477083 0.100000 0.133333
0 0.546875 0.343750 0.100000 0.133333
0 0.778125 0.866667 0.100000 0.133333
0 0.232813 0.422917 0.100000 0.133333
0 0.715625 0.764583 0.100000 0.133333
0 0.109375 0.345833 0.100000 0.133333
0 0.728125 0.400000 0.100000 0.133333
0 0.359375 0.787500 0.100000 0.133333
0 0.210938 0.075000 0.100000 0.133333
0 0.414062 0.152083 0.100000 0.133333
0 0.725000 0.225000 0.100000 0.133333
0 0.746875 0.502083 0.100000 0.133333
0 0.578125 0.537500 0.100000 0.133333
0 0.678125 0.143750 0.100000 0.133333
0 0.556250 0.227083 0.100000 0.133333
0 0.387500 0.689583 0.100000 0.133333
0 0.776563 0.847917 0.100000 0.133333
0 0.659375 0.191667 0.100000 0.133333
0 0.892188 0.568750 0.100000 0.133333
0 0.435937 0.327083 0.100000 0.133333
0 0.392188 0.397917 0.100000 0.133333
0 0.623437 0.508333 0.100000 0.133333
0 0.895312 0.762500 0.100000 0.133333
0 0.128125 0.083333 0.100000 0.133333
0 0.200000 0.785417 0.100000 0.133333
0 0.573438 0.535417 0.100000 0.133333
0 0.171875 0.581250 0.100000 0.133333
0 0.865625 0.891667 0.100000 0.133333
0 0.495312 0.385417 0.100000 0.133333
0 0.203125 0.604167 0.100000 0.133333
0 0.384375 0.887500 0.100000 0.133333
0 0.837500 0.362500 0.100000 0.133333
0 0.775000 0.189583 0.100000 0.133333
0 0.581250 0.731250 0.100000 0.133333
0 0.137500 0.431250 0.100000 0.133333
0 0.790625 0.745833 0.100000 0.133333
0 0.346875 0.312500 0.100000 0.133333
0 0.884375 0.845833 0.100000 0.133333
0 0.446875 0.106250 0.100000 0.133333
0 0.706250 0.781250 0.100000 0.133333
0 0.170313 0.416667 0.100000 0.133333
0 0.251563 0.270833 0.100000 0.133333
0 0.862500 0.320833 0.100000 0.133333
0 0.590625 0.310417 0.100000 0.133333
0 0.765625 0.304167 0.100000 0.133333
0 0.779687 0.477083 0.100000 0.133333
0 0.456250 0.120833 0.100000 0.133333
0 0.881250 0.477083 0.100000 0.133333
0 0.881250 0.200000 0.100000 0.133333
0 0.668750 0.597917 0.100000 0.133333
0 0.504687 0.862500 0.100000 0.133333
0 0.598437 0.400000 0.100000 0.133333
0 0.450000 0.070833 0.100000 0.133333
0 0.632812 0.647917 0.100000 0.133333
0 0.529687 0.522917 0.100000 0.133333
0 0.784375 0.639583 0.100000 0.133333
0 0.635938 0.225000 0.100000 0.133333
0 0.893750 0.452083 0.100000 0.133333
0 0.704688 0.675000 0.100000 0.133333
0 0.264062 0.145833 0.100000 0.133333
0 0.626563 0.762500 0.100000 0.133333
0 0.478125 0.489583 0.100000 0.133333
0 0.531250 0.212500 0.100000 0.133333
0 0.796875 0.272917 0.100000 0.133333
0 0.696875 0.693750 0.100000 0.133333
0 0.545312 0.210417 0.100000 0.133333
0 0.304688 0.147917 0.100000 0.133333
0 0.767188 0.706250 0.100000 0.133333
0 0.393750 0.354167 0.100000 0.133333
0 0.285938 0.314583 0.100000 0.133333
0 0.696875 0.489583 0.100000 0.133333
0 0.450000 0.797917 0.100000 0.133333
0 0.328125 0.260417 0.100000 0.133333
0 0.610938 0.618750 0.100000 0.133333
0 0.603125 0.731250 0.100000 0.133333
0 0.151562 0.102083 0.100000 0.133333
0 0.509375 0.564583 0.100000 0.133333
0 0.195312 0.612500 0.100000 0.133333
0 0.712500 0.297917 0.100000 0.133333
0 0.662500 0.320833 0.100000 0.133333
0 0.112500 0.825000 0.100000 0.133333
0 0.625000 0.658333 0.100000 0.133333
0 0.656250 0.193750 0.100000 0.133333
0 0.726562 0.504167 0.100000 0.133333
0 0.559375 0.850000 0.100000 0.133333
0 0.501563 0.262500 0.100000 0.133333
0 0.795312 0.179167 0.100000 0.133333
0 0.656250 0.495833 0.100000 0.133333
0 0.525000 0.152083 0.100000 0.133333
0 0.151562 0.087500 0.100000 0.133333
0 0.868750 0.702083 0.100000 0.133333
0 0.254688 0.400000 0.100000 0.133333
0 0.337500 0.122917 0.100000 0.133333
0 0.543750 0.179167 0.100000 0.133333
0 0.812500 0.227083 0.100000 0.133333
0 0.315625 0.208333 0.100000 0.133333
0 0.304688 0.325000 0.100000 0.133333
0 0.454688 0.847917 0.100000 0.133333
0 0.435937 0.606250 0.100000 0.133333
0 0.764062 0.431250 0.100000 0.133333
0 0.134375 0.804167 0.100000 0.133333
0 0.671875 0.712500 0.100000 0.133333
0 0.801562 0.577083 0.100000 0.133333
0 0.401562 0.706250 0.100000 0.133333
0 0.829688 0.672917 0.100000 0.133333
0 0.464062 0.700000 0.100000 0.133333
0 0.323437 0.447917 0.100000 0.133333
0 0.340625 0.156250 0.100000 0.133333
0 0.350000 0.095833 0.100000 0.133333
0 0.310937 0.114583 0.100000 0.133333
0 0.529687 0.272917 0.100000 0.133333
0 0.312500 0.585417 0.100000 0.133333
0 0.712500 0.735417 0.100000 0.133333
0 0.176563 0.335417 0.100000 0.133333
0 0.506250 0.279167 0.100000 0.133333
0 0.856250 0.270833 0.100000 0.133333
0 0.618750 0.072917 0.100000 0.133333
0 0.785937 0.333333 0.100000 0.133333
0 0.159375 0.589583 0.100000 0.133333
0 0.800000 0.097917 0.100000 0.133333
0 0.753125 0.200000 0.100000 0.133333
0 0.760938 0.506250 0.100000 0.133333
1 0.732812 0.743750 0.100000 0.133333
1 0.595313 0.556250 0.100000 0.133333
1 0.123438 0.639583 0.100000 0.133333
1 0.084375 0.581250 0.100000 0.133333
1 0.153125 0.602083 0.100000 0.133333
