0 0.801562 0.702083 0.100000 0.133333
0 0.709375 0.156250 0.100000 0.133333
0 0.864062 0.797917 0.100000 0.133333
0 0.879687 0.652083 0.100000 0.133333
0 0.895312 0.695833 0.100000 0.133333
0 0.315625 0.845833 0.100000 0.133333
0 0.720313 0.237500 0.100000 0.133333
0 0.668750 0.204167 0.100000 0.133333
0 0.256250 0.431250 0.100000 0.133333
0 0.415625 0.710417 0.100000 0.133333
0 0.767188 0.733333 0.100000 0.133333
0 0.478125 0.370833 0.100000 0.133333
0 0.314063 0.639583 0.100000 0.133333
0 0.578125 0.652083 0.100000 0.133333
0 0.446875 0.497917 0.100000 0.133333
0 0.514062 0.281250 0.100000 0.133333
0 0.198437 0.133333 0.100000 0.133333
0 0.703125 0.352083 0.100000 0.133333
0 0.410938 0.112500 0.100000 0.133333
0 0.303125 0.560417 0.100000 0.133333
0 0.415625 0.679167 0.100000 0.133333
0 0.492188 0.864583 0.100000 0.133333
0 0.621875 0.743750 0.100000 0.133333
0 0.146875 0.506250 0.100000 0.133333
0 0.665625 0.397917 0.100000 0.133333
0 0.667188 0.700000 0.100000 0.133333
0 0.823438 0.662500 0.100000 0.133333
0 0.589063 0.756250 0.100000 0.133333
0 0.653125 0.808333 0.100000 0.133333
0 0.581250 0.550000 0.100000 0.133333
0 0.485938 0.156250 0.100000 0.133333
0 0.598437 0.216667 0.100000 0.133333
0 0.389062 0.083333 0.100000 0.133333
0 0.770312 0.650000 0.100000 0.133333
0 0.492188 0.722917 0.100000 0.133333
0 0.429688 0.237500 0.100000 0.133333
0 0.245312 0.087500 0.100000 0.133333
0 0.740625 0.212500 0.100000 0.133333
0 0.576562 0.766667 0.100000 0.133333
0 0.229687 0.318750 0.100000 0.133333
0 0.806250 0.725000 0.100000 0.133333
0 0.132812 0.158333 0.100000 0.133333
0 0.264062 0.743750 0.100000 0.133333
0 0.103125 0.708333 0.100000 0.133333
0 0.306250 0.260417 0.100000 0.133333
0 0.203125 0.500000 0.100000 0.133333
0 0.392188 0.666667 0.100000 0.133333
0 0.539062 0.689583 0.100000 0.133333
0 0.843750 0.460417 0.100000 0.133333
0 0.110937 0.312500 0.100000 0.133333
0 0.578125 0.352083 0.100000 0.133333
0 0.462500 0.495833 0.100000 0.133333
0 0.787500 0.445833 0.100000 0.133333
0 0.235937 0.304167 0.100000 0.133333
0 0.623437 0.610417 0.100000 0.133333
0 0.428125 0.539583 0.100000 0.133333
0 0.607812 0.754167 0.100000 0.133333
0 0.490625 0.510417 0.100000 0.133333
0 0.182812 0.275000 0.100000 0.133333
0 0.406250 0.343750 0.100000 0.133333
0 0.112500 0.335417 0.100000 0.133333
0 0.471875 0.737500 0.100000 0.133333
0 0.671875 0.125000 0.100000 0.133333
0 0.823438 0.697917 0.100000 0.133333
0 0.485938 0.750000 0.100000 0.133333
0 0.856250 0.250000 0.100000 0.133333
0 0.446875 0.470833 0.100000 0.133333
0 0.543750 0.350000 0.100000 0.133333
0 0.831250 0.885417 0.100000 0.133333
0 0.225000 0.179167 0.100000 0.133333
0 0.115625 0.406250 0.100000 0.133333
0 0.651563 0.650000 0.100000 0.133333
0 0.564063 0.858333 0.100000 0.133333
0 0.715625 0.129167 0.100000 0.133333
0 0.523438 0.410417 0.100000 0.133333
0 0.543750 0.645833 0.100000 0.133333
0 0.464062 0.287500 0.100000 0.133333
0 0.609375 0.514583 0.100000 0.133333
0 0.868750 0.831250 0.100000 0.133333
0 0.289062 0.420833 0.100000 0.133333
0 0.176563 0.220833 0.100000 0.133333
0 0.860938 0.460417 0.100000 0.133333
0 0.848437 0.731250 0.100000 0.133333
0 0.825000 0.737500 0.100000 0.133333
0 0.767188 0.085417 0.100000 0.133333
0 0.540625 0.114583 0.100000 0.133333
0 0.553125 0.856250 0.100000 0.133333
0 0.168750 0.877083 0.100000 0.133333
0 0.801562 0.670833 0.100000 0.133333
0 0.500000 0.616667 0.100000 0.133333
0 0.217188 0.787500 0.100000 0.133333
0 0.359375 0.712500 0.100000 0.133333
0 0.668750 0.483333 0.100000 0.133333
0 0.121875 0.320833 0.100000 0.133333
0 0.690625 0.179167 0.100000 0.133333
0 0.489063 0.687500 0.100000 0.133333
0 0.337500 0.262500 0.100000 0.133333
0 0.782813 0.768750 0.100000 0.133333
0 0.770312 0.197917 0.100000 0.133333
0 0.492188 0.358333 0.100000 0.133333
0 0.632812 0.495833 0.100000 0.133333
0 0.710938 0.885417 0.100000 0.133333
0 0.778125 0.791667 0.100000 0.133333
0 0.170313 0.862500 0.100000 0.133333
0 0.885938 0.329167 0.100000 0.133333
0 0.554688 0.185417 0.100000 0.133333
0 0.442188 0.868750 0.100000 0.133333
0 0.593750 0.752083 0.100000 0.133333
0 0.843750 0.239583 0.100000 0.133333
0 0.678125 0.356250 0.100000 0.133333
0 0.423438 0.104167 0.100000 0.133333
0 0.687500 0.325000 0.100000 0.133333
0 0.110937 0.872917 0.100000 0.133333
0 0.248438 0.268750 0.100000 0.133333
0 0.332813 0.335417 0.100000 0.133333
0 0.607812 0.675000 0.100000 0.133333
0 0.550000 0.589583 0.100000 0.133333
0 0.542188 0.427083 0.100000 0.133333
0 0.650000 0.752083 0.100000 0.133333
0 0.898438 0.645833 0.100000 0.133333
0 0.109375 0.168750 0.100000 0.133333
0 0.115625 0.783333 0.100000 0.133333
0 0.225000 0.393750 0.100000 0.133333
0 0.242188 0.535417 0.100000 0.133333
0 0.101562 0.306250 0.100000 0.133333
0 0.225000 0.758333 0.100000 0.133333
0 0.714063 0.170833 0.100000 0.133333
0 0.528125 0.266667 0.100000 0.133333
0 0.148438 0.731250 0.100000 0.133333
0 0.701562 0.218750 0.100000 0.133333
0 0.742188 0.620833 0.100000 0.133333
0 0.590625 0.083333 0.100000 0.133333
0 0.459375 0.256250 0.100000 0.133333
0 0.859375 0.216667 0.100000 0.133333
0 0.768750 0.854167 0.100000 0.133333
0 0.204687 0.070833 0.100000 0.133333
0 0.525000 0.200000 0.100000 0.133333
0 0.303125 0.239583 0.100000 0.133333
0 0.229687 0.233333 0.100000 0.133333
0 0.385937 0.366667 0.100000 0.133333
0 0.409375 0.825000 0.100000 0.133333
0 0.840625 0.300000 0.100000 0.133333
0 0.767188 0.491667 0.100000 0.133333
0 0.229687 0.350000 0.100000 0.133333
0 0.546875 0.877083 0.100000 0.133333
0 0.196875 0.235417 0.100000 0.133333
0 0.301563 0.400000 0.100000 0.133333
0 0.376563 0.247917 0.100000 0.133333
0 0.857812 0.350000 0.100000 0.133333
0 0.276562 0.645833 0.100000 0.133333
1 0.509375 0.720833 0.100000 0.133333
1 0.135937 0.570833 0.100000 0.133333
1 0.653125 0.758333 0.100000 0.133333
1 0.132812 0.260417 0.100000 0.133333
1 0.859375 0.406250 0.100000 0.133333
