0 0.281250 0.370833 0.100000 0.133333
0 0.643750 0.358333 0.100000 0.133333
0 0.164062 0.602083 0.100000 0.133333
0 0.485938 0.422917 0.100000 0.133333
0 0.682813 0.383333 0.100000 0.133333
0 0.346875 0.293750 0.100000 0.133333
0 0.765625 0.441667 0.100000 0.133333
0 0.826562 0.545833 0.100000 0.133333
0 0.235937 0.891667 0.100000 0.133333
0 0.157812 0.860417 0.100000 0.133333
0 0.281250 0.412500 0.100000 0.133333
0 0.185938 0.383333 0.100000 0.133333
0 0.346875 0.702083 0.100000 0.133333
0 0.596875 0.077083 0.100000 0.133333
0 0.401562 0.243750 0.100000 0.133333
0 0.782813 0.433333 0.100000 0.133333
0 0.681250 0.889583 0.100000 0.133333
0 0.742188 0.381250 0.100000 0.133333
0 0.670312 0.622917 0.100000 0.133333
0 0.245312 0.225000 0.100000 0.133333
0 0.165625 0.352083 0.100000 0.133333
0 0.176563 0.733333 0.100000 0.133333
0 0.454688 0.735417 0.100000 0.133333
0 0.890625 0.522917 0.100000 0.133333
0 0.242188 0.233333 0.100000 0.133333
0 0.646875 0.485417 0.100000 0.133333
0 0.103125 0.122917 0.100000 0.133333
0 0.546875 0.812500 0.100000 0.133333
0 0.450000 0.827083 0.100000 0.133333
0 0.803125 0.745833 0.100000 0.133333
0 0.457813 0.681250 0.100000 0.133333
0 0.559375 0.712500 0.100000 0.133333
0 0.659375 0.452083 0.100000 0.133333
0 0.142187 0.837500 0.100000 0.133333
0 0.192188 0.104167 0.100000 0.133333
0 0.670312 0.072917 0.100000 0.133333
0 0.437500 0.468750 0.100000 0.133333
0 0.660937 0.191667 0.100000 0.133333
0 0.165625 0.741667 0.100000 0.133333
0 0.234375 0.581250 0.100000 0.133333
0 0.253125 0.495833 0.100000 0.133333
0 0.489063 0.422917 0.100000 0.133333
0 0.860938 0.635417 0.100000 0.133333
0 0.118750 0.854167 0.100000 0.133333
0 0.856250 0.343750 0.100000 0.133333
0 0.109375 0.631250 0.100000 0.133333
0 0.720313 0.522917 0.100000 0.133333
0 0.253125 0.568750 0.100000 0.133333
0 0.134375 0.804167 0.100000 0.133333
0 0.689063 0.575000 0.100000 0.133333
0 0.825000 0.887500 0.100000 0.133333
0 0.214062 0.735417 0.100000 0.133333
0 0.651563 0.266667 0.100000 0.133333
0 0.782813 0.708333 0.100000 0.133333
0 0.578125 0.645833 0.100000 0.133333
0 0.279687 0.264583 0.100000 0.133333
0 0.543750 0.258333 0.100000 0.133333
0 0.896875 0.604167 0.100000 0.133333
0 0.343750 0.097917 0.100000 0.133333
0 0.121875 0.414583 0.100000 0.133333
0 0.496875 0.650000 0.100000 0.133333
0 0.107813 0.727083 0.100000 0.133333
0 0.167187 0.137500 0.100000 0.133333
0 0.128125 0.466667 0.100000 0.133333
0 0.673438 0.456250 0.100000 0.133333
0 0.151562 0.339583 0.100000 0.133333
0 0.682813 0.620833 0.100000 0.133333
0 0.106250 0.706250 0.100000 0.133333
0 0.615625 0.572917 0.100000 0.133333
0 0.745313 0.814583 0.100000 0.133333
0 0.285938 0.462500 0.100000 0.133333
0 0.321875 0.177083 0.100000 0.133333
0 0.195312 0.214583 0.100000 0.133333
0 0.332813 0.310417 0.100000 0.133333
0 0.178125 0.677083 0.100000 0.133333
0 0.287500 0.570833 0.100000 0.133333
0 0.106250 0.779167 0.100000 0.133333
0 0.706250 0.547917 0.100000 0.133333
0 0.857812 0.464583 0.100000 0.133333
0 0.478125 0.739583 0.100000 0.133333
0 0.703125 0.793750 0.100000 0.133333
0 0.550000 0.700000 0.100000 0.133333
0 0.118750 0.677083 0.100000 0.133333
0 0.535937 0.616667 0.100000 0.133333
0 0.729688 0.687500 0.100000 0.133333
0 0.746875 0.427083 0.100000 0.133333
0 0.278125 0.168750 0.100000 0.133333
0 0.142187 0.285417 0.100000 0.133333
0 0.278125 0.227083 0.100000 0.133333
0 0.576562 0.497917 0.100000 0.133333
0 0.295312 0.312500 0.100000 0.133333
0 0.160938 0.200000 0.100000 0.133333
0 0.610938 0.200000 0.100000 0.133333
0 0.740625 0.789583 0.100000 0.133333
0 0.487500 0.370833 0.100000 0.133333
0 0.251563 0.679167 0.100000 0.133333
0 0.529687 0.104167 0.100000 0.133333
0 0.670312 0.752083 0.100000 0.133333
0 0.512500 0.070833 0.100000 0.133333
0 0.573438 0.472917 0.100000 0.133333
0 0.496875 0.818750 0.100000 0.133333
0 0.687500 0.566667 0.100000 0.133333
0 0.239063 0.191667 0.100000 0.133333
0 0.631250 0.693750 0.100000 0.133333
0 0.610938 0.864583 0.100000 0.133333
0 0.282813 0.533333 0.100000 0.133333
0 0.546875 0.289583 0.100000 0.133333
0 0.785937 0.195833 0.100000 0.133333
0 0.354687 0.464583 0.100000 0.133333
0 0.257812 0.220833 0.100000 0.133333
0 0.404687 0.527083 0.100000 0.133333
0 0.684375 0.243750 0.100000 0.133333
0 0.815625 0.097917 0.100000 0.133333
0 0.128125 0.616667 0.100000 0.133333
0 0.137500 0.358333 0.100000 0.133333
0 0.178125 0.218750 0.100000 0.133333
0 0.443750 0.414583 0.100000 0.133333
0 0.268750 0.397917 0.100000 0.133333
0 0.285938 0.833333 0.100000 0.133333
0 0.140625 0.772917 0.100000 0.133333
0 0.628125 0.418750 0.100000 0.133333
0 0.221875 0.539583 0.100000 0.133333
0 0.203125 0.658333 0.100000 0.133333
0 0.795312 0.506250 0.100000 0.133333
0 0.375000 0.425000 0.100000 0.133333
0 0.128125 0.235417 0.100000 0.133333
0 0.329688 0.397917 0.100000 0.133333
0 0.345313 0.645833 0.100000 0.133333
0 0.404687 0.147917 0.100000 0.133333
0 0.718750 0.435417 0.100000 0.133333
0 0.745313 0.791667 0.100000 0.133333
0 0.893750 0.502083 0.100000 0.133333
0 0.115625 0.264583 0.100000 0.133333
0 0.512500 0.206250 0.100000 0.133333
0 0.407813 0.410417 0.100000 0.133333
0 0.437500 0.458333 0.100000 0.133333
0 0.242188 0.879167 0.100000 0.133333
0 0.648438 0.868750 0.100000 0.133333
0 0.229687 0.568750 0.100000 0.133333
0 0.206250 0.125000 0.100000 0.133333
0 0.775000 0.760417 0.100000 0.133333
0 0.748437 0.593750 0.100000 0.133333
0 0.525000 0.406250 0.100000 0.133333
0 0.823438 0.691667 0.100000 0.133333
0 0.282813 0.643750 0.100000 0.133333
0 0.243750 0.364583 0.100000 0.133333
0 0.787500 0.745833 0.100000 0.133333
0 0.198437 0.256250 0.100000 0.133333
0 0.437500 0.262500 0.100000 0.133333
0 0.201563 0.362500 0.100000 0.133333
1 0.112500 0.356250 0.100000 0.133333
1 0.260937 0.439583 0.100000 0.133333
1 0.625000 0.075000 0.100000 0.133333
1 0.554688 0.129167 0.100000 0.133333
1 0.490625 0.283333 0.100000 0.133333
