0 0.882812 0.697917 0.100000 0.133333
0 0.740625 0.383333 0.100000 0.133333
0 0.182812 0.708333 0.100000 0.133333
0 0.884375 0.245833 0.100000 0.133333
0 0.443750 0.168750 0.100000 0.133333
0 0.809375 0.308333 0.100000 0.133333
0 0.821875 0.287500 0.100000 0.133333
0 0.298438 0.887500 0.100000 0.133333
0 0.726562 0.360417 0.100000 0.133333
0 0.414062 0.375000 0.100000 0.133333
0 0.814063 0.360417 0.100000 0.133333
0 0.262500 0.510417 0.100000 0.133333
0 0.620313 0.072917 0.100000 0.133333
0 0.442188 0.112500 0.100000 0.133333
0 0.237500 0.837500 0.100000 0.133333
0 0.351562 0.614583 0.100000 0.133333
0 0.718750 0.675000 0.100000 0.133333
0 0.753125 0.829167 0.100000 0.133333
0 0.554688 0.741667 0.100000 0.133333
0 0.409375 0.585417 0.100000 0.133333
0 0.584375 0.218750 0.100000 0.133333
0 0.245312 0.652083 0.100000 0.133333
0 0.223438 0.152083 0.100000 0.133333
0 0.621875 0.581250 0.100000 0.133333
0 0.837500 0.591667 0.100000 0.133333
0 0.343750 0.779167 0.100000 0.133333
0 0.471875 0.539583 0.100000 0.133333
0 0.765625 0.247917 0.100000 0.133333
0 0.860938 0.100000 0.100000 0.133333
0 0.692187 0.218750 0.100000 0.133333
0 0.801562 0.187500 0.100000 0.133333
0 0.739062 0.629167 0.100000 0.133333
0 0.617188 0.527083 0.100000 0.133333
0 0.482812 0.758333 0.100000 0.133333
0 0.221875 0.891667 0.100000 0.133333
0 0.398438 0.089583 0.100000 0.133333
0 0.109375 0.820833 0.100000 0.133333
0 0.860938 0.847917 0.100000 0.133333
0 0.281250 0.758333 0.100000 0.133333
0 0.837500 0.381250 0.100000 0.133333
0 0.789062 0.437500 0.100000 0.133333
0 0.846875 0.854167 0.100000 0.133333
0 0.628125 0.568750 0.100000 0.133333
0 0.710938 0.718750 0.100000 0.133333
0 0.687500 0.466667 0.100000 0.133333
0 0.773438 0.235417 0.100000 0.133333
0 0.796875 0.189583 0.100000 0.133333
0 0.396875 0.552083 0.100000 0.133333
0 0.578125 0.408333 0.100000 0.133333
0 0.796875 0.885417 0.100000 0.133333
0 0.542188 0.389583 0.100000 0.133333
0 0.256250 0.347917 0.100000 0.133333
0 0.471875 0.735417 0.100000 0.133333
0 0.665625 0.875000 0.100000 0.133333
0 0.746875 0.575000 0.100000 0.133333
0 0.579688 0.131250 0.100000 0.133333
0 0.112500 0.737500 0.100000 0.133333
0 0.593750 0.725000 0.100000 0.133333
0 0.785937 0.795833 0.100000 0.133333
0 0.542188 0.275000 0.100000 0.133333
0 0.804688 0.204167 0.100000 0.133333
0 0.776563 0.591667 0.100000 0.133333
0 0.567187 0.483333 0.100000 0.133333
0 0.462500 0.114583 0.100000 0.133333
0 0.762500 0.472917 0.100000 0.133333
0 0.376563 0.875000 0.100000 0.133333
0 0.851562 0.256250 0.100000 0.133333
0 0.714063 0.491667 0.100000 0.133333
0 0.862500 0.891667 0.100000 0.133333
0 0.754687 0.118750 0.100000 0.133333
0 0.437500 0.581250 0.100000 0.133333
0 0.470313 0.341667 0.100000 0.133333
0 0.418750 0.489583 0.100000 0.133333
0 0.850000 0.585417 0.100000 0.133333
0 0.192188 0.781250 0.100000 0.133333
0 0.265625 0.647917 0.100000 0.133333
0 0.676562 0.250000 0.100000 0.133333
0 0.750000 0.437500 0.100000 0.133333
0 0.209375 0.212500 0.100000 0.133333
0 0.510938 0.347917 0.100000 0.133333
0 0.484375 0.485417 0.100000 0.133333
0 0.595313 0.795833 0.100000 0.133333
0 0.264062 0.541667 0.100000 0.133333
0 0.364063 0.579167 0.100000 0.133333
0 0.420312 0.641667 0.100000 0.133333
0 0.604688 0.693750 0.100000 0.133333
0 0.556250 0.729167 0.100000 0.133333
0 0.643750 0.479167 0.100000 0.133333
0 0.135937 0.718750 0.100000 0.133333
0 0.773438 0.381250 0.100000 0.133333
0 0.135937 0.577083 0.100000 0.133333
0 0.460938 0.670833 0.100000 0.133333
0 0.403125 0.339583 0.100000 0.133333
0 0.137500 0.531250 0.100000 0.133333
0 0.423438 0.475000 0.100000 0.133333
0 0.243750 0.722917 0.100000 0.133333
0 0.798438 0.375000 0.100000 0.133333
0 0.168750 0.579167 0.100000 0.133333
0 0.767188 0.239583 0.100000 0.133333
0 0.754687 0.737500 0.100000 0.133333
0 0.784375 0.647917 0.100000 0.133333
0 0.254688 0.370833 0.100000 0.133333
0 0.635938 0.333333 0.100000 0.133333
0 0.546875 0.293750 0.100000 0.133333
0 0.721875 0.279167 0.100000 0.133333
0 0.332813 0.491667 0.100000 0.133333
0 0.192188 0.343750 0.100000 0.133333
0 0.710938 0.329167 0.100000 0.133333
0 0.632812 0.127083 0.100000 0.133333
0 0.570312 0.125000 0.100000 0.133333
0 0.109375 0.777083 0.100000 0.133333
0 0.690625 0.650000 0.100000 0.133333
0 0.809375 0.879167 0.100000 0.133333
0 0.640625 0.745833 0.100000 0.133333
0 0.795312 0.489583 0.100000 0.133333
0 0.803125 0.639583 0.100000 0.133333
0 0.595313 0.733333 0.100000 0.133333
0 0.256250 0.362500 0.100000 0.133333
0 0.367188 0.308333 0.100000 0.133333
0 0.187500 0.302083 0.100000 0.133333
0 0.232813 0.077083 0.100000 0.133333
0 0.739062 0.460417 0.100000 0.133333
0 0.796875 0.433333 0.100000 0.133333
0 0.617188 0.345833 0.100000 0.133333
0 0.276562 0.116667 0.100000 0.133333
0 0.545312 0.597917 0.100000 0.133333
0 0.839063 0.737500 0.100000 0.133333
0 0.389062 0.768750 0.100000 0.133333
0 0.835938 0.839583 0.100000 0.133333
0 0.717187 0.331250 0.100000 0.133333
0 0.428125 0.695833 0.100000 0.133333
0 0.550000 0.756250 0.100000 0.133333
0 0.654687 0.435417 0.100000 0.133333
0 0.795312 0.258333 0.100000 0.133333
0 0.675000 0.712500 0.100000 0.133333
0 0.846875 0.293750 0.100000 0.133333
0 0.559375 0.516667 0.100000 0.133333
0 0.446875 0.197917 0.100000 0.133333
0 0.807813 0.264583 0.100000 0.133333
0 0.656250 0.866667 0.100000 0.133333
0 0.350000 0.152083 0.100000 0.133333
0 0.242188 0.345833 0.100000 0.133333
0 0.362500 0.177083 0.100000 0.133333
0 0.590625 0.795833 0.100000 0.133333
0 0.210938 0.170833 0.100000 0.133333
0 0.418750 0.547917 0.100000 0.133333
0 0.187500 0.860417 0.100000 0.133333
0 0.778125 0.216667 0.100000 0.133333
0 0.681250 0.543750 0.100000 0.133333
0 0.517188 0.164583 0.100000 0.133333
1 0.795312 0.827083 0.100000 0.133333
1 0.453125 0.914583 0.100000 0.133333
1 0.579688 0.681250 0.100000 0.133333
1 0.935937 0.137500 0.100000 0.133333
1 0.275000 0.195833 0.100000 0.133333
