0 0.398438 0.564583 0.100000 0.133333
0 0.673438 0.625000 0.100000 0.133333
0 0.185938 0.368750 0.100000 0.133333
0 0.462500 0.889583 0.100000 0.133333
0 0.798438 0.577083 0.100000 0.133333
0 0.137500 0.362500 0.100000 0.133333
0 0.159375 0.131250 0.100000 0.133333
0 0.670312 0.327083 0.100000 0.133333
0 0.209375 0.216667 0.100000 0.133333
0 0.662500 0.070833 0.100000 0.133333
0 0.139063 0.720833 0.100000 0.133333
0 0.417187 0.870833 0.100000 0.133333
0 0.368750 0.366667 0.100000 0.133333
0 0.557813 0.133333 0.100000 0.133333
0 0.381250 0.593750 0.100000 0.133333
0 0.587500 0.389583 0.100000 0.133333
0 0.315625 0.666667 0.100000 0.133333
0 0.593750 0.454167 0.100000 0.133333
0 0.262500 0.533333 0.100000 0.133333
0 0.721875 0.189583 0.100000 0.133333
0 0.273438 0.220833 0.100000 0.133333
0 0.548438 0.575000 0.100000 0.133333
0 0.835938 0.660417 0.100000 0.133333
0 0.776563 0.752083 0.100000 0.133333
0 0.687500 0.635417 0.100000 0.133333
0 0.626563 0.827083 0.100000 0.133333
0 0.732812 0.108333 0.100000 0.133333
0 0.518750 0.110417 0.100000 0.133333
0 0.456250 0.775000 0.100000 0.133333
0 0.596875 0.485417 0.100000 0.133333
0 0.453125 0.337500 0.100000 0.133333
0 0.681250 0.252083 0.100000 0.133333
0 0.787500 0.502083 0.100000 0.133333
0 0.612500 0.727083 0.100000 0.133333
0 0.439063 0.175000 0.100000 0.133333
0 0.773438 0.354167 0.100000 0.133333
0 0.707812 0.456250 0.100000 0.133333
0 0.898438 0.720833 0.100000 0.133333
0 0.276562 0.789583 0.100000 0.133333
0 0.589063 0.114583 0.100000 0.133333
0 0.317188 0.445833 0.100000 0.133333
0 0.451562 0.141667 0.100000 0.133333
0 0.198437 0.631250 0.100000 0.133333
0 0.659375 0.404167 0.100000 0.133333
0 0.835938 0.570833 0.100000 0.133333
0 0.551562 0.741667 0.100000 0.133333
0 0.379688 0.804167 0.100000 0.133333
0 0.203125 0.687500 0.100000 0.133333
0 0.732812 0.464583 0.100000 0.133333
0 0.657813 0.083333 0.100000 0.133333
0 0.632812 0.366667 0.100000 0.133333
0 0.137500 0.395833 0.100000 0.133333
0 0.176563 0.216667 0.100000 0.133333
0 0.806250 0.695833 0.100000 0.133333
0 0.306250 0.106250 0.100000 0.133333
0 0.376563 0.306250 0.100000 0.133333
0 0.165625 0.339583 0.100000 0.133333
0 0.685937 0.579167 0.100000 0.133333
0 0.401562 0.262500 0.100000 0.133333
0 0.273438 0.583333 0.100000 0.133333
0 0.198437 0.097917 0.100000 0.133333
0 0.796875 0.135417 0.100000 0.133333
0 0.839063 0.100000 0.100000 0.133333
0 0.200000 0.583333 0.100000 0.133333
0 0.768750 0.354167 0.100000 0.133333
0 0.198437 0.502083 0.100000 0.133333
0 0.437500 0.400000 0.100000 0.133333
0 0.720313 0.085417 0.100000 0.133333
0 0.334375 0.141667 0.100000 0.133333
0 0.176563 0.825000 0.100000 0.133333
0 0.509375 0.235417 0.100000 0.133333
0 0.146875 0.072917 0.100000 0.133333
0 0.609375 0.572917 0.100000 0.133333
0 0.778125 0.727083 0.100000 0.133333
0 0.464062 0.862500 0.100000 0.133333
0 0.392188 0.791667 0.100000 0.133333
0 0.198437 0.377083 0.100000 0.133333
0 0.225000 0.462500 0.100000 0.133333
0 0.407813 0.283333 0.100000 0.133333
0 0.856250 0.139583 0.100000 0.133333
0 0.664062 0.402083 0.100000 0.133333
0 0.265625 0.672917 0.100000 0.133333
0 0.765625 0.793750 0.100000 0.133333
0 0.496875 0.116667 0.100000 0.133333
0 0.682813 0.666667 0.100000 0.133333
0 0.668750 0.841667 0.100000 0.133333
0 0.176563 0.831250 0.100000 0.133333
0 0.321875 0.143750 0.100000 0.133333
0 0.540625 0.843750 0.100000 0.133333
0 0.745313 0.720833 0.100000 0.133333
0 0.376563 0.222917 0.100000 0.133333
0 0.784375 0.333333 0.100000 0.133333
0 0.812500 0.677083 0.100000 0.133333
0 0.200000 0.693750 0.100000 0.133333
0 0.410938 0.556250 0.100000 0.133333
0 0.223438 0.575000 0.100000 0.133333
0 0.696875 0.143750 0.100000 0.133333
0 0.390625 0.520833 0.100000 0.133333
0 0.715625 0.766667 0.100000 0.133333
0 0.565625 0.695833 0.100000 0.133333
0 0.265625 0.360417 0.100000 0.133333
0 0.860938 0.285417 0.100000 0.133333
0 0.485938 0.443750 0.100000 0.133333
0 0.200000 0.685417 0.100000 0.133333
0 0.882812 0.429167 0.100000 0.133333
0 0.282813 0.635417 0.100000 0.133333
0 0.837500 0.716667 0.100000 0.133333
0 0.573438 0.393750 0.100000 0.133333
0 0.273438 0.695833 0.100000 0.133333
0 0.615625 0.587500 0.100000 0.133333
0 0.365625 0.585417 0.100000 0.133333
0 0.692187 0.431250 0.100000 0.133333
0 0.728125 0.431250 0.100000 0.133333
0 0.148438 0.287500 0.100000 0.133333
0 0.404687 0.593750 0.100000 0.133333
0 0.235937 0.514583 0.100000 0.133333
0 0.153125 0.416667 0.100000 0.133333
0 0.700000 0.368750 0.100000 0.133333
0 0.285938 0.608333 0.100000 0.133333
0 0.217188 0.177083 0.100000 0.133333
0 0.540625 0.445833 0.100000 0.133333
0 0.290625 0.829167 0.100000 0.133333
0 0.832812 0.118750 0.100000 0.133333
0 0.434375 0.581250 0.100000 0.133333
0 0.607812 0.866667 0.100000 0.133333
0 0.593750 0.412500 0.100000 0.133333
0 0.868750 0.827083 0.100000 0.133333
0 0.657813 0.700000 0.100000 0.133333
0 0.682813 0.089583 0.100000 0.133333
0 0.439063 0.354167 0.100000 0.133333
0 0.217188 0.710417 0.100000 0.133333
0 0.585938 0.266667 0.100000 0.133333
0 0.698438 0.104167 0.100000 0.133333
0 0.825000 0.735417 0.100000 0.133333
0 0.770312 0.116667 0.100000 0.133333
0 0.229687 0.708333 0.100000 0.133333
0 0.671875 0.404167 0.100000 0.133333
0 0.129688 0.500000 0.100000 0.133333
0 0.867188 0.618750 0.100000 0.133333
0 0.757812 0.143750 0.100000 0.133333
0 0.864062 0.575000 0.100000 0.133333
0 0.632812 0.681250 0.100000 0.133333
0 0.306250 0.333333 0.100000 0.133333
0 0.231250 0.720833 0.100000 0.133333
0 0.435937 0.508333 0.100000 0.133333
0 0.640625 0.750000 0.100000 0.133333
0 0.467187 0.358333 0.100000 0.133333
0 0.318750 0.754167 0.100000 0.133333
0 0.640625 0.504167 0.100000 0.133333
0 0.307812 0.414583 0.100000 0.133333
1 0.720313 0.545833 0.100000 0.133333
1 0.612500 0.629167 0.100000 0.133333
1 0.685937 0.735417 0.100000 0.133333
1 0.537500 0.539583 0.100000 0.133333
1 0.873437 0.766667 0.100000 0.133333
