0 0.228125 0.372917 0.100000 0.133333
0 0.809375 0.597917 0.100000 0.133333
0 0.495312 0.495833 0.100000 0.133333
0 0.420312 0.743750 0.100000 0.133333
0 0.628125 0.170833 0.100000 0.133333
0 0.276562 0.627083 0.100000 0.133333
0 0.853125 0.716667 0.100000 0.133333
0 0.278125 0.804167 0.100000 0.133333
0 0.160938 0.510417 0.100000 0.133333
0 0.345313 0.858333 0.100000 0.133333
0 0.771875 0.785417 0.100000 0.133333
0 0.900000 0.602083 0.100000 0.133333
0 0.268750 0.435417 0.100000 0.133333
0 0.850000 0.564583 0.100000 0.133333
0 0.701562 0.487500 0.100000 0.133333
0 0.376563 0.287500 0.100000 0.133333
0 0.575000 0.195833 0.100000 0.133333
0 0.332813 0.733333 0.100000 0.133333
0 0.242188 0.602083 0.100000 0.133333
0 0.565625 0.141667 0.100000 0.133333
0 0.134375 0.847917 0.100000 0.133333
0 0.207813 0.181250 0.100000 0.133333
0 0.792188 0.358333 0.100000 0.133333
0 0.421875 0.708333 0.100000 0.133333
0 0.450000 0.158333 0.100000 0.133333
0 0.371875 0.397917 0.100000 0.133333
0 0.687500 0.381250 0.100000 0.133333
0 0.421875 0.852083 0.100000 0.133333
0 0.437500 0.104167 0.100000 0.133333
0 0.600000 0.785417 0.100000 0.133333
0 0.153125 0.543750 0.100000 0.133333
0 0.856250 0.258333 0.100000 0.133333
0 0.832812 0.281250 0.100000 0.133333
0 0.876563 0.222917 0.100000 0.133333
0 0.154688 0.458333 0.100000 0.133333
0 0.687500 0.316667 0.100000 0.133333
0 0.357812 0.472917 0.100000 0.133333
0 0.876563 0.737500 0.100000 0.133333
0 0.843750 0.343750 0.100000 0.133333
0 0.159375 0.677083 0.100000 0.133333
0 0.823438 0.881250 0.100000 0.133333
0 0.535937 0.460417 0.100000 0.133333
0 0.317188 0.104167 0.100000 0.133333
0 0.706250 0.414583 0.100000 0.133333
0 0.582812 0.072917 0.100000 0.133333
0 0.807813 0.787500 0.100000 0.133333
0 0.815625 0.595833 0.100000 0.133333
0 0.654687 0.077083 0.100000 0.133333
0 0.365625 0.481250 0.100000 0.133333
0 0.384375 0.545833 0.100000 0.133333
0 0.853125 0.120833 0.100000 0.133333
0 0.756250 0.091667 0.100000 0.133333
0 0.668750 0.489583 0.100000 0.133333
0 0.553125 0.197917 0.100000 0.133333
0 0.843750 0.102083 0.100000 0.133333
0 0.743750 0.589583 0.100000 0.133333
0 0.714063 0.643750 0.100000 0.133333
0 0.451562 0.427083 0.100000 0.133333
0 0.562500 0.120833 0.100000 0.133333
0 0.531250 0.162500 0.100000 0.133333
0 0.206250 0.831250 0.100000 0.133333
0 0.770312 0.335417 0.100000 0.133333
0 0.885938 0.872917 0.100000 0.133333
0 0.864062 0.889583 0.100000 0.133333
0 0.159375 0.689583 0.100000 0.133333
0 0.800000 0.314583 0.100000 0.133333
0 0.781250 0.443750 0.100000 0.133333
0 0.643750 0.395833 0.100000 0.133333
0 0.198437 0.762500 0.100000 0.133333
0 0.654687 0.285417 0.100000 0.133333
0 0.610938 0.243750 0.100000 0.133333
0 0.521875 0.618750 0.100000 0.133333
0 0.204687 0.252083 0.100000 0.133333
0 0.162500 0.731250 0.100000 0.133333
0 0.268750 0.750000 0.100000 0.133333
0 0.667188 0.283333 0.100000 0.133333
0 0.779687 0.820833 0.100000 0.133333
0 0.539062 0.481250 0.100000 0.133333
0 0.878125 0.400000 0.100000 0.133333
0 0.751563 0.337500 0.100000 0.133333
0 0.523438 0.456250 0.100000 0.133333
0 0.221875 0.583333 0.100000 0.133333
0 0.410938 0.650000 0.100000 0.133333
0 0.206250 0.577083 0.100000 0.133333
0 0.617188 0.108333 0.100000 0.133333
0 0.400000 0.179167 0.100000 0.133333
0 0.704688 0.829167 0.100000 0.133333
0 0.615625 0.647917 0.100000 0.133333
0 0.307812 0.250000 0.100000 0.133333
0 0.814063 0.777083 0.100000 0.133333
0 0.637500 0.554167 0.100000 0.133333
0 0.710938 0.568750 0.100000 0.133333
0 0.376563 0.527083 0.100000 0.133333
0 0.362500 0.683333 0.100000 0.133333
0 0.129688 0.683333 0.100000 0.133333
0 0.107813 0.672917 0.100000 0.133333
0 0.628125 0.222917 0.100000 0.133333
0 0.107813 0.106250 0.100000 0.133333
0 0.345313 0.825000 0.100000 0.133333
0 0.548438 0.083333 0.100000 0.133333
0 0.145313 0.095833 0.100000 0.133333
0 0.276562 0.297917 0.100000 0.133333
0 0.525000 0.320833 0.100000 0.133333
0 0.382812 0.247917 0.100000 0.133333
0 0.370312 0.106250 0.100000 0.133333
0 0.362500 0.131250 0.100000 0.133333
0 0.301563 0.277083 0.100000 0.133333
0 0.617188 0.204167 0.100000 0.133333
0 0.826562 0.583333 0.100000 0.133333
0 0.804688 0.152083 0.100000 0.133333
0 0.598437 0.529167 0.100000 0.133333
0 0.693750 0.133333 0.100000 0.133333
0 0.164062 0.522917 0.100000 0.133333
0 0.546875 0.381250 0.100000 0.133333
0 0.376563 0.685417 0.100000 0.133333
0 0.573438 0.177083 0.100000 0.133333
0 0.889062 0.112500 0.100000 0.133333
0 0.679688 0.822917 0.100000 0.133333
0 0.143750 0.185417 0.100000 0.133333
0 0.676562 0.343750 0.100000 0.133333
0 0.479687 0.295833 0.100000 0.133333
0 0.365625 0.366667 0.100000 0.133333
0 0.210938 0.189583 0.100000 0.133333
0 0.168750 0.245833 0.100000 0.133333
0 0.220312 0.152083 0.100000 0.133333
0 0.343750 0.254167 0.100000 0.133333
0 0.720313 0.393750 0.100000 0.133333
0 0.546875 0.725000 0.100000 0.133333
0 0.443750 0.772917 0.100000 0.133333
0 0.879687 0.495833 0.100000 0.133333
0 0.215625 0.241667 0.100000 0.133333
0 0.598437 0.356250 0.100000 0.133333
0 0.576562 0.668750 0.100000 0.133333
0 0.521875 0.495833 0.100000 0.133333
0 0.170313 0.170833 0.100000 0.133333
0 0.431250 0.129167 0.100000 0.133333
0 0.254688 0.737500 0.100000 0.133333
0 0.414062 0.189583 0.100000 0.133333
0 0.834375 0.797917 0.100000 0.133333
0 0.139063 0.500000 0.100000 0.133333
0 0.181250 0.791667 0.100000 0.133333
0 0.275000 0.606250 0.100000 0.133333
0 0.726562 0.706250 0.100000 0.133333
0 0.743750 0.210417 0.100000 0.133333
0 0.146875 0.343750 0.100000 0.133333
0 0.168750 0.631250 0.100000 0.133333
0 0.876563 0.604167 0.100000 0.133333
0 0.312500 0.737500 0.100000 0.133333
0 0.234375 0.802083 0.100000 0.133333
0 0.343750 0.225000 0.100000 0.133333
1 0.307812 0.683333 0.100000 0.133333
1 0.473438 0.635417 0.100000 0.133333
1 0.485938 0.900000 0.100000 0.133333
1 0.381250 0.518750 0.100000 0.133333
1 0.137500 0.902083 0.100000 0.133333
