0 0.679688 0.681250 0.100000 0.133333
0 0.885938 0.585417 0.100000 0.133333
0 0.614062 0.879167 0.100000 0.133333
0 0.434375 0.641667 0.100000 0.133333
0 0.735938 0.870833 0.100000 0.133333
0 0.585938 0.239583 0.100000 0.133333
0 0.825000 0.741667 0.100000 0.133333
0 0.790625 0.420833 0.100000 0.133333
0 0.709375 0.729167 0.100000 0.133333
0 0.645312 0.458333 0.100000 0.133333
0 0.260937 0.543750 0.100000 0.133333
0 0.610938 0.283333 0.100000 0.133333
0 0.175000 0.643750 0.100000 0.133333
0 0.123438 0.864583 0.100000 0.133333
0 0.193750 0.637500 0.100000 0.133333
0 0.364063 0.120833 0.100000 0.133333
0 0.692187 0.252083 0.100000 0.133333
0 0.237500 0.787500 0.100000 0.133333
0 0.554688 0.612500 0.100000 0.133333
0 0.104688 0.352083 0.100000 0.133333
0 0.593750 0.368750 0.100000 0.133333
0 0.429688 0.125000 0.100000 0.133333
0 0.507812 0.575000 0.100000 0.133333
0 0.359375 0.227083 0.100000 0.133333
0 0.140625 0.556250 0.100000 0.133333
0 0.234375 0.564583 0.100000 0.133333
0 0.279687 0.783333 0.100000 0.133333
0 0.882812 0.081250 0.100000 0.133333
0 0.800000 0.845833 0.100000 0.133333
0 0.704688 0.175000 0.100000 0.133333
0 0.843750 0.633333 0.100000 0.133333
0 0.257812 0.370833 0.100000 0.133333
0 0.570312 0.795833 0.100000 0.133333
0 0.864062 0.595833 0.100000 0.133333
0 0.287500 0.675000 0.100000 0.133333
0 0.756250 0.110417 0.100000 0.133333
0 0.734375 0.435417 0.100000 0.133333
0 0.198437 0.575000 0.100000 0.133333
0 0.621875 0.481250 0.100000 0.133333
0 0.412500 0.831250 0.100000 0.133333
0 0.557813 0.247917 0.100000 0.133333
0 0.668750 0.506250 0.100000 0.133333
0 0.196875 0.810417 0.100000 0.133333
0 0.306250 0.868750 0.100000 0.133333
0 0.592187 0.860417 0.100000 0.133333
0 0.748437 0.347917 0.100000 0.133333
0 0.362500 0.454167 0.100000 0.133333
0 0.160938 0.716667 0.100000 0.133333
0 0.371875 0.420833 0.100000 0.133333
0 0.351562 0.454167 0.100000 0.133333
0 0.554688 0.097917 0.100000 0.133333
0 0.331250 0.808333 0.100000 0.133333
0 0.556250 0.158333 0.100000 0.133333
0 0.393750 0.375000 0.100000 0.133333
0 0.518750 0.450000 0.100000 0.133333
0 0.482812 0.837500 0.100000 0.133333
0 0.767188 0.854167 0.100000 0.133333
0 0.371875 0.879167 0.100000 0.133333
0 0.596875 0.535417 0.100000 0.133333
0 0.484375 0.627083 0.100000 0.133333
0 0.503125 0.431250 0.100000 0.133333
0 0.876563 0.150000 0.100000 0.133333
0 0.520312 0.322917 0.100000 0.133333
0 0.390625 0.679167 0.100000 0.133333
0 0.693750 0.770833 0.100000 0.133333
0 0.175000 0.668750 0.100000 0.133333
0 0.879687 0.587500 0.100000 0.133333
0 0.650000 0.643750 0.100000 0.133333
0 0.796875 0.750000 0.100000 0.133333
0 0.840625 0.118750 0.100000 0.133333
0 0.642188 0.300000 0.100000 0.133333
0 0.200000 0.500000 0.100000 0.133333
0 0.265625 0.370833 0.100000 0.133333
0 0.826562 0.358333 0.100000 0.133333
0 0.617188 0.841667 0.100000 0.133333
0 0.382812 0.460417 0.100000 0.133333
0 0.604688 0.685417 0.100000 0.133333
0 0.759375 0.518750 0.100000 0.133333
0 0.693750 0.350000 0.100000 0.133333
0 0.512500 0.172917 0.100000 0.133333
0 0.348438 0.664583 0.100000 0.133333
0 0.860938 0.575000 0.100000 0.133333
0 0.692187 0.793750 0.100000 0.133333
0 0.109375 0.412500 0.100000 0.133333
0 0.484375 0.141667 0.100000 0.133333
0 0.828125 0.127083 0.100000 0.133333
0 0.317188 0.085417 0.100000 0.133333
0 0.576562 0.550000 0.100000 0.133333
0 0.864062 0.314583 0.100000 0.133333
0 0.801562 0.581250 0.100000 0.133333
0 0.782813 0.275000 0.100000 0.133333
0 0.115625 0.275000 0.100000 0.133333
0 0.495312 0.470833 0.100000 0.133333
0 0.170313 0.870833 0.100000 0.133333
0 0.810937 0.564583 0.100000 0.133333
0 0.831250 0.681250 0.100000 0.133333
0 0.448437 0.706250 0.100000 0.133333
0 0.106250 0.672917 0.100000 0.133333
0 0.590625 0.718750 0.100000 0.133333
0 0.109375 0.072917 0.100000 0.133333
0 0.304688 0.741667 0.100000 0.133333
0 0.820312 0.122917 0.100000 0.133333
0 0.293750 0.862500 0.100000 0.133333
0 0.509375 0.210417 0.100000 0.133333
0 0.182812 0.512500 0.100000 0.133333
0 0.631250 0.312500 0.100000 0.133333
0 0.423438 0.633333 0.100000 0.133333
0 0.857812 0.604167 0.100000 0.133333
0 0.351562 0.839583 0.100000 0.133333
0 0.698438 0.675000 0.100000 0.133333
0 0.771875 0.368750 0.100000 0.133333
0 0.668750 0.827083 0.100000 0.133333
0 0.839063 0.462500 0.100000 0.133333
0 0.415625 0.208333 0.100000 0.133333
0 0.818750 0.652083 0.100000 0.133333
0 0.789062 0.885417 0.100000 0.133333
0 0.732812 0.229167 0.100000 0.133333
0 0.567187 0.889583 0.100000 0.133333
0 0.606250 0.808333 0.100000 0.133333
0 0.685937 0.679167 0.100000 0.133333
0 0.781250 0.791667 0.100000 0.133333
0 0.864062 0.547917 0.100000 0.133333
0 0.873437 0.537500 0.100000 0.133333
0 0.643750 0.420833 0.100000 0.133333
0 0.298438 0.435417 0.100000 0.133333
0 0.342187 0.883333 0.100000 0.133333
0 0.167187 0.727083 0.100000 0.133333
0 0.434375 0.814583 0.100000 0.133333
0 0.610938 0.225000 0.100000 0.133333
0 0.562500 0.708333 0.100000 0.133333
0 0.401562 0.287500 0.100000 0.133333
0 0.423438 0.287500 0.100000 0.133333
0 0.570312 0.404167 0.100000 0.133333
0 0.375000 0.718750 0.100000 0.133333
0 0.732812 0.387500 0.100000 0.133333
0 0.287500 0.860417 0.100000 0.133333
0 0.559375 0.718750 0.100000 0.133333
0 0.253125 0.156250 0.100000 0.133333
0 0.748437 0.327083 0.100000 0.133333
0 0.356250 0.625000 0.100000 0.133333
0 0.565625 0.302083 0.100000 0.133333
0 0.654687 0.433333 0.100000 0.133333
0 0.648438 0.095833 0.100000 0.133333
0 0.340625 0.645833 0.100000 0.133333
0 0.512500 0.656250 0.100000 0.133333
0 0.359375 0.616667 0.100000 0.133333
0 0.525000 0.481250 0.100000 0.133333
0 0.110937 0.370833 0.100000 0.133333
0 0.148438 0.441667 0.100000 0.133333
0 0.353125 0.891667 0.100000 0.133333
1 0.440625 0.254167 0.100000 0.133333
1 0.801562 0.691667 0.100000 0.133333
1 0.384375 0.660417 0.100000 0.133333
1 0.742188 0.583333 0.100000 0.133333
1 0.064062 0.179167 0.100000 0.133333
