0 0.310937 0.697917 0.100000 0.133333
0 0.351562 0.781250 0.100000 0.133333
0 0.582812 0.091667 0.100000 0.133333
0 0.231250 0.085417 0.100000 0.133333
0 0.842187 0.752083 0.100000 0.133333
0 0.601562 0.281250 0.100000 0.133333
0 0.221875 0.072917 0.100000 0.133333
0 0.415625 0.331250 0.100000 0.133333
0 0.775000 0.718750 0.100000 0.133333
0 0.217188 0.316667 0.100000 0.133333
0 0.523438 0.693750 0.100000 0.133333
0 0.885938 0.493750 0.100000 0.133333
0 0.789062 0.397917 0.100000 0.133333
0 0.426563 0.070833 0.100000 0.133333
0 0.832812 0.675000 0.100000 0.133333
0 0.784375 0.695833 0.100000 0.133333
0 0.450000 0.304167 0.100000 0.133333
0 0.617188 0.416667 0.100000 0.133333
0 0.425000 0.172917 0.100000 0.133333
0 0.701562 0.531250 0.100000 0.133333
0 0.892188 0.525000 0.100000 0.133333
0 0.256250 0.662500 0.100000 0.133333
0 0.264062 0.502083 0.100000 0.133333
0 0.339062 0.202083 0.100000 0.133333
0 0.157812 0.354167 0.100000 0.133333
0 0.237500 0.333333 0.100000 0.133333
0 0.317188 0.425000 0.100000 0.133333
0 0.771875 0.072917 0.100000 0.133333
0 0.804688 0.510417 0.100000 0.133333
0 0.140625 0.650000 0.100000 0.133333
0 0.214062 0.456250 0.100000 0.133333
0 0.837500 0.685417 0.100000 0.133333
0 0.603125 0.502083 0.100000 0.133333
0 0.257812 0.402083 0.100000 0.133333
0 0.892188 0.233333 0.100000 0.133333
0 0.815625 0.175000 0.100000 0.133333
0 0.614062 0.772917 0.100000 0.133333
0 0.134375 0.516667 0.100000 0.133333
0 0.231250 0.706250 0.100000 0.133333
0 0.710938 0.885417 0.100000 0.133333
0 0.653125 0.116667 0.100000 0.133333
0 0.879687 0.385417 0.100000 0.133333
0 0.739062 0.875000 0.100000 0.133333
0 0.285938 0.137500 0.100000 0.133333
0 0.853125 0.133333 0.100000 0.133333
0 0.548438 0.589583 0.100000 0.133333
0 0.648438 0.364583 0.100000 0.133333
0 0.650000 0.850000 0.100000 0.133333
0 0.235937 0.564583 0.100000 0.133333
0 0.875000 0.297917 0.100000 0.133333
0 0.556250 0.575000 0.100000 0.133333
0 0.287500 0.743750 0.100000 0.133333
0 0.898438 0.354167 0.100000 0.133333
0 0.676562 0.250000 0.100000 0.133333
0 0.117188 0.527083 0.100000 0.133333
0 0.429688 0.381250 0.100000 0.133333
0 0.656250 0.156250 0.100000 0.133333
0 0.265625 0.762500 0.100000 0.133333
0 0.346875 0.329167 0.100000 0.133333
0 0.429688 0.566667 0.100000 0.133333
0 0.456250 0.643750 0.100000 0.133333
0 0.825000 0.289583 0.100000 0.133333
0 0.773438 0.787500 0.100000 0.133333
0 0.748437 0.518750 0.100000 0.133333
0 0.510938 0.689583 0.100000 0.133333
0 0.321875 0.685417 0.100000 0.133333
0 0.531250 0.637500 0.100000 0.133333
0 0.432812 0.272917 0.100000 0.133333
0 0.529687 0.108333 0.100000 0.133333
0 0.590625 0.777083 0.100000 0.133333
0 0.426563 0.306250 0.100000 0.133333
0 0.651563 0.860417 0.100000 0.133333
0 0.240625 0.304167 0.100000 0.133333
0 0.245312 0.866667 0.100000 0.133333
0 0.668750 0.687500 0.100000 0.133333
0 0.825000 0.370833 0.100000 0.133333
0 0.767188 0.091667 0.100000 0.133333
0 0.495312 0.316667 0.100000 0.133333
0 0.743750 0.525000 0.100000 0.133333
0 0.339062 0.356250 0.100000 0.133333
0 0.115625 0.564583 0.100000 0.133333
0 0.178125 0.389583 0.100000 0.133333
0 0.609375 0.406250 0.100000 0.133333
0 0.729688 0.822917 0.100000 0.133333
0 0.571875 0.745833 0.100000 0.133333
0 0.289062 0.558333 0.100000 0.133333
0 0.762500 0.387500 0.100000 0.133333
0 0.857812 0.081250 0.100000 0.133333
0 0.792188 0.687500 0.100000 0.133333
0 0.723437 0.412500 0.100000 0.133333
0 0.440625 0.354167 0.100000 0.133333
0 0.662500 0.864583 0.100000 0.133333
0 0.575000 0.502083 0.100000 0.133333
0 0.332813 0.789583 0.100000 0.133333
0 0.364063 0.322917 0.100000 0.133333
0 0.140625 0.866667 0.100000 0.133333
0 0.189062 0.737500 0.100000 0.133333
0 0.192188 0.583333 0.100000 0.133333
0 0.856250 0.110417 0.100000 0.133333
0 0.453125 0.535417 0.100000 0.133333
0 0.612500 0.231250 0.100000 0.133333
0 0.292187 0.266667 0.100000 0.133333
0 0.359375 0.658333 0.100000 0.133333
0 0.740625 0.118750 0.100000 0.133333
0 0.710938 0.285417 0.100000 0.133333
0 0.279687 0.418750 0.100000 0.133333
0 0.156250 0.414583 0.100000 0.133333
0 0.162500 0.106250 0.100000 0.133333
0 0.189062 0.866667 0.100000 0.133333
0 0.367188 0.841667 0.100000 0.133333
0 0.101562 0.350000 0.100000 0.133333
0 0.485938 0.095833 0.100000 0.133333
0 0.792188 0.570833 0.100000 0.133333
0 0.587500 0.316667 0.100000 0.133333
0 0.334375 0.741667 0.100000 0.133333
0 0.303125 0.608333 0.100000 0.133333
0 0.828125 0.333333 0.100000 0.133333
0 0.206250 0.497917 0.100000 0.133333
0 0.351562 0.108333 0.100000 0.133333
0 0.779687 0.710417 0.100000 0.133333
0 0.331250 0.479167 0.100000 0.133333
0 0.270313 0.543750 0.100000 0.133333
0 0.104688 0.552083 0.100000 0.133333
0 0.846875 0.372917 0.100000 0.133333
0 0.654687 0.214583 0.100000 0.133333
0 0.328125 0.172917 0.100000 0.133333
0 0.890625 0.147917 0.100000 0.133333
0 0.864062 0.725000 0.100000 0.133333
0 0.345313 0.166667 0.100000 0.133333
0 0.670312 0.666667 0.100000 0.133333
0 0.812500 0.775000 0.100000 0.133333
0 0.296875 0.443750 0.100000 0.133333
0 0.862500 0.718750 0.100000 0.133333
0 0.425000 0.447917 0.100000 0.133333
0 0.364063 0.791667 0.100000 0.133333
0 0.781250 0.800000 0.100000 0.133333
0 0.356250 0.170833 0.100000 0.133333
0 0.689063 0.075000 0.100000 0.133333
0 0.371875 0.337500 0.100000 0.133333
0 0.248438 0.752083 0.100000 0.133333
0 0.584375 0.508333 0.100000 0.133333
0 0.864062 0.866667 0.100000 0.133333
0 0.268750 0.325000 0.100000 0.133333
0 0.165625 0.637500 0.100000 0.133333
0 0.837500 0.631250 0.100000 0.133333
0 0.675000 0.750000 0.100000 0.133333
0 0.142187 0.429167 0.100000 0.133333
0 0.556250 0.195833 0.100000 0.133333
0 0.628125 0.475000 0.100000 0.133333
0 0.729688 0.566667 0.100000 0.133333
1 0.439063 0.154167 0.100000 0.133333
1 0.234375 0.272917 0.100000 0.133333
1 0.559375 0.722917 0.100000 0.133333
1 0.056250 0.479167 0.100000 0.133333
1 0.760938 0.341667 0.100000 0.133333
