0 0.467187 0.118750 0.100000 0.133333
0 0.521875 0.839583 0.100000 0.133333
0 0.665625 0.260417 0.100000 0.133333
0 0.584375 0.529167 0.100000 0.133333
0 0.332813 0.108333 0.100000 0.133333
0 0.728125 0.160417 0.100000 0.133333
0 0.226562 0.291667 0.100000 0.133333
0 0.803125 0.625000 0.100000 0.133333
0 0.226562 0.754167 0.100000 0.133333
0 0.492188 0.089583 0.100000 0.133333
0 0.232813 0.510417 0.100000 0.133333
0 0.609375 0.504167 0.100000 0.133333
0 0.814063 0.110417 0.100000 0.133333
0 0.564063 0.393750 0.100000 0.133333
0 0.884375 0.133333 0.100000 0.133333
0 0.176563 0.793750 0.100000 0.133333
0 0.371875 0.779167 0.100000 0.133333
0 0.737500 0.322917 0.100000 0.133333
0 0.520312 0.135417 0.100000 0.133333
0 0.803125 0.860417 0.100000 0.133333
0 0.332813 0.645833 0.100000 0.133333
0 0.343750 0.568750 0.100000 0.133333
0 0.110937 0.722917 0.100000 0.133333
0 0.581250 0.587500 0.100000 0.133333
0 0.150000 0.460417 0.100000 0.133333
0 0.531250 0.804167 0.100000 0.133333
0 0.532813 0.662500 0.100000 0.133333
0 0.514062 0.104167 0.100000 0.133333
0 0.631250 0.500000 0.100000 0.133333
0 0.160938 0.764583 0.100000 0.133333
0 0.848437 0.858333 0.100000 0.133333
0 0.315625 0.533333 0.100000 0.133333
0 0.107813 0.702083 0.100000 0.133333
0 0.728125 0.647917 0.100000 0.133333
0 0.589063 0.802083 0.100000 0.133333
0 0.162500 0.385417 0.100000 0.133333
0 0.689063 0.314583 0.100000 0.133333
0 0.789062 0.464583 0.100000 0.133333
0 0.885938 0.131250 0.100000 0.133333
0 0.785937 0.841667 0.100000 0.133333
0 0.146875 0.647917 0.100000 0.133333
0 0.720313 0.693750 0.100000 0.133333
0 0.262500 0.768750 0.100000 0.133333
0 0.793750 0.185417 0.100000 0.133333
0 0.539062 0.483333 0.100000 0.133333
0 0.342187 0.595833 0.100000 0.133333
0 0.406250 0.081250 0.100000 0.133333
0 0.107813 0.216667 0.100000 0.133333
0 0.237500 0.364583 0.100000 0.133333
0 0.529687 0.443750 0.100000 0.133333
0 0.523438 0.295833 0.100000 0.133333
0 0.254688 0.666667 0.100000 0.133333
0 0.151562 0.214583 0.100000 0.133333
0 0.231250 0.693750 0.100000 0.133333
0 0.871875 0.275000 0.100000 0.133333
0 0.268750 0.522917 0.100000 0.133333
0 0.714063 0.806250 0.100000 0.133333
0 0.600000 0.712500 0.100000 0.133333
0 0.425000 0.470833 0.100000 0.133333
0 0.504687 0.522917 0.100000 0.133333
0 0.659375 0.443750 0.100000 0.133333
0 0.854688 0.572917 0.100000 0.133333
0 0.875000 0.087500 0.100000 0.133333
0 0.518750 0.077083 0.100000 0.133333
0 0.682813 0.077083 0.100000 0.133333
0 0.239063 0.785417 0.100000 0.133333
0 0.843750 0.760417 0.100000 0.133333
0 0.796875 0.172917 0.100000 0.133333
0 0.782813 0.422917 0.100000 0.133333
0 0.281250 0.435417 0.100000 0.133333
0 0.875000 0.595833 0.100000 0.133333
0 0.576562 0.527083 0.100000 0.133333
0 0.639062 0.618750 0.100000 0.133333
0 0.239063 0.541667 0.100000 0.133333
0 0.310937 0.614583 0.100000 0.133333
0 0.193750 0.106250 0.100000 0.133333
0 0.132812 0.295833 0.100000 0.133333
0 0.189062 0.231250 0.100000 0.133333
0 0.401562 0.347917 0.100000 0.133333
0 0.514062 0.093750 0.100000 0.133333
0 0.834375 0.231250 0.100000 0.133333
0 0.528125 0.856250 0.100000 0.133333
0 0.548438 0.443750 0.100000 0.133333
0 0.643750 0.533333 0.100000 0.133333
0 0.793750 0.254167 0.100000 0.133333
0 0.840625 0.304167 0.100000 0.133333
0 0.292187 0.733333 0.100000 0.133333
0 0.682813 0.445833 0.100000 0.133333
0 0.501563 0.606250 0.100000 0.133333
0 0.537500 0.356250 0.100000 0.133333
0 0.321875 0.106250 0.100000 0.133333
0 0.828125 0.233333 0.100000 0.133333
0 0.585938 0.239583 0.100000 0.133333
0 0.746875 0.872917 0.100000 0.133333
0 0.895312 0.364583 0.100000 0.133333
0 0.235937 0.618750 0.100000 0.133333
0 0.581250 0.170833 0.100000 0.133333
0 0.181250 0.633333 0.100000 0.133333
0 0.453125 0.827083 0.100000 0.133333
0 0.426563 0.439583 0.100000 0.133333
0 0.625000 0.147917 0.100000 0.133333
0 0.734375 0.568750 0.100000 0.133333
0 0.320312 0.443750 0.100000 0.133333
0 0.568750 0.318750 0.100000 0.133333
0 0.798438 0.852083 0.100000 0.133333
0 0.835938 0.422917 0.100000 0.133333
0 0.428125 0.072917 0.100000 0.133333
0 0.392188 0.804167 0.100000 0.133333
0 0.825000 0.887500 0.100000 0.133333
0 0.521875 0.825000 0.100000 0.133333
0 0.857812 0.308333 0.100000 0.133333
0 0.867188 0.345833 0.100000 0.133333
0 0.140625 0.133333 0.100000 0.133333
0 0.214062 0.550000 0.100000 0.133333
0 0.637500 0.554167 0.100000 0.133333
0 0.684375 0.172917 0.100000 0.133333
0 0.221875 0.100000 0.100000 0.133333
0 0.523438 0.887500 0.100000 0.133333
0 0.428125 0.118750 0.100000 0.133333
0 0.165625 0.689583 0.100000 0.133333
0 0.334375 0.570833 0.100000 0.133333
0 0.423438 0.789583 0.100000 0.133333
0 0.575000 0.764583 0.100000 0.133333
0 0.400000 0.593750 0.100000 0.133333
0 0.746875 0.164583 0.100000 0.133333
0 0.245312 0.189583 0.100000 0.133333
0 0.115625 0.641667 0.100000 0.133333
0 0.495312 0.445833 0.100000 0.133333
0 0.834375 0.635417 0.100000 0.133333
0 0.876563 0.195833 0.100000 0.133333
0 0.681250 0.727083 0.100000 0.133333
0 0.271875 0.600000 0.100000 0.133333
0 0.768750 0.712500 0.100000 0.133333
0 0.678125 0.785417 0.100000 0.133333
0 0.775000 0.118750 0.100000 0.133333
0 0.201563 0.358333 0.100000 0.133333
0 0.785937 0.508333 0.100000 0.133333
0 0.268750 0.170833 0.100000 0.133333
0 0.487500 0.285417 0.100000 0.133333
0 0.365625 0.587500 0.100000 0.133333
0 0.251563 0.445833 0.100000 0.133333
0 0.673438 0.862500 0.100000 0.133333
0 0.443750 0.518750 0.100000 0.133333
0 0.653125 0.589583 0.100000 0.133333
0 0.429688 0.627083 0.100000 0.133333
0 0.459375 0.781250 0.100000 0.133333
0 0.853125 0.764583 0.100000 0.133333
0 0.650000 0.114583 0.100000 0.133333
0 0.114062 0.333333 0.100000 0.133333
0 0.540625 0.872917 0.100000 0.133333
1 0.660937 0.922917 0.100000 0.133333
1 0.710938 0.906250 0.100000 0.133333
1 0.325000 0.433333 0.100000 0.133333
1 0.150000 0.102083 0.100000 0.133333
1 0.595313 0.556250 0.100000 0.133333
