0 0.642188 0.137500 0.100000 0.133333
0 0.870313 0.618750 0.100000 0.133333
0 0.773438 0.864583 0.100000 0.133333
0 0.412500 0.725000 0.100000 0.133333
0 0.696875 0.556250 0.100000 0.133333
0 0.350000 0.522917 0.100000 0.133333
0 0.162500 0.760417 0.100000 0.133333
0 0.364063 0.581250 0.100000 0.133333
0 0.765625 0.150000 0.100000 0.133333
0 0.287500 0.591667 0.100000 0.133333
0 0.814063 0.275000 0.100000 0.133333
0 0.709375 0.285417 0.100000 0.133333
0 0.864062 0.422917 0.100000 0.133333
0 0.692187 0.368750 0.100000 0.133333
0 0.181250 0.629167 0.100000 0.133333
0 0.620313 0.150000 0.100000 0.133333
0 0.739062 0.606250 0.100000 0.133333
0 0.776563 0.512500 0.100000 0.133333
0 0.507812 0.660417 0.100000 0.133333
0 0.143750 0.093750 0.100000 0.133333
0 0.484375 0.156250 0.100000 0.133333
0 0.317188 0.675000 0.100000 0.133333
0 0.568750 0.489583 0.100000 0.133333
0 0.317188 0.816667 0.100000 0.133333
0 0.506250 0.583333 0.100000 0.133333
0 0.568750 0.839583 0.100000 0.133333
0 0.631250 0.572917 0.100000 0.133333
0 0.868750 0.279167 0.100000 0.133333
0 0.784375 0.200000 0.100000 0.133333
0 0.693750 0.625000 0.100000 0.133333
0 0.850000 0.106250 0.100000 0.133333
0 0.353125 0.764583 0.100000 0.133333
0 0.596875 0.720833 0.100000 0.133333
0 0.243750 0.370833 0.100000 0.133333
0 0.737500 0.412500 0.100000 0.133333
0 0.900000 0.568750 0.100000 0.133333
0 0.667188 0.152083 0.100000 0.133333
0 0.256250 0.802083 0.100000 0.133333
0 0.487500 0.239583 0.100000 0.133333
0 0.709375 0.752083 0.100000 0.133333
0 0.695312 0.789583 0.100000 0.133333
0 0.400000 0.643750 0.100000 0.133333
0 0.348438 0.747917 0.100000 0.133333
0 0.403125 0.435417 0.100000 0.133333
0 0.246875 0.358333 0.100000 0.133333
0 0.287500 0.639583 0.100000 0.133333
0 0.326562 0.845833 0.100000 0.133333
0 0.503125 0.716667 0.100000 0.133333
0 0.396875 0.447917 0.100000 0.133333
0 0.870313 0.454167 0.100000 0.133333
0 0.537500 0.268750 0.100000 0.133333
0 0.564063 0.233333 0.100000 0.133333
0 0.379688 0.364583 0.100000 0.133333
0 0.865625 0.816667 0.100000 0.133333
0 0.546875 0.587500 0.100000 0.133333
0 0.618750 0.162500 0.100000 0.133333
0 0.543750 0.858333 0.100000 0.133333
0 0.634375 0.106250 0.100000 0.133333
0 0.329688 0.747917 0.100000 0.133333
0 0.548438 0.535417 0.100000 0.133333
0 0.609375 0.125000 0.100000 0.133333
0 0.248438 0.077083 0.100000 0.133333
0 0.175000 0.125000 0.100000 0.133333
0 0.510938 0.870833 0.100000 0.133333
0 0.164062 0.685417 0.100000 0.133333
0 0.668750 0.145833 0.100000 0.133333
0 0.879687 0.525000 0.100000 0.133333
0 0.467187 0.670833 0.100000 0.133333
0 0.734375 0.631250 0.100000 0.133333
0 0.634375 0.231250 0.100000 0.133333
0 0.870313 0.627083 0.100000 0.133333
0 0.746875 0.541667 0.100000 0.133333
0 0.235937 0.495833 0.100000 0.133333
0 0.729688 0.764583 0.100000 0.133333
0 0.443750 0.727083 0.100000 0.133333
0 0.523438 0.827083 0.100000 0.133333
0 0.462500 0.079167 0.100000 0.133333
0 0.525000 0.125000 0.100000 0.133333
0 0.607812 0.762500 0.100000 0.133333
0 0.870313 0.570833 0.100000 0.133333
0 0.740625 0.433333 0.100000 0.133333
0 0.781250 0.704167 0.100000 0.133333
0 0.881250 0.735417 0.100000 0.133333
0 0.148438 0.610417 0.100000 0.133333
0 0.340625 0.827083 0.100000 0.133333
0 0.842187 0.152083 0.100000 0.133333
0 0.515625 0.125000 0.100000 0.133333
0 0.157812 0.712500 0.100000 0.133333
0 0.198437 0.800000 0.100000 0.133333
0 0.521875 0.506250 0.100000 0.133333
0 0.240625 0.397917 0.100000 0.133333
0 0.181250 0.206250 0.100000 0.133333
0 0.821875 0.408333 0.100000 0.133333
0 0.737500 0.691667 0.100000 0.133333
0 0.721875 0.254167 0.100000 0.133333
0 0.398438 0.858333 0.100000 0.133333
0 0.515625 0.164583 0.100000 0.133333
0 0.226562 0.127083 0.100000 0.133333
0 0.506250 0.377083 0.100000 0.133333
0 0.690625 0.218750 0.100000 0.133333
0 0.645312 0.500000 0.100000 0.133333
0 0.320312 0.747917 0.100000 0.133333
0 0.340625 0.070833 0.100000 0.133333
0 0.268750 0.250000 0.100000 0.133333
0 0.212500 0.604167 0.100000 0.133333
0 0.282813 0.664583 0.100000 0.133333
0 0.565625 0.418750 0.100000 0.133333
0 0.150000 0.318750 0.100000 0.133333
0 0.476562 0.477083 0.100000 0.133333
0 0.757812 0.583333 0.100000 0.133333
0 0.801562 0.658333 0.100000 0.133333
0 0.632812 0.102083 0.100000 0.133333
0 0.435937 0.297917 0.100000 0.133333
0 0.701562 0.833333 0.100000 0.133333
0 0.229687 0.410417 0.100000 0.133333
0 0.735938 0.262500 0.100000 0.133333
0 0.457813 0.539583 0.100000 0.133333
0 0.210938 0.364583 0.100000 0.133333
0 0.645312 0.825000 0.100000 0.133333
0 0.731250 0.764583 0.100000 0.133333
0 0.700000 0.102083 0.100000 0.133333
0 0.565625 0.354167 0.100000 0.133333
0 0.131250 0.710417 0.100000 0.133333
0 0.504687 0.595833 0.100000 0.133333
0 0.545312 0.470833 0.100000 0.133333
0 0.457813 0.483333 0.100000 0.133333
0 0.695312 0.133333 0.100000 0.133333
0 0.389062 0.139583 0.100000 0.133333
0 0.596875 0.262500 0.100000 0.133333
0 0.510938 0.347917 0.100000 0.133333
0 0.804688 0.214583 0.100000 0.133333
0 0.170313 0.506250 0.100000 0.133333
0 0.814063 0.618750 0.100000 0.133333
0 0.310937 0.687500 0.100000 0.133333
0 0.612500 0.535417 0.100000 0.133333
0 0.709375 0.754167 0.100000 0.133333
0 0.353125 0.406250 0.100000 0.133333
0 0.434375 0.502083 0.100000 0.133333
0 0.439063 0.758333 0.100000 0.133333
0 0.112500 0.079167 0.100000 0.133333
0 0.754687 0.281250 0.100000 0.133333
0 0.384375 0.593750 0.100000 0.133333
0 0.617188 0.500000 0.100000 0.133333
0 0.334375 0.702083 0.100000 0.133333
0 0.750000 0.329167 0.100000 0.133333
0 0.664062 0.877083 0.100000 0.133333
0 0.451562 0.439583 0.100000 0.133333
0 0.564063 0.683333 0.100000 0.133333
0 0.518750 0.383333 0.100000 0.133333
0 0.837500 0.800000 0.100000 0.133333
1 0.085938 0.439583 0.100000 0.133333
1 0.618750 0.283333 0.100000 0.133333
1 0.148438 0.893750 0.100000 0.133333
1 0.578125 0.770833 0.100000 0.133333
1 0.167187 0.527083 0.100000 0.133333
