0 0.571875 0.518750 0.100000 0.133333
0 0.509375 0.235417 0.100000 0.133333
0 0.731250 0.347917 0.100000 0.133333
0 0.195312 0.602083 0.100000 0.133333
0 0.487500 0.789583 0.100000 0.133333
0 0.823438 0.287500 0.100000 0.133333
0 0.650000 0.456250 0.100000 0.133333
0 0.103125 0.204167 0.100000 0.133333
0 0.885938 0.197917 0.100000 0.133333
0 0.784375 0.479167 0.100000 0.133333
0 0.126562 0.516667 0.100000 0.133333
0 0.181250 0.345833 0.100000 0.133333
0 0.185938 0.533333 0.100000 0.133333
0 0.362500 0.847917 0.100000 0.133333
0 0.443750 0.858333 0.100000 0.133333
0 0.679688 0.735417 0.100000 0.133333
0 0.696875 0.422917 0.100000 0.133333
0 0.217188 0.100000 0.100000 0.133333
0 0.659375 0.154167 0.100000 0.133333
0 0.321875 0.679167 0.100000 0.133333
0 0.607812 0.135417 0.100000 0.133333
0 0.131250 0.350000 0.100000 0.133333
0 0.278125 0.202083 0.100000 0.133333
0 0.585938 0.447917 0.100000 0.133333
0 0.426563 0.616667 0.100000 0.133333
0 0.271875 0.168750 0.100000 0.133333
0 0.442188 0.531250 0.100000 0.133333
0 0.120313 0.885417 0.100000 0.133333
0 0.800000 0.502083 0.100000 0.133333
0 0.601562 0.389583 0.100000 0.133333
0 0.835938 0.164583 0.100000 0.133333
0 0.176563 0.122917 0.100000 0.133333
0 0.728125 0.885417 0.100000 0.133333
0 0.559375 0.166667 0.100000 0.133333
0 0.729688 0.891667 0.100000 0.133333
0 0.664062 0.441667 0.100000 0.133333
0 0.771875 0.358333 0.100000 0.133333
0 0.643750 0.072917 0.100000 0.133333
0 0.893750 0.522917 0.100000 0.133333
0 0.401562 0.716667 0.100000 0.133333
0 0.579688 0.070833 0.100000 0.133333
0 0.343750 0.352083 0.100000 0.133333
0 0.514062 0.654167 0.100000 0.133333
0 0.609375 0.870833 0.100000 0.133333
0 0.282813 0.277083 0.100000 0.133333
0 0.454688 0.362500 0.100000 0.133333
0 0.621875 0.443750 0.100000 0.133333
0 0.325000 0.302083 0.100000 0.133333
0 0.542188 0.602083 0.100000 0.133333
0 0.687500 0.462500 0.100000 0.133333
0 0.490625 0.481250 0.100000 0.133333
0 0.812500 0.458333 0.100000 0.133333
0 0.862500 0.506250 0.100000 0.133333
0 0.568750 0.383333 0.100000 0.133333
0 0.857812 0.283333 0.100000 0.133333
0 0.206250 0.458333 0.100000 0.133333
0 0.492188 0.731250 0.100000 0.133333
0 0.250000 0.135417 0.100000 0.133333
0 0.754687 0.393750 0.100000 0.133333
0 0.596875 0.325000 0.100000 0.133333
0 0.645312 0.243750 0.100000 0.133333
0 0.262500 0.445833 0.100000 0.133333
0 0.628125 0.125000 0.100000 0.133333
0 0.648438 0.806250 0.100000 0.133333
0 0.103125 0.245833 0.100000 0.133333
0 0.117188 0.175000 0.100000 0.133333
0 0.267188 0.760417 0.100000 0.133333
0 0.793750 0.252083 0.100000 0.133333
0 0.501563 0.583333 0.100000 0.133333
0 0.523438 0.839583 0.100000 0.133333
0 0.165625 0.472917 0.100000 0.133333
0 0.770312 0.229167 0.100000 0.133333
0 0.567187 0.558333 0.100000 0.133333
0 0.795312 0.400000 0.100000 0.133333
0 0.404687 0.758333 0.100000 0.133333
0 0.203125 0.720833 0.100000 0.133333
0 0.637500 0.612500 0.100000 0.133333
0 0.668750 0.502083 0.100000 0.133333
0 0.304688 0.229167 0.100000 0.133333
0 0.312500 0.858333 0.100000 0.133333
0 0.721875 0.779167 0.100000 0.133333
0 0.628125 0.775000 0.100000 0.133333
0 0.512500 0.566667 0.100000 0.133333
0 0.557813 0.725000 0.100000 0.133333
0 0.518750 0.216667 0.100000 0.133333
0 0.671875 0.429167 0.100000 0.133333
0 0.676562 0.814583 0.100000 0.133333
0 0.407813 0.760417 0.100000 0.133333
0 0.626563 0.227083 0.100000 0.133333
0 0.584375 0.752083 0.100000 0.133333
0 0.746875 0.337500 0.100000 0.133333
0 0.895312 0.470833 0.100000 0.133333
0 0.293750 0.539583 0.100000 0.133333
0 0.793750 0.197917 0.100000 0.133333
0 0.687500 0.843750 0.100000 0.133333
0 0.468750 0.697917 0.100000 0.133333
0 0.307812 0.627083 0.100000 0.133333
0 0.295312 0.497917 0.100000 0.133333
0 0.315625 0.591667 0.100000 0.133333
0 0.857812 0.337500 0.100000 0.133333
0 0.612500 0.175000 0.100000 0.133333
0 0.851562 0.404167 0.100000 0.133333
0 0.371875 0.235417 0.100000 0.133333
0 0.259375 0.841667 0.100000 0.133333
0 0.540625 0.162500 0.100000 0.133333
0 0.256250 0.106250 0.100000 0.133333
0 0.856250 0.125000 0.100000 0.133333
0 0.535937 0.206250 0.100000 0.133333
0 0.184375 0.725000 0.100000 0.133333
0 0.262500 0.277083 0.100000 0.133333
0 0.764062 0.341667 0.100000 0.133333
0 0.246875 0.854167 0.100000 0.133333
0 0.376563 0.864583 0.100000 0.133333
0 0.818750 0.204167 0.100000 0.133333
0 0.557813 0.495833 0.100000 0.133333
0 0.143750 0.577083 0.100000 0.133333
0 0.551562 0.141667 0.100000 0.133333
0 0.656250 0.652083 0.100000 0.133333
0 0.607812 0.397917 0.100000 0.133333
0 0.679688 0.185417 0.100000 0.133333
0 0.381250 0.593750 0.100000 0.133333
0 0.412500 0.858333 0.100000 0.133333
0 0.425000 0.243750 0.100000 0.133333
0 0.159375 0.366667 0.100000 0.133333
0 0.181250 0.879167 0.100000 0.133333
0 0.398438 0.181250 0.100000 0.133333
0 0.473438 0.777083 0.100000 0.133333
0 0.684375 0.741667 0.100000 0.133333
0 0.343750 0.160417 0.100000 0.133333
0 0.148438 0.795833 0.100000 0.133333
0 0.200000 0.345833 0.100000 0.133333
0 0.415625 0.279167 0.100000 0.133333
0 0.409375 0.070833 0.100000 0.133333
0 0.823438 0.672917 0.100000 0.133333
0 0.528125 0.306250 0.100000 0.133333
0 0.893750 0.291667 0.100000 0.133333
0 0.481250 0.497917 0.100000 0.133333
0 0.798438 0.675000 0.100000 0.133333
0 0.454688 0.108333 0.100000 0.133333
0 0.157812 0.227083 0.100000 0.133333
0 0.831250 0.331250 0.100000 0.133333
0 0.787500 0.633333 0.100000 0.133333
0 0.139063 0.589583 0.100000 0.133333
0 0.692187 0.525000 0.100000 0.133333
0 0.534375 0.554167 0.100000 0.133333
0 0.523438 0.800000 0.100000 0.133333
0 0.254688 0.279167 0.100000 0.133333
0 0.435937 0.606250 0.100000 0.133333
0 0.153125 0.072917 0.100000 0.133333
0 0.825000 0.641667 0.100000 0.133333
1 0.859375 0.631250 0.100000 0.133333
1 0.389062 0.458333 0.100000 0.133333
1 0.264062 0.212500 0.100000 0.133333
1 0.526563 0.806250 0.100000 0.133333
1 0.765625 0.822917 0.100000 0.133333
