0 0.529687 0.856250 0.100000 0.133333
0 0.223438 0.233333 0.100000 0.133333
0 0.592187 0.718750 0.100000 0.133333
0 0.840625 0.462500 0.100000 0.133333
0 0.262500 0.385417 0.100000 0.133333
0 0.732812 0.458333 0.100000 0.133333
0 0.423438 0.793750 0.100000 0.133333
0 0.709375 0.187500 0.100000 0.133333
0 0.237500 0.462500 0.100000 0.133333
0 0.715625 0.404167 0.100000 0.133333
0 0.165625 0.800000 0.100000 0.133333
0 0.778125 0.658333 0.100000 0.133333
0 0.600000 0.554167 0.100000 0.133333
0 0.539062 0.385417 0.100000 0.133333
0 0.343750 0.133333 0.100000 0.133333
0 0.267188 0.197917 0.100000 0.133333
0 0.587500 0.202083 0.100000 0.133333
0 0.623437 0.841667 0.100000 0.133333
0 0.771875 0.787500 0.100000 0.133333
0 0.634375 0.564583 0.100000 0.133333
0 0.898438 0.118750 0.100000 0.133333
0 0.573438 0.312500 0.100000 0.133333
0 0.473438 0.104167 0.100000 0.133333
0 0.378125 0.154167 0.100000 0.133333
0 0.532813 0.731250 0.100000 0.133333
0 0.123438 0.860417 0.100000 0.133333
0 0.240625 0.839583 0.100000 0.133333
0 0.795312 0.695833 0.100000 0.133333
0 0.364063 0.768750 0.100000 0.133333
0 0.653125 0.256250 0.100000 0.133333
0 0.860938 0.862500 0.100000 0.133333
0 0.517188 0.831250 0.100000 0.133333
0 0.428125 0.750000 0.100000 0.133333
0 0.265625 0.143750 0.100000 0.133333
0 0.504687 0.141667 0.100000 0.133333
0 0.428125 0.485417 0.100000 0.133333
0 0.137500 0.743750 0.100000 0.133333
0 0.762500 0.222917 0.100000 0.133333
0 0.814063 0.764583 0.100000 0.133333
0 0.421875 0.564583 0.100000 0.133333
0 0.303125 0.522917 0.100000 0.133333
0 0.601562 0.160417 0.100000 0.133333
0 0.495312 0.660417 0.100000 0.133333
0 0.892188 0.843750 0.100000 0.133333
0 0.503125 0.441667 0.100000 0.133333
0 0.532813 0.158333 0.100000 0.133333
0 0.309375 0.212500 0.100000 0.133333
0 0.790625 0.595833 0.100000 0.133333
0 0.334375 0.875000 0.100000 0.133333
0 0.293750 0.808333 0.100000 0.133333
0 0.209375 0.870833 0.100000 0.133333
0 0.482812 0.695833 0.100000 0.133333
0 0.145313 0.341667 0.100000 0.133333
0 0.896875 0.139583 0.100000 0.133333
0 0.617188 0.733333 0.100000 0.133333
0 0.540625 0.377083 0.100000 0.133333
0 0.229687 0.722917 0.100000 0.133333
0 0.431250 0.350000 0.100000 0.133333
0 0.404687 0.781250 0.100000 0.133333
0 0.585938 0.791667 0.100000 0.133333
0 0.764062 0.327083 0.100000 0.133333
0 0.714063 0.514583 0.100000 0.133333
0 0.184375 0.233333 0.100000 0.133333
0 0.229687 0.393750 0.100000 0.133333
0 0.665625 0.491667 0.100000 0.133333
0 0.725000 0.647917 0.100000 0.133333
0 0.589063 0.816667 0.100000 0.133333
0 0.381250 0.114583 0.100000 0.133333
0 0.323437 0.627083 0.100000 0.133333
0 0.523438 0.652083 0.100000 0.133333
0 0.323437 0.677083 0.100000 0.133333
0 0.320312 0.143750 0.100000 0.133333
0 0.345313 0.175000 0.100000 0.133333
0 0.529687 0.720833 0.100000 0.133333
0 0.776563 0.316667 0.100000 0.133333
0 0.140625 0.400000 0.100000 0.133333
0 0.726562 0.660417 0.100000 0.133333
0 0.123438 0.431250 0.100000 0.133333
0 0.109375 0.320833 0.100000 0.133333
0 0.350000 0.091667 0.100000 0.133333
0 0.464062 0.377083 0.100000 0.133333
0 0.517188 0.275000 0.100000 0.133333
0 0.162500 0.197917 0.100000 0.133333
0 0.715625 0.514583 0.100000 0.133333
0 0.301563 0.491667 0.100000 0.133333
0 0.417187 0.506250 0.100000 0.133333
0 0.735938 0.466667 0.100000 0.133333
0 0.171875 0.677083 0.100000 0.133333
0 0.854688 0.875000 0.100000 0.133333
0 0.415625 0.327083 0.100000 0.133333
0 0.589063 0.381250 0.100000 0.133333
0 0.851562 0.260417 0.100000 0.133333
0 0.792188 0.531250 0.100000 0.133333
0 0.346875 0.170833 0.100000 0.133333
0 0.270313 0.793750 0.100000 0.133333
0 0.490625 0.797917 0.100000 0.133333
0 0.650000 0.533333 0.100000 0.133333
0 0.196875 0.841667 0.100000 0.133333
0 0.248438 0.204167 0.100000 0.133333
0 0.462500 0.183333 0.100000 0.133333
0 0.873437 0.108333 0.100000 0.133333
0 0.582812 0.747917 0.100000 0.133333
0 0.796875 0.772917 0.100000 0.133333
0 0.656250 0.112500 0.100000 0.133333
0 0.485938 0.762500 0.100000 0.133333
0 0.440625 0.535417 0.100000 0.133333
0 0.682813 0.781250 0.100000 0.133333
0 0.565625 0.183333 0.100000 0.133333
0 0.232813 0.322917 0.100000 0.133333
0 0.426563 0.870833 0.100000 0.133333
0 0.240625 0.222917 0.100000 0.133333
0 0.392188 0.375000 0.100000 0.133333
0 0.306250 0.616667 0.100000 0.133333
0 0.439063 0.818750 0.100000 0.133333
0 0.556250 0.129167 0.100000 0.133333
0 0.115625 0.822917 0.100000 0.133333
0 0.232813 0.441667 0.100000 0.133333
0 0.384375 0.316667 0.100000 0.133333
0 0.698438 0.443750 0.100000 0.133333
0 0.762500 0.733333 0.100000 0.133333
0 0.810937 0.283333 0.100000 0.133333
0 0.184375 0.160417 0.100000 0.133333
0 0.531250 0.468750 0.100000 0.133333
0 0.778125 0.320833 0.100000 0.133333
0 0.851562 0.825000 0.100000 0.133333
0 0.687500 0.239583 0.100000 0.133333
0 0.632812 0.089583 0.100000 0.133333
0 0.660937 0.843750 0.100000 0.133333
0 0.478125 0.831250 0.100000 0.133333
0 0.210938 0.756250 0.100000 0.133333
0 0.835938 0.220833 0.100000 0.133333
0 0.621875 0.247917 0.100000 0.133333
0 0.121875 0.075000 0.100000 0.133333
0 0.334375 0.085417 0.100000 0.133333
0 0.640625 0.597917 0.100000 0.133333
0 0.126562 0.420833 0.100000 0.133333
0 0.546875 0.358333 0.100000 0.133333
0 0.471875 0.435417 0.100000 0.133333
0 0.150000 0.454167 0.100000 0.133333
0 0.668750 0.525000 0.100000 0.133333
0 0.456250 0.595833 0.100000 0.133333
0 0.343750 0.327083 0.100000 0.133333
0 0.496875 0.172917 0.100000 0.133333
0 0.571875 0.327083 0.100000 0.133333
0 0.590625 0.341667 0.100000 0.133333
0 0.123438 0.641667 0.100000 0.133333
0 0.576562 0.106250 0.100000 0.133333
0 0.637500 0.875000 0.100000 0.133333
0 0.276562 0.750000 0.100000 0.133333
0 0.125000 0.077083 0.100000 0.133333
1 0.075000 0.900000 0.100000 0.133333
1 0.403125 0.458333 0.100000 0.133333
1 0.173437 0.222917 0.100000 0.133333
1 0.092188 0.504167 0.100000 0.133333
1 0.129688 0.325000 0.100000 0.133333
