0 0.400000 0.191667 0.100000 0.133333
0 0.267188 0.575000 0.100000 0.133333
0 0.606250 0.552083 0.100000 0.133333
0 0.117188 0.616667 0.100000 0.133333
0 0.629687 0.841667 0.100000 0.133333
0 0.109375 0.306250 0.100000 0.133333
0 0.131250 0.691667 0.100000 0.133333
0 0.515625 0.316667 0.100000 0.133333
0 0.345313 0.408333 0.100000 0.133333
0 0.151562 0.241667 0.100000 0.133333
0 0.123438 0.345833 0.100000 0.133333
0 0.310937 0.677083 0.100000 0.133333
0 0.120313 0.554167 0.100000 0.133333
0 0.173437 0.193750 0.100000 0.133333
0 0.564063 0.264583 0.100000 0.133333
0 0.643750 0.150000 0.100000 0.133333
0 0.873437 0.237500 0.100000 0.133333
0 0.337500 0.308333 0.100000 0.133333
0 0.290625 0.810417 0.100000 0.133333
0 0.868750 0.706250 0.100000 0.133333
0 0.648438 0.527083 0.100000 0.133333
0 0.471875 0.531250 0.100000 0.133333
0 0.653125 0.870833 0.100000 0.133333
0 0.710938 0.470833 0.100000 0.133333
0 0.103125 0.100000 0.100000 0.133333
0 0.800000 0.331250 0.100000 0.133333
0 0.456250 0.325000 0.100000 0.133333
0 0.293750 0.712500 0.100000 0.133333
0 0.223438 0.129167 0.100000 0.133333
0 0.890625 0.091667 0.100000 0.133333
0 0.246875 0.420833 0.100000 0.133333
0 0.156250 0.831250 0.100000 0.133333
0 0.384375 0.508333 0.100000 0.133333
0 0.740625 0.160417 0.100000 0.133333
0 0.510938 0.093750 0.100000 0.133333
0 0.431250 0.229167 0.100000 0.133333
0 0.603125 0.195833 0.100000 0.133333
0 0.668750 0.222917 0.100000 0.133333
0 0.412500 0.479167 0.100000 0.133333
0 0.715625 0.620833 0.100000 0.133333
0 0.306250 0.079167 0.100000 0.133333
0 0.560937 0.252083 0.100000 0.133333
0 0.707812 0.685417 0.100000 0.133333
0 0.429688 0.527083 0.100000 0.133333
0 0.489063 0.639583 0.100000 0.133333
0 0.470313 0.625000 0.100000 0.133333
0 0.334375 0.300000 0.100000 0.133333
0 0.885938 0.572917 0.100000 0.133333
0 0.195312 0.200000 0.100000 0.133333
0 0.482812 0.577083 0.100000 0.133333
0 0.700000 0.314583 0.100000 0.133333
0 0.443750 0.120833 0.100000 0.133333
0 0.217188 0.750000 0.100000 0.133333
0 0.800000 0.300000 0.100000 0.133333
0 0.206250 0.404167 0.100000 0.133333
0 0.160938 0.491667 0.100000 0.133333
0 0.817187 0.629167 0.100000 0.133333
0 0.335938 0.845833 0.100000 0.133333
0 0.535937 0.120833 0.100000 0.133333
0 0.671875 0.810417 0.100000 0.133333
0 0.240625 0.585417 0.100000 0.133333
0 0.756250 0.697917 0.100000 0.133333
0 0.465625 0.333333 0.100000 0.133333
0 0.159375 0.737500 0.100000 0.133333
0 0.760938 0.404167 0.100000 0.133333
0 0.131250 0.431250 0.100000 0.133333
0 0.726562 0.239583 0.100000 0.133333
0 0.770312 0.881250 0.100000 0.133333
0 0.118750 0.685417 0.100000 0.133333
0 0.704688 0.835417 0.100000 0.133333
0 0.478125 0.225000 0.100000 0.133333
0 0.393750 0.202083 0.100000 0.133333
0 0.756250 0.656250 0.100000 0.133333
0 0.262500 0.677083 0.100000 0.133333
0 0.362500 0.647917 0.100000 0.133333
0 0.209375 0.660417 0.100000 0.133333
0 0.818750 0.864583 0.100000 0.133333
0 0.143750 0.335417 0.100000 0.133333
0 0.367188 0.141667 0.100000 0.133333
0 0.101562 0.220833 0.100000 0.133333
0 0.106250 0.679167 0.100000 0.133333
0 0.181250 0.814583 0.100000 0.133333
0 0.589063 0.666667 0.100000 0.133333
0 0.128125 0.589583 0.100000 0.133333
0 0.167187 0.631250 0.100000 0.133333
0 0.876563 0.472917 0.100000 0.133333
0 0.101562 0.079167 0.100000 0.133333
0 0.406250 0.158333 0.100000 0.133333
0 0.525000 0.522917 0.100000 0.133333
0 0.212500 0.452083 0.100000 0.133333
0 0.428125 0.368750 0.100000 0.133333
0 0.410938 0.520833 0.100000 0.133333
0 0.318750 0.214583 0.100000 0.133333
0 0.523438 0.581250 0.100000 0.133333
0 0.540625 0.558333 0.100000 0.133333
0 0.181250 0.143750 0.100000 0.133333
0 0.784375 0.727083 0.100000 0.133333
0 0.550000 0.827083 0.100000 0.133333
0 0.598437 0.439583 0.100000 0.133333
0 0.292187 0.087500 0.100000 0.133333
0 0.542188 0.772917 0.100000 0.133333
0 0.254688 0.541667 0.100000 0.133333
0 0.287500 0.833333 0.100000 0.133333
0 0.392188 0.368750 0.100000 0.133333
0 0.440625 0.693750 0.100000 0.133333
0 0.875000 0.220833 0.100000 0.133333
0 0.889062 0.633333 0.100000 0.133333
0 0.187500 0.087500 0.100000 0.133333
0 0.496875 0.341667 0.100000 0.133333
0 0.859375 0.187500 0.100000 0.133333
0 0.214062 0.685417 0.100000 0.133333
0 0.567187 0.847917 0.100000 0.133333
0 0.692187 0.135417 0.100000 0.133333
0 0.540625 0.770833 0.100000 0.133333
0 0.860938 0.077083 0.100000 0.133333
0 0.853125 0.560417 0.100000 0.133333
0 0.345313 0.468750 0.100000 0.133333
0 0.168750 0.489583 0.100000 0.133333
0 0.453125 0.714583 0.100000 0.133333
0 0.362500 0.462500 0.100000 0.133333
0 0.618750 0.414583 0.100000 0.133333
0 0.707812 0.891667 0.100000 0.133333
0 0.237500 0.502083 0.100000 0.133333
0 0.237500 0.518750 0.100000 0.133333
0 0.795312 0.545833 0.100000 0.133333
0 0.596875 0.889583 0.100000 0.133333
0 0.765625 0.604167 0.100000 0.133333
0 0.292187 0.204167 0.100000 0.133333
0 0.845313 0.470833 0.100000 0.133333
0 0.798438 0.520833 0.100000 0.133333
0 0.643750 0.772917 0.100000 0.133333
0 0.640625 0.170833 0.100000 0.133333
0 0.664062 0.279167 0.100000 0.133333
0 0.329688 0.166667 0.100000 0.133333
0 0.610938 0.812500 0.100000 0.133333
0 0.664062 0.654167 0.100000 0.133333
0 0.859375 0.731250 0.100000 0.133333
0 0.537500 0.268750 0.100000 0.133333
0 0.357812 0.447917 0.100000 0.133333
0 0.671875 0.339583 0.100000 0.133333
0 0.357812 0.131250 0.100000 0.133333
0 0.629687 0.606250 0.100000 0.133333
0 0.784375 0.293750 0.100000 0.133333
0 0.289062 0.535417 0.100000 0.133333
0 0.304688 0.725000 0.100000 0.133333
0 0.653125 0.381250 0.100000 0.133333
0 0.387500 0.795833 0.100000 0.133333
0 0.717187 0.216667 0.100000 0.133333
0 0.684375 0.345833 0.100000 0.133333
0 0.828125 0.852083 0.100000 0.133333
1 0.762500 0.654167 0.100000 0.133333
1 0.804688 0.908333 0.100000 0.133333
1 0.204687 0.377083 0.100000 0.133333
1 0.334375 0.135417 0.100000 0.133333
1 0.760938 0.262500 0.100000 0.133333
