0 0.210938 0.597917 0.100000 0.133333
0 0.809375 0.227083 0.100000 0.133333
0 0.343750 0.210417 0.100000 0.133333
0 0.492188 0.268750 0.100000 0.133333
0 0.732812 0.666667 0.100000 0.133333
0 0.889062 0.725000 0.100000 0.133333
0 0.800000 0.312500 0.100000 0.133333
0 0.523438 0.070833 0.100000 0.133333
0 0.182812 0.747917 0.100000 0.133333
0 0.676562 0.527083 0.100000 0.133333
0 0.234375 0.691667 0.100000 0.133333
0 0.332813 0.829167 0.100000 0.133333
0 0.390625 0.072917 0.100000 0.133333
0 0.790625 0.320833 0.100000 0.133333
0 0.673438 0.743750 0.100000 0.133333
0 0.425000 0.429167 0.100000 0.133333
0 0.837500 0.283333 0.100000 0.133333
0 0.103125 0.310417 0.100000 0.133333
0 0.632812 0.112500 0.100000 0.133333
0 0.725000 0.495833 0.100000 0.133333
0 0.235937 0.262500 0.100000 0.133333
0 0.150000 0.310417 0.100000 0.133333
0 0.785937 0.289583 0.100000 0.133333
0 0.178125 0.079167 0.100000 0.133333
0 0.240625 0.552083 0.100000 0.133333
0 0.689063 0.672917 0.100000 0.133333
0 0.415625 0.816667 0.100000 0.133333
0 0.276562 0.658333 0.100000 0.133333
0 0.807813 0.160417 0.100000 0.133333
0 0.875000 0.512500 0.100000 0.133333
0 0.275000 0.747917 0.100000 0.133333
0 0.112500 0.175000 0.100000 0.133333
0 0.346875 0.145833 0.100000 0.133333
0 0.731250 0.854167 0.100000 0.133333
0 0.521875 0.395833 0.100000 0.133333
0 0.303125 0.245833 0.100000 0.133333
0 0.587500 0.508333 0.100000 0.133333
0 0.643750 0.395833 0.100000 0.133333
0 0.639062 0.504167 0.100000 0.133333
0 0.792188 0.516667 0.100000 0.133333
0 0.621875 0.125000 0.100000 0.133333
0 0.603125 0.285417 0.100000 0.133333
0 0.235937 0.247917 0.100000 0.133333
0 0.721875 0.779167 0.100000 0.133333
0 0.618750 0.564583 0.100000 0.133333
0 0.609375 0.537500 0.100000 0.133333
0 0.745313 0.508333 0.100000 0.133333
0 0.281250 0.139583 0.100000 0.133333
0 0.696875 0.643750 0.100000 0.133333
0 0.660937 0.231250 0.100000 0.133333
0 0.173437 0.497917 0.100000 0.133333
0 0.479687 0.522917 0.100000 0.133333
0 0.212500 0.512500 0.100000 0.133333
0 0.576562 0.835417 0.100000 0.133333
0 0.710938 0.722917 0.100000 0.133333
0 0.196875 0.422917 0.100000 0.133333
0 0.537500 0.479167 0.100000 0.133333
0 0.867188 0.379167 0.100000 0.133333
0 0.771875 0.687500 0.100000 0.133333
0 0.812500 0.616667 0.100000 0.133333
0 0.762500 0.143750 0.100000 0.133333
0 0.584375 0.595833 0.100000 0.133333
0 0.109375 0.179167 0.100000 0.133333
0 0.696875 0.314583 0.100000 0.133333
0 0.826562 0.297917 0.100000 0.133333
0 0.373437 0.625000 0.100000 0.133333
0 0.481250 0.247917 0.100000 0.133333
0 0.848437 0.185417 0.100000 0.133333
0 0.195312 0.860417 0.100000 0.133333
0 0.292187 0.654167 0.100000 0.133333
0 0.181250 0.612500 0.100000 0.133333
0 0.896875 0.747917 0.100000 0.133333
0 0.631250 0.862500 0.100000 0.133333
0 0.385937 0.235417 0.100000 0.133333
0 0.565625 0.533333 0.100000 0.133333
0 0.271875 0.379167 0.100000 0.133333
0 0.643750 0.654167 0.100000 0.133333
0 0.659375 0.181250 0.100000 0.133333
0 0.125000 0.458333 0.100000 0.133333
0 0.143750 0.143750 0.100000 0.133333
0 0.603125 0.802083 0.100000 0.133333
0 0.660937 0.602083 0.100000 0.133333
0 0.573438 0.812500 0.100000 0.133333
0 0.543750 0.235417 0.100000 0.133333
0 0.256250 0.862500 0.100000 0.133333
0 0.684375 0.202083 0.100000 0.133333
0 0.809375 0.506250 0.100000 0.133333
0 0.810937 0.343750 0.100000 0.133333
0 0.465625 0.681250 0.100000 0.133333
0 0.623437 0.633333 0.100000 0.133333
0 0.385937 0.583333 0.100000 0.133333
0 0.684375 0.850000 0.100000 0.133333
0 0.859375 0.864583 0.100000 0.133333
0 0.506250 0.510417 0.100000 0.133333
0 0.293750 0.527083 0.100000 0.133333
0 0.817187 0.835417 0.100000 0.133333
0 0.576562 0.572917 0.100000 0.133333
0 0.164062 0.114583 0.100000 0.133333
0 0.681250 0.406250 0.100000 0.133333
0 0.231250 0.560417 0.100000 0.133333
0 0.235937 0.283333 0.100000 0.133333
0 0.210938 0.114583 0.100000 0.133333
0 0.292187 0.295833 0.100000 0.133333
0 0.709375 0.400000 0.100000 0.133333
0 0.670312 0.139583 0.100000 0.133333
0 0.420312 0.691667 0.100000 0.133333
0 0.210938 0.206250 0.100000 0.133333
0 0.440625 0.831250 0.100000 0.133333
0 0.559375 0.616667 0.100000 0.133333
0 0.328125 0.222917 0.100000 0.133333
0 0.482812 0.360417 0.100000 0.133333
0 0.415625 0.131250 0.100000 0.133333
0 0.503125 0.608333 0.100000 0.133333
0 0.700000 0.545833 0.100000 0.133333
0 0.625000 0.479167 0.100000 0.133333
0 0.214062 0.654167 0.100000 0.133333
0 0.254688 0.316667 0.100000 0.133333
0 0.393750 0.716667 0.100000 0.133333
0 0.831250 0.150000 0.100000 0.133333
0 0.417187 0.100000 0.100000 0.133333
0 0.631250 0.700000 0.100000 0.133333
0 0.820312 0.083333 0.100000 0.133333
0 0.475000 0.208333 0.100000 0.133333
0 0.210938 0.491667 0.100000 0.133333
0 0.412500 0.337500 0.100000 0.133333
0 0.665625 0.127083 0.100000 0.133333
0 0.214062 0.175000 0.100000 0.133333
0 0.584375 0.522917 0.100000 0.133333
0 0.731250 0.268750 0.100000 0.133333
0 0.307812 0.727083 0.100000 0.133333
0 0.726562 0.812500 0.100000 0.133333
0 0.156250 0.487500 0.100000 0.133333
0 0.820312 0.418750 0.100000 0.133333
0 0.623437 0.808333 0.100000 0.133333
0 0.156250 0.210417 0.100000 0.133333
0 0.118750 0.083333 0.100000 0.133333
0 0.157812 0.570833 0.100000 0.133333
0 0.850000 0.743750 0.100000 0.133333
0 0.771875 0.308333 0.100000 0.133333
0 0.678125 0.262500 0.100000 0.133333
0 0.228125 0.883333 0.100000 0.133333
0 0.896875 0.531250 0.100000 0.133333
0 0.657813 0.522917 0.100000 0.133333
0 0.845313 0.883333 0.100000 0.133333
0 0.439063 0.335417 0.100000 0.133333
0 0.240625 0.437500 0.100000 0.133333
0 0.435937 0.679167 0.100000 0.133333
0 0.182812 0.835417 0.100000 0.133333
0 0.657813 0.308333 0.100000 0.133333
0 0.768750 0.468750 0.100000 0.133333
1 0.154688 0.454167 0.100000 0.133333
1 0.900000 0.564583 0.100000 0.133333
1 0.389062 0.850000 0.100000 0.133333
1 0.310937 0.414583 0.100000 0.133333
1 0.603125 0.606250 0.100000 0.133333
