0 0.526563 0.831250 0.100000 0.133333
0 0.218750 0.752083 0.100000 0.133333
0 0.623437 0.247917 0.100000 0.133333
0 0.803125 0.862500 0.100000 0.133333
0 0.567187 0.566667 0.100000 0.133333
0 0.165625 0.081250 0.100000 0.133333
0 0.696875 0.350000 0.100000 0.133333
0 0.121875 0.077083 0.100000 0.133333
0 0.192188 0.354167 0.100000 0.133333
0 0.368750 0.379167 0.100000 0.133333
0 0.198437 0.783333 0.100000 0.133333
0 0.621875 0.525000 0.100000 0.133333
0 0.126562 0.191667 0.100000 0.133333
0 0.678125 0.172917 0.100000 0.133333
0 0.368750 0.660417 0.100000 0.133333
0 0.598437 0.114583 0.100000 0.133333
0 0.728125 0.729167 0.100000 0.133333
0 0.876563 0.862500 0.100000 0.133333
0 0.556250 0.435417 0.100000 0.133333
0 0.326562 0.577083 0.100000 0.133333
0 0.210938 0.637500 0.100000 0.133333
0 0.731250 0.141667 0.100000 0.133333
0 0.253125 0.193750 0.100000 0.133333
0 0.282813 0.127083 0.100000 0.133333
0 0.160938 0.070833 0.100000 0.133333
0 0.373437 0.464583 0.100000 0.133333
0 0.437500 0.158333 0.100000 0.133333
0 0.646875 0.154167 0.100000 0.133333
0 0.400000 0.362500 0.100000 0.133333
0 0.301563 0.812500 0.100000 0.133333
0 0.465625 0.160417 0.100000 0.133333
0 0.435937 0.195833 0.100000 0.133333
0 0.285938 0.510417 0.100000 0.133333
0 0.142187 0.647917 0.100000 0.133333
0 0.414062 0.718750 0.100000 0.133333
0 0.162500 0.275000 0.100000 0.133333
0 0.515625 0.737500 0.100000 0.133333
0 0.453125 0.639583 0.100000 0.133333
0 0.734375 0.141667 0.100000 0.133333
0 0.446875 0.695833 0.100000 0.133333
0 0.403125 0.860417 0.100000 0.133333
0 0.809375 0.362500 0.100000 0.133333
0 0.106250 0.477083 0.100000 0.133333
0 0.296875 0.427083 0.100000 0.133333
0 0.425000 0.231250 0.100000 0.133333
0 0.698438 0.731250 0.100000 0.133333
0 0.492188 0.422917 0.100000 0.133333
0 0.703125 0.647917 0.100000 0.133333
0 0.260937 0.679167 0.100000 0.133333
0 0.203125 0.112500 0.100000 0.133333
0 0.751563 0.206250 0.100000 0.133333
0 0.226562 0.506250 0.100000 0.133333
0 0.137500 0.879167 0.100000 0.133333
0 0.164062 0.129167 0.100000 0.133333
0 0.859375 0.110417 0.100000 0.133333
0 0.768750 0.791667 0.100000 0.133333
0 0.287500 0.347917 0.100000 0.133333
0 0.846875 0.697917 0.100000 0.133333
0 0.240625 0.404167 0.100000 0.133333
0 0.317188 0.150000 0.100000 0.133333
0 0.125000 0.720833 0.100000 0.133333
0 0.531250 0.258333 0.100000 0.133333
0 0.871875 0.497917 0.100000 0.133333
0 0.218750 0.256250 0.100000 0.133333
0 0.407813 0.216667 0.100000 0.133333
0 0.801562 0.360417 0.100000 0.133333
0 0.240625 0.181250 0.100000 0.133333
0 0.545312 0.131250 0.100000 0.133333
0 0.259375 0.856250 0.100000 0.133333
0 0.331250 0.650000 0.100000 0.133333
0 0.417187 0.270833 0.100000 0.133333
0 0.648438 0.733333 0.100000 0.133333
0 0.679688 0.520833 0.100000 0.133333
0 0.178125 0.464583 0.100000 0.133333
0 0.900000 0.393750 0.100000 0.133333
0 0.659375 0.431250 0.100000 0.133333
0 0.264062 0.610417 0.100000 0.133333
0 0.885938 0.131250 0.100000 0.133333
0 0.542188 0.437500 0.100000 0.133333
0 0.271875 0.391667 0.100000 0.133333
0 0.582812 0.191667 0.100000 0.133333
0 0.537500 0.347917 0.100000 0.133333
0 0.456250 0.687500 0.100000 0.133333
0 0.765625 0.147917 0.100000 0.133333
0 0.610938 0.539583 0.100000 0.133333
0 0.807813 0.702083 0.100000 0.133333
0 0.176563 0.404167 0.100000 0.133333
0 0.501563 0.647917 0.100000 0.133333
0 0.642188 0.325000 0.100000 0.133333
0 0.373437 0.887500 0.100000 0.133333
0 0.775000 0.458333 0.100000 0.133333
0 0.559375 0.635417 0.100000 0.133333
0 0.335938 0.443750 0.100000 0.133333
0 0.884375 0.129167 0.100000 0.133333
0 0.878125 0.689583 0.100000 0.133333
0 0.267188 0.406250 0.100000 0.133333
0 0.242188 0.579167 0.100000 0.133333
0 0.757812 0.639583 0.100000 0.133333
0 0.712500 0.783333 0.100000 0.133333
0 0.601562 0.862500 0.100000 0.133333
0 0.682813 0.112500 0.100000 0.133333
0 0.275000 0.393750 0.100000 0.133333
0 0.557813 0.256250 0.100000 0.133333
0 0.729688 0.510417 0.100000 0.133333
0 0.695312 0.622917 0.100000 0.133333
0 0.621875 0.306250 0.100000 0.133333
0 0.809375 0.114583 0.100000 0.133333
0 0.870313 0.258333 0.100000 0.133333
0 0.731250 0.841667 0.100000 0.133333
0 0.768750 0.885417 0.100000 0.133333
0 0.310937 0.097917 0.100000 0.133333
0 0.400000 0.760417 0.100000 0.133333
0 0.775000 0.368750 0.100000 0.133333
0 0.454688 0.806250 0.100000 0.133333
0 0.362500 0.516667 0.100000 0.133333
0 0.696875 0.308333 0.100000 0.133333
0 0.432812 0.108333 0.100000 0.133333
0 0.717187 0.410417 0.100000 0.133333
0 0.806250 0.710417 0.100000 0.133333
0 0.750000 0.110417 0.100000 0.133333
0 0.431250 0.258333 0.100000 0.133333
0 0.729688 0.068750 0.100000 0.133333
0 0.481250 0.322917 0.100000 0.133333
0 0.301563 0.645833 0.100000 0.133333
0 0.478125 0.227083 0.100000 0.133333
0 0.171875 0.529167 0.100000 0.133333
0 0.646875 0.775000 0.100000 0.133333
0 0.378125 0.522917 0.100000 0.133333
0 0.587500 0.710417 0.100000 0.133333
0 0.718750 0.502083 0.100000 0.133333
0 0.809375 0.260417 0.100000 0.133333
0 0.293750 0.597917 0.100000 0.133333
0 0.835938 0.218750 0.100000 0.133333
0 0.478125 0.683333 0.100000 0.133333
0 0.714063 0.706250 0.100000 0.133333
0 0.468750 0.150000 0.100000 0.133333
0 0.610938 0.727083 0.100000 0.133333
0 0.800000 0.666667 0.100000 0.133333
0 0.682813 0.331250 0.100000 0.133333
0 0.312500 0.475000 0.100000 0.133333
0 0.248438 0.641667 0.100000 0.133333
0 0.160938 0.491667 0.100000 0.133333
0 0.451562 0.889583 0.100000 0.133333
0 0.582812 0.887500 0.100000 0.133333
0 0.356250 0.406250 0.100000 0.133333
0 0.528125 0.718750 0.100000 0.133333
0 0.393750 0.108333 0.100000 0.133333
0 0.309375 0.172917 0.100000 0.133333
0 0.376563 0.489583 0.100000 0.133333
0 0.243750 0.175000 0.100000 0.133333
1 0.642188 0.177083 0.100000 0.133333
1 0.340625 0.754167 0.100000 0.133333
1 0.839063 0.475000 0.100000 0.133333
1 0.140625 0.683333 0.100000 0.133333
1 0.260937 0.458333 0.100000 0.133333
