0 0.615625 0.160417 0.100000 0.133333
0 0.621875 0.543750 0.100000 0.133333
0 0.201563 0.268750 0.100000 0.133333
0 0.476562 0.158333 0.100000 0.133333
0 0.784375 0.739583 0.100000 0.133333
0 0.681250 0.656250 0.100000 0.133333
0 0.812500 0.716667 0.100000 0.133333
0 0.392188 0.545833 0.100000 0.133333
0 0.298438 0.250000 0.100000 0.133333
0 0.653125 0.147917 0.100000 0.133333
0 0.590625 0.885417 0.100000 0.133333
0 0.332813 0.633333 0.100000 0.133333
0 0.804688 0.735417 0.100000 0.133333
0 0.662500 0.343750 0.100000 0.133333
0 0.193750 0.579167 0.100000 0.133333
0 0.542188 0.454167 0.100000 0.133333
0 0.471875 0.127083 0.100000 0.133333
0 0.456250 0.389583 0.100000 0.133333
0 0.812500 0.116667 0.100000 0.133333
0 0.418750 0.618750 0.100000 0.133333
0 0.414062 0.400000 0.100000 0.133333
0 0.443750 0.410417 0.100000 0.133333
0 0.567187 0.727083 0.100000 0.133333
0 0.476562 0.631250 0.100000 0.133333
0 0.121875 0.854167 0.100000 0.133333
0 0.409375 0.318750 0.100000 0.133333
0 0.384375 0.391667 0.100000 0.133333
0 0.839063 0.525000 0.100000 0.133333
0 0.189062 0.318750 0.100000 0.133333
0 0.410938 0.262500 0.100000 0.133333
0 0.329688 0.791667 0.100000 0.133333
0 0.896875 0.472917 0.100000 0.133333
0 0.250000 0.162500 0.100000 0.133333
0 0.595313 0.362500 0.100000 0.133333
0 0.757812 0.672917 0.100000 0.133333
0 0.473438 0.260417 0.100000 0.133333
0 0.531250 0.431250 0.100000 0.133333
0 0.837500 0.683333 0.100000 0.133333
0 0.796875 0.433333 0.100000 0.133333
0 0.228125 0.416667 0.100000 0.133333
0 0.337500 0.170833 0.100000 0.133333
0 0.159375 0.660417 0.100000 0.133333
0 0.143750 0.841667 0.100000 0.133333
0 0.207813 0.652083 0.100000 0.133333
0 0.250000 0.127083 0.100000 0.133333
0 0.276562 0.252083 0.100000 0.133333
0 0.153125 0.629167 0.100000 0.133333
0 0.353125 0.206250 0.100000 0.133333
0 0.823438 0.766667 0.100000 0.133333
0 0.631250 0.341667 0.100000 0.133333
0 0.171875 0.645833 0.100000 0.133333
0 0.860938 0.245833 0.100000 0.133333
0 0.482812 0.352083 0.100000 0.133333
0 0.501563 0.250000 0.100000 0.133333
0 0.796875 0.202083 0.100000 0.133333
0 0.657813 0.112500 0.100000 0.133333
0 0.498437 0.100000 0.100000 0.133333
0 0.645312 0.529167 0.100000 0.133333
0 0.868750 0.383333 0.100000 0.133333
0 0.412500 0.512500 0.100000 0.133333
0 0.662500 0.875000 0.100000 0.133333
0 0.296875 0.325000 0.100000 0.133333
0 0.253125 0.814583 0.100000 0.133333
0 0.478125 0.143750 0.100000 0.133333
0 0.523438 0.412500 0.100000 0.133333
0 0.576562 0.620833 0.100000 0.133333
0 0.121875 0.335417 0.100000 0.133333
0 0.439063 0.754167 0.100000 0.133333
0 0.598437 0.645833 0.100000 0.133333
0 0.576562 0.708333 0.100000 0.133333
0 0.156250 0.304167 0.100000 0.133333
0 0.490625 0.233333 0.100000 0.133333
0 0.443750 0.193750 0.100000 0.133333
0 0.292187 0.227083 0.100000 0.133333
0 0.648438 0.668750 0.100000 0.133333
0 0.231250 0.662500 0.100000 0.133333
0 0.631250 0.793750 0.100000 0.133333
0 0.360938 0.583333 0.100000 0.133333
0 0.812500 0.810417 0.100000 0.133333
0 0.412500 0.097917 0.100000 0.133333
0 0.118750 0.579167 0.100000 0.133333
0 0.746875 0.531250 0.100000 0.133333
0 0.520312 0.552083 0.100000 0.133333
0 0.828125 0.258333 0.100000 0.133333
0 0.400000 0.552083 0.100000 0.133333
0 0.270313 0.191667 0.100000 0.133333
0 0.571875 0.227083 0.100000 0.133333
0 0.523438 0.402083 0.100000 0.133333
0 0.893750 0.750000 0.100000 0.133333
0 0.164062 0.316667 0.100000 0.133333
0 0.614062 0.443750 0.100000 0.133333
0 0.851562 0.320833 0.100000 0.133333
0 0.523438 0.508333 0.100000 0.133333
0 0.334375 0.791667 0.100000 0.133333
0 0.743750 0.314583 0.100000 0.133333
0 0.418750 0.081250 0.100000 0.133333
0 0.835938 0.483333 0.100000 0.133333
0 0.551562 0.445833 0.100000 0.133333
0 0.309375 0.172917 0.100000 0.133333
0 0.376563 0.095833 0.100000 0.133333
0 0.479687 0.668750 0.100000 0.133333
0 0.421875 0.106250 0.100000 0.133333
0 0.170313 0.372917 0.100000 0.133333
0 0.610938 0.154167 0.100000 0.133333
0 0.890625 0.068750 0.100000 0.133333
0 0.187500 0.660417 0.100000 0.133333
0 0.275000 0.093750 0.100000 0.133333
0 0.393750 0.256250 0.100000 0.133333
0 0.282813 0.279167 0.100000 0.133333
0 0.321875 0.802083 0.100000 0.133333
0 0.114062 0.287500 0.100000 0.133333
0 0.548438 0.768750 0.100000 0.133333
0 0.317188 0.147917 0.100000 0.133333
0 0.859375 0.872917 0.100000 0.133333
0 0.492188 0.310417 0.100000 0.133333
0 0.670312 0.827083 0.100000 0.133333
0 0.362500 0.450000 0.100000 0.133333
0 0.684375 0.445833 0.100000 0.133333
0 0.682813 0.320833 0.100000 0.133333
0 0.148438 0.504167 0.100000 0.133333
0 0.184375 0.191667 0.100000 0.133333
0 0.431250 0.435417 0.100000 0.133333
0 0.482812 0.802083 0.100000 0.133333
0 0.865625 0.395833 0.100000 0.133333
0 0.292187 0.618750 0.100000 0.133333
0 0.415625 0.225000 0.100000 0.133333
0 0.707812 0.285417 0.100000 0.133333
0 0.765625 0.379167 0.100000 0.133333
0 0.190625 0.793750 0.100000 0.133333
0 0.301563 0.720833 0.100000 0.133333
0 0.260937 0.302083 0.100000 0.133333
0 0.301563 0.116667 0.100000 0.133333
0 0.560937 0.327083 0.100000 0.133333
0 0.329688 0.535417 0.100000 0.133333
0 0.342187 0.837500 0.100000 0.133333
0 0.160938 0.410417 0.100000 0.133333
0 0.521875 0.483333 0.100000 0.133333
0 0.429688 0.664583 0.100000 0.133333
0 0.589063 0.662500 0.100000 0.133333
0 0.209375 0.245833 0.100000 0.133333
0 0.429688 0.364583 0.100000 0.133333
0 0.420312 0.747917 0.100000 0.133333
0 0.507812 0.612500 0.100000 0.133333
0 0.454688 0.204167 0.100000 0.133333
0 0.292187 0.731250 0.100000 0.133333
0 0.282813 0.260417 0.100000 0.133333
0 0.770312 0.216667 0.100000 0.133333
0 0.701562 0.466667 0.100000 0.133333
0 0.828125 0.258333 0.100000 0.133333
0 0.450000 0.075000 0.100000 0.133333
1 0.648438 0.437500 0.100000 0.133333
1 0.248438 0.791667 0.100000 0.133333
1 0.779687 0.762500 0.100000 0.133333
1 0.553125 0.114583 0.100000 0.133333
1 0.068750 0.391667 0.100000 0.133333
