0 0.698438 0.204167 0.100000 0.133333
0 0.882812 0.281250 0.100000 0.133333
0 0.162500 0.135417 0.100000 0.133333
0 0.709375 0.110417 0.100000 0.133333
0 0.623437 0.525000 0.100000 0.133333
0 0.534375 0.220833 0.100000 0.133333
0 0.151562 0.118750 0.100000 0.133333
0 0.167187 0.247917 0.100000 0.133333
0 0.123438 0.329167 0.100000 0.133333
0 0.246875 0.145833 0.100000 0.133333
0 0.123438 0.820833 0.100000 0.133333
0 0.109375 0.658333 0.100000 0.133333
0 0.367188 0.258333 0.100000 0.133333
0 0.556250 0.512500 0.100000 0.133333
0 0.646875 0.500000 0.100000 0.133333
0 0.429688 0.622917 0.100000 0.133333
0 0.798438 0.070833 0.100000 0.133333
0 0.146875 0.358333 0.100000 0.133333
0 0.276562 0.285417 0.100000 0.133333
0 0.406250 0.214583 0.100000 0.133333
0 0.746875 0.156250 0.100000 0.133333
0 0.135937 0.670833 0.100000 0.133333
0 0.818750 0.602083 0.100000 0.133333
0 0.678125 0.679167 0.100000 0.133333
0 0.642188 0.070833 0.100000 0.133333
0 0.835938 0.875000 0.100000 0.133333
0 0.364063 0.158333 0.100000 0.133333
0 0.653125 0.858333 0.100000 0.133333
0 0.459375 0.512500 0.100000 0.133333
0 0.631250 0.812500 0.100000 0.133333
0 0.446875 0.864583 0.100000 0.133333
0 0.387500 0.610417 0.100000 0.133333
0 0.125000 0.700000 0.100000 0.133333
0 0.821875 0.550000 0.100000 0.133333
0 0.201563 0.672917 0.100000 0.133333
0 0.556250 0.506250 0.100000 0.133333
0 0.578125 0.797917 0.100000 0.133333
0 0.154688 0.612500 0.100000 0.133333
0 0.382812 0.160417 0.100000 0.133333
0 0.189062 0.806250 0.100000 0.133333
0 0.354687 0.150000 0.100000 0.133333
0 0.281250 0.402083 0.100000 0.133333
0 0.321875 0.479167 0.100000 0.133333
0 0.184375 0.716667 0.100000 0.133333
0 0.656250 0.345833 0.100000 0.133333
0 0.607812 0.129167 0.100000 0.133333
0 0.121875 0.179167 0.100000 0.133333
0 0.890625 0.577083 0.100000 0.133333
0 0.370312 0.214583 0.100000 0.133333
0 0.225000 0.316667 0.100000 0.133333
0 0.835938 0.481250 0.100000 0.133333
0 0.581250 0.831250 0.100000 0.133333
0 0.748437 0.441667 0.100000 0.133333
0 0.884375 0.627083 0.100000 0.133333
0 0.793750 0.604167 0.100000 0.133333
0 0.695312 0.150000 0.100000 0.133333
0 0.328125 0.485417 0.100000 0.133333
0 0.359375 0.302083 0.100000 0.133333
0 0.620313 0.437500 0.100000 0.133333
0 0.490625 0.820833 0.100000 0.133333
0 0.862500 0.239583 0.100000 0.133333
0 0.456250 0.608333 0.100000 0.133333
0 0.635938 0.608333 0.100000 0.133333
0 0.667188 0.456250 0.100000 0.133333
0 0.793750 0.579167 0.100000 0.133333
0 0.426563 0.266667 0.100000 0.133333
0 0.892188 0.610417 0.100000 0.133333
0 0.525000 0.456250 0.100000 0.133333
0 0.376563 0.591667 0.100000 0.133333
0 0.442188 0.410417 0.100000 0.133333
0 0.875000 0.789583 0.100000 0.133333
0 0.378125 0.641667 0.100000 0.133333
0 0.112500 0.670833 0.100000 0.133333
0 0.823438 0.366667 0.100000 0.133333
0 0.417187 0.635417 0.100000 0.133333
0 0.226562 0.797917 0.100000 0.133333
0 0.156250 0.331250 0.100000 0.133333
0 0.806250 0.637500 0.100000 0.133333
0 0.150000 0.268750 0.100000 0.133333
0 0.595313 0.091667 0.100000 0.133333
0 0.682813 0.877083 0.100000 0.133333
0 0.887500 0.137500 0.100000 0.133333
0 0.554688 0.283333 0.100000 0.133333
0 0.171875 0.322917 0.100000 0.133333
0 0.884375 0.366667 0.100000 0.133333
0 0.181250 0.412500 0.100000 0.133333
0 0.120313 0.075000 0.100000 0.133333
0 0.395313 0.466667 0.100000 0.133333
0 0.401562 0.833333 0.100000 0.133333
0 0.870313 0.089583 0.100000 0.133333
0 0.726562 0.614583 0.100000 0.133333
0 0.546875 0.783333 0.100000 0.133333
0 0.818750 0.364583 0.100000 0.133333
0 0.460938 0.197917 0.100000 0.133333
0 0.854688 0.225000 0.100000 0.133333
0 0.162500 0.135417 0.100000 0.133333
0 0.659375 0.172917 0.100000 0.133333
0 0.687500 0.833333 0.100000 0.133333
0 0.190625 0.168750 0.100000 0.133333
0 0.195312 0.081250 0.100000 0.133333
0 0.876563 0.310417 0.100000 0.133333
0 0.346875 0.837500 0.100000 0.133333
0 0.340625 0.268750 0.100000 0.133333
0 0.542188 0.672917 0.100000 0.133333
0 0.265625 0.643750 0.100000 0.133333
0 0.246875 0.210417 0.100000 0.133333
0 0.262500 0.820833 0.100000 0.133333
0 0.817187 0.366667 0.100000 0.133333
0 0.421875 0.320833 0.100000 0.133333
0 0.806250 0.852083 0.100000 0.133333
0 0.695312 0.143750 0.100000 0.133333
0 0.368750 0.747917 0.100000 0.133333
0 0.190625 0.866667 0.100000 0.133333
0 0.746875 0.414583 0.100000 0.133333
0 0.110937 0.535417 0.100000 0.133333
0 0.270313 0.187500 0.100000 0.133333
0 0.795312 0.147917 0.100000 0.133333
0 0.848437 0.181250 0.100000 0.133333
0 0.337500 0.595833 0.100000 0.133333
0 0.626563 0.333333 0.100000 0.133333
0 0.118750 0.777083 0.100000 0.133333
0 0.667188 0.591667 0.100000 0.133333
0 0.470313 0.187500 0.100000 0.133333
0 0.457813 0.750000 0.100000 0.133333
0 0.643750 0.656250 0.100000 0.133333
0 0.709375 0.700000 0.100000 0.133333
0 0.120313 0.827083 0.100000 0.133333
0 0.148438 0.689583 0.100000 0.133333
0 0.498437 0.127083 0.100000 0.133333
0 0.467187 0.741667 0.100000 0.133333
0 0.626563 0.414583 0.100000 0.133333
0 0.542188 0.697917 0.100000 0.133333
0 0.515625 0.479167 0.100000 0.133333
0 0.804688 0.329167 0.100000 0.133333
0 0.720313 0.872917 0.100000 0.133333
0 0.203125 0.485417 0.100000 0.133333
0 0.307812 0.343750 0.100000 0.133333
0 0.895312 0.754167 0.100000 0.133333
0 0.357812 0.260417 0.100000 0.133333
0 0.706250 0.206250 0.100000 0.133333
0 0.779687 0.422917 0.100000 0.133333
0 0.603125 0.675000 0.100000 0.133333
0 0.579688 0.627083 0.100000 0.133333
0 0.178125 0.531250 0.100000 0.133333
0 0.807813 0.454167 0.100000 0.133333
0 0.654687 0.583333 0.100000 0.133333
0 0.456250 0.100000 0.100000 0.133333
0 0.259375 0.295833 0.100000 0.133333
0 0.365625 0.654167 0.100000 0.133333
0 0.442188 0.229167 0.100000 0.133333
1 0.418750 0.522917 0.100000 0.133333
1 0.862500 0.235417 0.100000 0.133333
1 0.306250 0.662500 0.100000 0.133333
1 0.517188 0.166667 0.100000 0.133333
1 0.729688 0.362500 0.100000 0.133333
