0 0.301563 0.460417 0.100000 0.133333
0 0.131250 0.641667 0.100000 0.133333
0 0.373437 0.585417 0.100000 0.133333
0 0.203125 0.656250 0.100000 0.133333
0 0.826562 0.068750 0.100000 0.133333
0 0.259375 0.412500 0.100000 0.133333
0 0.350000 0.785417 0.100000 0.133333
0 0.348438 0.585417 0.100000 0.133333
0 0.320312 0.358333 0.100000 0.133333
0 0.734375 0.679167 0.100000 0.133333
0 0.162500 0.462500 0.100000 0.133333
0 0.740625 0.489583 0.100000 0.133333
0 0.478125 0.654167 0.100000 0.133333
0 0.734375 0.525000 0.100000 0.133333
0 0.192188 0.302083 0.100000 0.133333
0 0.337500 0.850000 0.100000 0.133333
0 0.685937 0.279167 0.100000 0.133333
0 0.250000 0.756250 0.100000 0.133333
0 0.246875 0.166667 0.100000 0.133333
0 0.770312 0.252083 0.100000 0.133333
0 0.131250 0.418750 0.100000 0.133333
0 0.142187 0.470833 0.100000 0.133333
0 0.228125 0.620833 0.100000 0.133333
0 0.465625 0.666667 0.100000 0.133333
0 0.806250 0.191667 0.100000 0.133333
0 0.740625 0.879167 0.100000 0.133333
0 0.298438 0.697917 0.100000 0.133333
0 0.171875 0.137500 0.100000 0.133333
0 0.306250 0.762500 0.100000 0.133333
0 0.828125 0.214583 0.100000 0.133333
0 0.279687 0.133333 0.100000 0.133333
0 0.668750 0.837500 0.100000 0.133333
0 0.646875 0.441667 0.100000 0.133333
0 0.651563 0.704167 0.100000 0.133333
0 0.340625 0.497917 0.100000 0.133333
0 0.189062 0.252083 0.100000 0.133333
0 0.782813 0.845833 0.100000 0.133333
0 0.412500 0.670833 0.100000 0.133333
0 0.181250 0.666667 0.100000 0.133333
0 0.810937 0.462500 0.100000 0.133333
0 0.234375 0.614583 0.100000 0.133333
0 0.150000 0.247917 0.100000 0.133333
0 0.839063 0.443750 0.100000 0.133333
0 0.842187 0.583333 0.100000 0.133333
0 0.775000 0.362500 0.100000 0.133333
0 0.348438 0.750000 0.100000 0.133333
0 0.560937 0.720833 0.100000 0.133333
0 0.204687 0.802083 0.100000 0.133333
0 0.728125 0.372917 0.100000 0.133333
0 0.445312 0.337500 0.100000 0.133333
0 0.732812 0.070833 0.100000 0.133333
0 0.443750 0.662500 0.100000 0.133333
0 0.101562 0.170833 0.100000 0.133333
0 0.773438 0.383333 0.100000 0.133333
0 0.142187 0.512500 0.100000 0.133333
0 0.715625 0.104167 0.100000 0.133333
0 0.320312 0.256250 0.100000 0.133333
0 0.129688 0.127083 0.100000 0.133333
0 0.795312 0.283333 0.100000 0.133333
0 0.828125 0.743750 0.100000 0.133333
0 0.409375 0.225000 0.100000 0.133333
0 0.520312 0.339583 0.100000 0.133333
0 0.648438 0.160417 0.100000 0.133333
0 0.348438 0.883333 0.100000 0.133333
0 0.254688 0.666667 0.100000 0.133333
0 0.128125 0.541667 0.100000 0.133333
0 0.523438 0.383333 0.100000 0.133333
0 0.809375 0.443750 0.100000 0.133333
0 0.635938 0.395833 0.100000 0.133333
0 0.859375 0.431250 0.100000 0.133333
0 0.621875 0.331250 0.100000 0.133333
0 0.345313 0.416667 0.100000 0.133333
0 0.475000 0.343750 0.100000 0.133333
0 0.875000 0.127083 0.100000 0.133333
0 0.454688 0.095833 0.100000 0.133333
0 0.898438 0.302083 0.100000 0.133333
0 0.776563 0.237500 0.100000 0.133333
0 0.356250 0.685417 0.100000 0.133333
0 0.200000 0.152083 0.100000 0.133333
0 0.729688 0.314583 0.100000 0.133333
0 0.543750 0.683333 0.100000 0.133333
0 0.384375 0.412500 0.100000 0.133333
0 0.121875 0.685417 0.100000 0.133333
0 0.239063 0.562500 0.100000 0.133333
0 0.467187 0.450000 0.100000 0.133333
0 0.795312 0.304167 0.100000 0.133333
0 0.189062 0.145833 0.100000 0.133333
0 0.339062 0.727083 0.100000 0.133333
0 0.346875 0.185417 0.100000 0.133333
0 0.201563 0.104167 0.100000 0.133333
0 0.598437 0.620833 0.100000 0.133333
0 0.235937 0.808333 0.100000 0.133333
0 0.123438 0.158333 0.100000 0.133333
0 0.793750 0.391667 0.100000 0.133333
0 0.210938 0.722917 0.100000 0.133333
0 0.235937 0.425000 0.100000 0.133333
0 0.104688 0.279167 0.100000 0.133333
0 0.457813 0.862500 0.100000 0.133333
0 0.781250 0.327083 0.100000 0.133333
0 0.660937 0.450000 0.100000 0.133333
0 0.618750 0.797917 0.100000 0.133333
0 0.629687 0.070833 0.100000 0.133333
0 0.153125 0.164583 0.100000 0.133333
0 0.285938 0.454167 0.100000 0.133333
0 0.192188 0.264583 0.100000 0.133333
0 0.507812 0.660417 0.100000 0.133333
0 0.664062 0.841667 0.100000 0.133333
0 0.346875 0.772917 0.100000 0.133333
0 0.607812 0.847917 0.100000 0.133333
0 0.429688 0.222917 0.100000 0.133333
0 0.165625 0.427083 0.100000 0.133333
0 0.226562 0.214583 0.100000 0.133333
0 0.312500 0.150000 0.100000 0.133333
0 0.209375 0.720833 0.100000 0.133333
0 0.782813 0.575000 0.100000 0.133333
0 0.862500 0.162500 0.100000 0.133333
0 0.484375 0.758333 0.100000 0.133333
0 0.898438 0.420833 0.100000 0.133333
0 0.715625 0.672917 0.100000 0.133333
0 0.467187 0.437500 0.100000 0.133333
0 0.432812 0.320833 0.100000 0.133333
0 0.223438 0.422917 0.100000 0.133333
0 0.421875 0.718750 0.100000 0.133333
0 0.807813 0.604167 0.100000 0.133333
0 0.151562 0.416667 0.100000 0.133333
0 0.326562 0.306250 0.100000 0.133333
0 0.179688 0.287500 0.100000 0.133333
0 0.693750 0.391667 0.100000 0.133333
0 0.293750 0.114583 0.100000 0.133333
0 0.751563 0.514583 0.100000 0.133333
0 0.573438 0.497917 0.100000 0.133333
0 0.698438 0.612500 0.100000 0.133333
0 0.145313 0.181250 0.100000 0.133333
0 0.896875 0.587500 0.100000 0.133333
0 0.454688 0.464583 0.100000 0.133333
0 0.864062 0.591667 0.100000 0.133333
0 0.717187 0.102083 0.100000 0.133333
0 0.242188 0.672917 0.100000 0.133333
0 0.254688 0.266667 0.100000 0.133333
0 0.285938 0.285417 0.100000 0.133333
0 0.371875 0.306250 0.100000 0.133333
0 0.545312 0.741667 0.100000 0.133333
0 0.350000 0.537500 0.100000 0.133333
0 0.792188 0.881250 0.100000 0.133333
0 0.267188 0.331250 0.100000 0.133333
0 0.306250 0.533333 0.100000 0.133333
0 0.821875 0.602083 0.100000 0.133333
0 0.692187 0.204167 0.100000 0.133333
0 0.650000 0.131250 0.100000 0.133333
0 0.437500 0.770833 0.100000 0.133333
1 0.209375 0.783333 0.100000 0.133333
1 0.620313 0.727083 0.100000 0.133333
1 0.198437 0.077083 0.100000 0.133333
1 0.551562 0.666667 0.100000 0.133333
1 0.095312 0.377083 0.100000 0.133333
