0 0.762500 0.787500 0.100000 0.133333
0 0.532813 0.164583 0.100000 0.133333
0 0.201563 0.622917 0.100000 0.133333
0 0.434375 0.716667 0.100000 0.133333
0 0.650000 0.791667 0.100000 0.133333
0 0.509375 0.456250 0.100000 0.133333
0 0.737500 0.845833 0.100000 0.133333
0 0.156250 0.720833 0.100000 0.133333
0 0.217188 0.464583 0.100000 0.133333
0 0.420312 0.604167 0.100000 0.133333
0 0.195312 0.416667 0.100000 0.133333
0 0.129688 0.068750 0.100000 0.133333
0 0.629687 0.358333 0.100000 0.133333
0 0.151562 0.772917 0.100000 0.133333
0 0.284375 0.356250 0.100000 0.133333
0 0.803125 0.795833 0.100000 0.133333
0 0.548438 0.706250 0.100000 0.133333
0 0.562500 0.579167 0.100000 0.133333
0 0.225000 0.850000 0.100000 0.133333
0 0.578125 0.889583 0.100000 0.133333
0 0.879687 0.218750 0.100000 0.133333
0 0.860938 0.752083 0.100000 0.133333
0 0.710938 0.539583 0.100000 0.133333
0 0.317188 0.522917 0.100000 0.133333
0 0.773438 0.239583 0.100000 0.133333
0 0.882812 0.414583 0.100000 0.133333
0 0.709375 0.239583 0.100000 0.133333
0 0.560937 0.237500 0.100000 0.133333
0 0.332813 0.172917 0.100000 0.133333
0 0.576562 0.416667 0.100000 0.133333
0 0.101562 0.337500 0.100000 0.133333
0 0.820312 0.562500 0.100000 0.133333
0 0.232813 0.845833 0.100000 0.133333
0 0.659375 0.460417 0.100000 0.133333
0 0.132812 0.091667 0.100000 0.133333
0 0.867188 0.141667 0.100000 0.133333
0 0.157812 0.733333 0.100000 0.133333
0 0.648438 0.264583 0.100000 0.133333
0 0.371875 0.456250 0.100000 0.133333
0 0.565625 0.818750 0.100000 0.133333
0 0.379688 0.681250 0.100000 0.133333
0 0.865625 0.804167 0.100000 0.133333
0 0.887500 0.754167 0.100000 0.133333
0 0.648438 0.841667 0.100000 0.133333
0 0.725000 0.825000 0.100000 0.133333
0 0.404687 0.368750 0.100000 0.133333
0 0.695312 0.783333 0.100000 0.133333
0 0.439063 0.445833 0.100000 0.133333
0 0.862500 0.320833 0.100000 0.133333
0 0.700000 0.439583 0.100000 0.133333
0 0.831250 0.366667 0.100000 0.133333
0 0.117188 0.743750 0.100000 0.133333
0 0.212500 0.810417 0.100000 0.133333
0 0.720313 0.527083 0.100000 0.133333
0 0.765625 0.731250 0.100000 0.133333
0 0.490625 0.433333 0.100000 0.133333
0 0.385937 0.256250 0.100000 0.133333
0 0.401562 0.566667 0.100000 0.133333
0 0.506250 0.545833 0.100000 0.133333
0 0.645312 0.800000 0.100000 0.133333
0 0.325000 0.800000 0.100000 0.133333
0 0.560937 0.687500 0.100000 0.133333
0 0.710938 0.195833 0.100000 0.133333
0 0.565625 0.862500 0.100000 0.133333
0 0.464062 0.329167 0.100000 0.133333
0 0.709375 0.720833 0.100000 0.133333
0 0.384375 0.743750 0.100000 0.133333
0 0.448437 0.318750 0.100000 0.133333
0 0.162500 0.120833 0.100000 0.133333
0 0.704688 0.306250 0.100000 0.133333
0 0.435937 0.395833 0.100000 0.133333
0 0.637500 0.475000 0.100000 0.133333
0 0.701562 0.506250 0.100000 0.133333
0 0.832812 0.075000 0.100000 0.133333
0 0.257812 0.220833 0.100000 0.133333
0 0.571875 0.416667 0.100000 0.133333
0 0.800000 0.875000 0.100000 0.133333
0 0.354687 0.475000 0.100000 0.133333
0 0.684375 0.112500 0.100000 0.133333
0 0.634375 0.160417 0.100000 0.133333
0 0.507812 0.889583 0.100000 0.133333
0 0.226562 0.312500 0.100000 0.133333
0 0.589063 0.191667 0.100000 0.133333
0 0.679688 0.308333 0.100000 0.133333
0 0.126562 0.143750 0.100000 0.133333
0 0.356250 0.564583 0.100000 0.133333
0 0.745313 0.718750 0.100000 0.133333
0 0.281250 0.362500 0.100000 0.133333
0 0.754687 0.500000 0.100000 0.133333
0 0.156250 0.443750 0.100000 0.133333
0 0.551562 0.731250 0.100000 0.133333
0 0.337500 0.441667 0.100000 0.133333
0 0.453125 0.352083 0.100000 0.133333
0 0.593750 0.777083 0.100000 0.133333
0 0.701562 0.310417 0.100000 0.133333
0 0.142187 0.222917 0.100000 0.133333
0 0.715625 0.383333 0.100000 0.133333
0 0.723437 0.175000 0.100000 0.133333
0 0.298438 0.210417 0.100000 0.133333
0 0.339062 0.685417 0.100000 0.133333
0 0.562500 0.237500 0.100000 0.133333
0 0.398438 0.860417 0.100000 0.133333
0 0.373437 0.122917 0.100000 0.133333
0 0.195312 0.441667 0.100000 0.133333
0 0.167187 0.162500 0.100000 0.133333
0 0.489063 0.387500 0.100000 0.133333
0 0.500000 0.329167 0.100000 0.133333
0 0.210938 0.208333 0.100000 0.133333
0 0.640625 0.364583 0.100000 0.133333
0 0.535937 0.877083 0.100000 0.133333
0 0.514062 0.162500 0.100000 0.133333
0 0.345313 0.614583 0.100000 0.133333
0 0.767188 0.831250 0.100000 0.133333
0 0.348438 0.287500 0.100000 0.133333
0 0.853125 0.614583 0.100000 0.133333
0 0.189062 0.181250 0.100000 0.133333
0 0.312500 0.622917 0.100000 0.133333
0 0.845313 0.158333 0.100000 0.133333
0 0.409375 0.425000 0.100000 0.133333
0 0.882812 0.441667 0.100000 0.133333
0 0.707812 0.458333 0.100000 0.133333
0 0.557813 0.733333 0.100000 0.133333
0 0.765625 0.656250 0.100000 0.133333
0 0.409375 0.137500 0.100000 0.133333
0 0.357812 0.300000 0.100000 0.133333
0 0.220312 0.556250 0.100000 0.133333
0 0.264062 0.266667 0.100000 0.133333
0 0.826562 0.252083 0.100000 0.133333
0 0.632812 0.816667 0.100000 0.133333
0 0.120313 0.781250 0.100000 0.133333
0 0.668750 0.210417 0.100000 0.133333
0 0.828125 0.122917 0.100000 0.133333
0 0.465625 0.204167 0.100000 0.133333
0 0.182812 0.785417 0.100000 0.133333
0 0.235937 0.581250 0.100000 0.133333
0 0.628125 0.120833 0.100000 0.133333
0 0.189062 0.283333 0.100000 0.133333
0 0.250000 0.804167 0.100000 0.133333
0 0.332813 0.152083 0.100000 0.133333
0 0.621875 0.295833 0.100000 0.133333
0 0.278125 0.400000 0.100000 0.133333
0 0.242188 0.247917 0.100000 0.133333
0 0.228125 0.264583 0.100000 0.133333
0 0.742188 0.754167 0.100000 0.133333
0 0.379688 0.331250 0.100000 0.133333
0 0.160938 0.493750 0.100000 0.133333
0 0.589063 0.100000 0.100000 0.133333
0 0.765625 0.693750 0.100000 0.133333
0 0.296875 0.762500 0.100000 0.133333
0 0.721875 0.100000 0.100000 0.133333
1 0.231250 0.777083 0.100000 0.133333
1 0.450000 0.181250 0.100000 0.133333
1 0.532813 0.302083 0.100000 0.133333
1 0.918750 0.485417 0.100000 0.133333
1 0.390625 0.210417 0.100000 0.133333
