0 0.596875 0.139583 0.100000 0.133333
0 0.178125 0.597917 0.100000 0.133333
0 0.548438 0.718750 0.100000 0.133333
0 0.603125 0.306250 0.100000 0.133333
0 0.526563 0.681250 0.100000 0.133333
0 0.810937 0.614583 0.100000 0.133333
0 0.421875 0.762500 0.100000 0.133333
0 0.712500 0.164583 0.100000 0.133333
0 0.854688 0.741667 0.100000 0.133333
0 0.856250 0.779167 0.100000 0.133333
0 0.410938 0.483333 0.100000 0.133333
0 0.515625 0.202083 0.100000 0.133333
0 0.362500 0.785417 0.100000 0.133333
0 0.693750 0.239583 0.100000 0.133333
0 0.221875 0.362500 0.100000 0.133333
0 0.557813 0.729167 0.100000 0.133333
0 0.325000 0.239583 0.100000 0.133333
0 0.307812 0.754167 0.100000 0.133333
0 0.320312 0.800000 0.100000 0.133333
0 0.548438 0.787500 0.100000 0.133333
0 0.275000 0.402083 0.100000 0.133333
0 0.718750 0.456250 0.100000 0.133333
0 0.285938 0.533333 0.100000 0.133333
0 0.392188 0.102083 0.100000 0.133333
0 0.565625 0.081250 0.100000 0.133333
0 0.650000 0.177083 0.100000 0.133333
0 0.825000 0.162500 0.100000 0.133333
0 0.478125 0.081250 0.100000 0.133333
0 0.664062 0.445833 0.100000 0.133333
0 0.198437 0.741667 0.100000 0.133333
0 0.606250 0.141667 0.100000 0.133333
0 0.492188 0.525000 0.100000 0.133333
0 0.754687 0.131250 0.100000 0.133333
0 0.417187 0.362500 0.100000 0.133333
0 0.471875 0.189583 0.100000 0.133333
0 0.301563 0.712500 0.100000 0.133333
0 0.468750 0.397917 0.100000 0.133333
0 0.400000 0.500000 0.100000 0.133333
0 0.826562 0.762500 0.100000 0.133333
0 0.531250 0.381250 0.100000 0.133333
0 0.875000 0.618750 0.100000 0.133333
0 0.895312 0.727083 0.100000 0.133333
0 0.153125 0.508333 0.100000 0.133333
0 0.107813 0.345833 0.100000 0.133333
0 0.503125 0.462500 0.100000 0.133333
0 0.106250 0.614583 0.100000 0.133333
0 0.539062 0.472917 0.100000 0.133333
0 0.460938 0.281250 0.100000 0.133333
0 0.243750 0.450000 0.100000 0.133333
0 0.457813 0.864583 0.100000 0.133333
0 0.109375 0.225000 0.100000 0.133333
0 0.517188 0.585417 0.100000 0.133333
0 0.875000 0.193750 0.100000 0.133333
0 0.512500 0.750000 0.100000 0.133333
0 0.840625 0.510417 0.100000 0.133333
0 0.739062 0.729167 0.100000 0.133333
0 0.543750 0.097917 0.100000 0.133333
0 0.510938 0.187500 0.100000 0.133333
0 0.762500 0.825000 0.100000 0.133333
0 0.296875 0.127083 0.100000 0.133333
0 0.448437 0.131250 0.100000 0.133333
0 0.151562 0.637500 0.100000 0.133333
0 0.387500 0.379167 0.100000 0.133333
0 0.370312 0.658333 0.100000 0.133333
0 0.665625 0.168750 0.100000 0.133333
0 0.826562 0.233333 0.100000 0.133333
0 0.885938 0.556250 0.100000 0.133333
0 0.159375 0.206250 0.100000 0.133333
0 0.621875 0.739583 0.100000 0.133333
0 0.234375 0.827083 0.100000 0.133333
0 0.823438 0.289583 0.100000 0.133333
0 0.217188 0.233333 0.100000 0.133333
0 0.346875 0.822917 0.100000 0.133333
0 0.664062 0.600000 0.100000 0.133333
0 0.493750 0.175000 0.100000 0.133333
0 0.259375 0.539583 0.100000 0.133333
0 0.198437 0.108333 0.100000 0.133333
0 0.770312 0.187500 0.100000 0.133333
0 0.115625 0.839583 0.100000 0.133333
0 0.468750 0.502083 0.100000 0.133333
0 0.443750 0.472917 0.100000 0.133333
0 0.731250 0.102083 0.100000 0.133333
0 0.590625 0.504167 0.100000 0.133333
0 0.473438 0.870833 0.100000 0.133333
0 0.343750 0.397917 0.100000 0.133333
0 0.900000 0.197917 0.100000 0.133333
0 0.384375 0.575000 0.100000 0.133333
0 0.790625 0.185417 0.100000 0.133333
0 0.471875 0.262500 0.100000 0.133333
0 0.123438 0.460417 0.100000 0.133333
0 0.271875 0.618750 0.100000 0.133333
0 0.584375 0.575000 0.100000 0.133333
0 0.253125 0.333333 0.100000 0.133333
0 0.207813 0.270833 0.100000 0.133333
0 0.618750 0.568750 0.100000 0.133333
0 0.790625 0.220833 0.100000 0.133333
0 0.475000 0.810417 0.100000 0.133333
0 0.593750 0.243750 0.100000 0.133333
0 0.842187 0.675000 0.100000 0.133333
0 0.543750 0.733333 0.100000 0.133333
0 0.439063 0.462500 0.100000 0.133333
0 0.257812 0.262500 0.100000 0.133333
0 0.406250 0.337500 0.100000 0.133333
0 0.645312 0.283333 0.100000 0.133333
0 0.678125 0.514583 0.100000 0.133333
0 0.246875 0.787500 0.100000 0.133333
0 0.728125 0.270833 0.100000 0.133333
0 0.540625 0.602083 0.100000 0.133333
0 0.707812 0.075000 0.100000 0.133333
0 0.381250 0.833333 0.100000 0.133333
0 0.559375 0.481250 0.100000 0.133333
0 0.554688 0.568750 0.100000 0.133333
0 0.723437 0.743750 0.100000 0.133333
0 0.128125 0.885417 0.100000 0.133333
0 0.482812 0.193750 0.100000 0.133333
0 0.379688 0.397917 0.100000 0.133333
0 0.543750 0.531250 0.100000 0.133333
0 0.629687 0.277083 0.100000 0.133333
0 0.795312 0.547917 0.100000 0.133333
0 0.507812 0.525000 0.100000 0.133333
0 0.704688 0.785417 0.100000 0.133333
0 0.167187 0.358333 0.100000 0.133333
0 0.509375 0.441667 0.100000 0.133333
0 0.528125 0.364583 0.100000 0.133333
0 0.843750 0.402083 0.100000 0.133333
0 0.304688 0.420833 0.100000 0.133333
0 0.803125 0.208333 0.100000 0.133333
0 0.400000 0.256250 0.100000 0.133333
0 0.375000 0.187500 0.100000 0.133333
0 0.115625 0.083333 0.100000 0.133333
0 0.531250 0.245833 0.100000 0.133333
0 0.442188 0.889583 0.100000 0.133333
0 0.156250 0.639583 0.100000 0.133333
0 0.212500 0.116667 0.100000 0.133333
0 0.206250 0.302083 0.100000 0.133333
0 0.770312 0.756250 0.100000 0.133333
0 0.845313 0.252083 0.100000 0.133333
0 0.635938 0.141667 0.100000 0.133333
0 0.501563 0.258333 0.100000 0.133333
0 0.384375 0.170833 0.100000 0.133333
0 0.514062 0.489583 0.100000 0.133333
0 0.862500 0.625000 0.100000 0.133333
0 0.265625 0.081250 0.100000 0.133333
0 0.812500 0.458333 0.100000 0.133333
0 0.556250 0.208333 0.100000 0.133333
0 0.465625 0.608333 0.100000 0.133333
0 0.578125 0.177083 0.100000 0.133333
0 0.426563 0.658333 0.100000 0.133333
0 0.167187 0.497917 0.100000 0.133333
0 0.485938 0.100000 0.100000 0.133333
1 0.440625 0.437500 0.100000 0.133333
1 0.595313 0.218750 0.100000 0.133333
1 0.217188 0.212500 0.100000 0.133333
1 0.898438 0.127083 0.100000 0.133333
1 0.803125 0.891667 0.100000 0.133333
