0 0.407813 0.162500 0.100000 0.133333
0 0.303125 0.554167 0.100000 0.133333
0 0.523438 0.768750 0.100000 0.133333
0 0.125000 0.435417 0.100000 0.133333
0 0.581250 0.375000 0.100000 0.133333
0 0.765625 0.345833 0.100000 0.133333
0 0.300000 0.508333 0.100000 0.133333
0 0.804688 0.847917 0.100000 0.133333
0 0.417187 0.750000 0.100000 0.133333
0 0.603125 0.337500 0.100000 0.133333
0 0.334375 0.089583 0.100000 0.133333
0 0.375000 0.322917 0.100000 0.133333
0 0.607812 0.847917 0.100000 0.133333
0 0.648438 0.262500 0.100000 0.133333
0 0.435937 0.250000 0.100000 0.133333
0 0.229687 0.185417 0.100000 0.133333
0 0.450000 0.320833 0.100000 0.133333
0 0.475000 0.597917 0.100000 0.133333
0 0.218750 0.860417 0.100000 0.133333
0 0.295312 0.695833 0.100000 0.133333
0 0.114062 0.145833 0.100000 0.133333
0 0.603125 0.775000 0.100000 0.133333
0 0.475000 0.131250 0.100000 0.133333
0 0.678125 0.535417 0.100000 0.133333
0 0.882812 0.481250 0.100000 0.133333
0 0.215625 0.670833 0.100000 0.133333
0 0.760938 0.341667 0.100000 0.133333
0 0.265625 0.704167 0.100000 0.133333
0 0.718750 0.227083 0.100000 0.133333
0 0.246875 0.610417 0.100000 0.133333
0 0.240625 0.725000 0.100000 0.133333
0 0.170313 0.702083 0.100000 0.133333
0 0.501563 0.193750 0.100000 0.133333
0 0.550000 0.458333 0.100000 0.133333
0 0.135937 0.558333 0.100000 0.133333
0 0.184375 0.110417 0.100000 0.133333
0 0.734375 0.629167 0.100000 0.133333
0 0.351562 0.129167 0.100000 0.133333
0 0.768750 0.560417 0.100000 0.133333
0 0.112500 0.143750 0.100000 0.133333
0 0.448437 0.429167 0.100000 0.133333
0 0.706250 0.800000 0.100000 0.133333
0 0.782813 0.289583 0.100000 0.133333
0 0.414062 0.579167 0.100000 0.133333
0 0.848437 0.418750 0.100000 0.133333
0 0.707812 0.508333 0.100000 0.133333
0 0.151562 0.783333 0.100000 0.133333
0 0.201563 0.389583 0.100000 0.133333
0 0.171875 0.383333 0.100000 0.133333
0 0.106250 0.512500 0.100000 0.133333
0 0.125000 0.597917 0.100000 0.133333
0 0.307812 0.427083 0.100000 0.133333
0 0.570312 0.331250 0.100000 0.133333
0 0.564063 0.347917 0.100000 0.133333
0 0.796875 0.339583 0.100000 0.133333
0 0.365625 0.756250 0.100000 0.133333
0 0.857812 0.768750 0.100000 0.133333
0 0.426563 0.525000 0.100000 0.133333
0 0.893750 0.504167 0.100000 0.133333
0 0.518750 0.850000 0.100000 0.133333
0 0.309375 0.597917 0.100000 0.133333
0 0.548438 0.647917 0.100000 0.133333
0 0.670312 0.566667 0.100000 0.133333
0 0.829688 0.252083 0.100000 0.133333
0 0.806250 0.191667 0.100000 0.133333
0 0.828125 0.660417 0.100000 0.133333
0 0.370312 0.552083 0.100000 0.133333
0 0.376563 0.527083 0.100000 0.133333
0 0.698438 0.081250 0.100000 0.133333
0 0.729688 0.637500 0.100000 0.133333
0 0.395313 0.425000 0.100000 0.133333
0 0.823438 0.166667 0.100000 0.133333
0 0.482812 0.166667 0.100000 0.133333
0 0.310937 0.281250 0.100000 0.133333
0 0.465625 0.731250 0.100000 0.133333
0 0.495312 0.681250 0.100000 0.133333
0 0.125000 0.439583 0.100000 0.133333
0 0.704688 0.570833 0.100000 0.133333
0 0.434375 0.120833 0.100000 0.133333
0 0.606250 0.708333 0.100000 0.133333
0 0.790625 0.431250 0.100000 0.133333
0 0.131250 0.685417 0.100000 0.133333
0 0.134375 0.837500 0.100000 0.133333
0 0.685937 0.118750 0.100000 0.133333
0 0.295312 0.827083 0.100000 0.133333
0 0.489063 0.445833 0.100000 0.133333
0 0.828125 0.714583 0.100000 0.133333
0 0.832812 0.662500 0.100000 0.133333
0 0.420312 0.889583 0.100000 0.133333
0 0.568750 0.243750 0.100000 0.133333
0 0.159375 0.820833 0.100000 0.133333
0 0.281250 0.397917 0.100000 0.133333
0 0.692187 0.081250 0.100000 0.133333
0 0.381250 0.779167 0.100000 0.133333
0 0.356250 0.731250 0.100000 0.133333
0 0.668750 0.677083 0.100000 0.133333
0 0.659375 0.887500 0.100000 0.133333
0 0.289062 0.250000 0.100000 0.133333
0 0.868750 0.720833 0.100000 0.133333
0 0.592187 0.312500 0.100000 0.133333
0 0.865625 0.125000 0.100000 0.133333
0 0.535937 0.145833 0.100000 0.133333
0 0.362500 0.420833 0.100000 0.133333
0 0.482812 0.352083 0.100000 0.133333
0 0.115625 0.593750 0.100000 0.133333
0 0.493750 0.783333 0.100000 0.133333
0 0.815625 0.068750 0.100000 0.133333
0 0.729688 0.095833 0.100000 0.133333
0 0.615625 0.535417 0.100000 0.133333
0 0.559375 0.077083 0.100000 0.133333
0 0.231250 0.225000 0.100000 0.133333
0 0.231250 0.575000 0.100000 0.133333
0 0.143750 0.354167 0.100000 0.133333
0 0.295312 0.806250 0.100000 0.133333
0 0.231250 0.768750 0.100000 0.133333
0 0.179688 0.295833 0.100000 0.133333
0 0.231250 0.868750 0.100000 0.133333
0 0.515625 0.531250 0.100000 0.133333
0 0.801562 0.152083 0.100000 0.133333
0 0.140625 0.352083 0.100000 0.133333
0 0.107813 0.208333 0.100000 0.133333
0 0.754687 0.552083 0.100000 0.133333
0 0.506250 0.079167 0.100000 0.133333
0 0.435937 0.102083 0.100000 0.133333
0 0.889062 0.695833 0.100000 0.133333
0 0.226562 0.625000 0.100000 0.133333
0 0.478125 0.400000 0.100000 0.133333
0 0.585938 0.375000 0.100000 0.133333
0 0.271875 0.731250 0.100000 0.133333
0 0.728125 0.866667 0.100000 0.133333
0 0.109375 0.712500 0.100000 0.133333
0 0.615625 0.418750 0.100000 0.133333
0 0.565625 0.147917 0.100000 0.133333
0 0.292187 0.368750 0.100000 0.133333
0 0.289062 0.425000 0.100000 0.133333
0 0.803125 0.787500 0.100000 0.133333
0 0.843750 0.483333 0.100000 0.133333
0 0.123438 0.739583 0.100000 0.133333
0 0.298438 0.514583 0.100000 0.133333
0 0.110937 0.481250 0.100000 0.133333
0 0.739062 0.264583 0.100000 0.133333
0 0.600000 0.339583 0.100000 0.133333
0 0.115625 0.760417 0.100000 0.133333
0 0.406250 0.191667 0.100000 0.133333
0 0.409375 0.677083 0.100000 0.133333
0 0.276562 0.622917 0.100000 0.133333
0 0.542188 0.429167 0.100000 0.133333
0 0.406250 0.647917 0.100000 0.133333
0 0.409375 0.091667 0.100000 0.133333
0 0.464062 0.835417 0.100000 0.133333
1 0.775000 0.352083 0.100000 0.133333
1 0.509375 0.810417 0.100000 0.133333
1 0.589063 0.389583 0.100000 0.133333
1 0.839063 0.927083 0.100000 0.133333
1 0.642188 0.429167 0.100000 0.133333
