0 0.665625 0.245833 0.100000 0.133333
0 0.670312 0.604167 0.100000 0.133333
0 0.746875 0.366667 0.100000 0.133333
0 0.773438 0.406250 0.100000 0.133333
0 0.743750 0.264583 0.100000 0.133333
0 0.621875 0.577083 0.100000 0.133333
0 0.503125 0.087500 0.100000 0.133333
0 0.529687 0.427083 0.100000 0.133333
0 0.818750 0.183333 0.100000 0.133333
0 0.767188 0.172917 0.100000 0.133333
0 0.584375 0.160417 0.100000 0.133333
0 0.623437 0.572917 0.100000 0.133333
0 0.820312 0.510417 0.100000 0.133333
0 0.370312 0.647917 0.100000 0.133333
0 0.900000 0.175000 0.100000 0.133333
0 0.239063 0.272917 0.100000 0.133333
0 0.267188 0.787500 0.100000 0.133333
0 0.723437 0.147917 0.100000 0.133333
0 0.837500 0.845833 0.100000 0.133333
0 0.843750 0.102083 0.100000 0.133333
0 0.414062 0.366667 0.100000 0.133333
0 0.859375 0.100000 0.100000 0.133333
0 0.792188 0.441667 0.100000 0.133333
0 0.685937 0.560417 0.100000 0.133333
0 0.825000 0.110417 0.100000 0.133333
0 0.159375 0.256250 0.100000 0.133333
0 0.514062 0.375000 0.100000 0.133333
0 0.481250 0.700000 0.100000 0.133333
0 0.712500 0.814583 0.100000 0.133333
0 0.256250 0.385417 0.100000 0.133333
0 0.743750 0.804167 0.100000 0.133333
0 0.218750 0.214583 0.100000 0.133333
0 0.867188 0.618750 0.100000 0.133333
0 0.634375 0.527083 0.100000 0.133333
0 0.626563 0.310417 0.100000 0.133333
0 0.326562 0.856250 0.100000 0.133333
0 0.648438 0.689583 0.100000 0.133333
0 0.371875 0.677083 0.100000 0.133333
0 0.217188 0.652083 0.100000 0.133333
0 0.473438 0.114583 0.100000 0.133333
0 0.160938 0.195833 0.100000 0.133333
0 0.512500 0.891667 0.100000 0.133333
0 0.621875 0.531250 0.100000 0.133333
0 0.610938 0.775000 0.100000 0.133333
0 0.200000 0.727083 0.100000 0.133333
0 0.456250 0.662500 0.100000 0.133333
0 0.725000 0.468750 0.100000 0.133333
0 0.809375 0.272917 0.100000 0.133333
0 0.721875 0.200000 0.100000 0.133333
0 0.803125 0.493750 0.100000 0.133333
0 0.585938 0.393750 0.100000 0.133333
0 0.704688 0.856250 0.100000 0.133333
0 0.101562 0.208333 0.100000 0.133333
0 0.407813 0.443750 0.100000 0.133333
0 0.700000 0.362500 0.100000 0.133333
0 0.695312 0.641667 0.100000 0.133333
0 0.585938 0.208333 0.100000 0.133333
0 0.220312 0.868750 0.100000 0.133333
0 0.278125 0.750000 0.100000 0.133333
0 0.571875 0.110417 0.100000 0.133333
0 0.706250 0.393750 0.100000 0.133333
0 0.650000 0.629167 0.100000 0.133333
0 0.709375 0.797917 0.100000 0.133333
0 0.393750 0.616667 0.100000 0.133333
0 0.640625 0.556250 0.100000 0.133333
0 0.815625 0.358333 0.100000 0.133333
0 0.598437 0.704167 0.100000 0.133333
0 0.842187 0.193750 0.100000 0.133333
0 0.498437 0.441667 0.100000 0.133333
0 0.539062 0.233333 0.100000 0.133333
0 0.460938 0.610417 0.100000 0.133333
0 0.706250 0.335417 0.100000 0.133333
0 0.571875 0.304167 0.100000 0.133333
0 0.445312 0.579167 0.100000 0.133333
0 0.778125 0.108333 0.100000 0.133333
0 0.337500 0.212500 0.100000 0.133333
0 0.171875 0.250000 0.100000 0.133333
0 0.859375 0.377083 0.100000 0.133333
0 0.303125 0.189583 0.100000 0.133333
0 0.651563 0.843750 0.100000 0.133333
0 0.515625 0.462500 0.100000 0.133333
0 0.846875 0.141667 0.100000 0.133333
0 0.346875 0.877083 0.100000 0.133333
0 0.335938 0.372917 0.100000 0.133333
0 0.268750 0.654167 0.100000 0.133333
0 0.546875 0.162500 0.100000 0.133333
0 0.589063 0.181250 0.100000 0.133333
0 0.650000 0.220833 0.100000 0.133333
0 0.882812 0.629167 0.100000 0.133333
0 0.504687 0.643750 0.100000 0.133333
0 0.543750 0.533333 0.100000 0.133333
0 0.768750 0.566667 0.100000 0.133333
0 0.421875 0.883333 0.100000 0.133333
0 0.254688 0.356250 0.100000 0.133333
0 0.498437 0.579167 0.100000 0.133333
0 0.203125 0.481250 0.100000 0.133333
0 0.293750 0.472917 0.100000 0.133333
0 0.750000 0.652083 0.100000 0.133333
0 0.387500 0.858333 0.100000 0.133333
0 0.140625 0.479167 0.100000 0.133333
0 0.415625 0.075000 0.100000 0.133333
0 0.379688 0.558333 0.100000 0.133333
0 0.603125 0.241667 0.100000 0.133333
0 0.685937 0.691667 0.100000 0.133333
0 0.106250 0.645833 0.100000 0.133333
0 0.629687 0.689583 0.100000 0.133333
0 0.456250 0.762500 0.100000 0.133333
0 0.406250 0.837500 0.100000 0.133333
0 0.453125 0.743750 0.100000 0.133333
0 0.484375 0.447917 0.100000 0.133333
0 0.428125 0.720833 0.100000 0.133333
0 0.267188 0.775000 0.100000 0.133333
0 0.710938 0.810417 0.100000 0.133333
0 0.423438 0.318750 0.100000 0.133333
0 0.471875 0.468750 0.100000 0.133333
0 0.450000 0.864583 0.100000 0.133333
0 0.217188 0.466667 0.100000 0.133333
0 0.479687 0.210417 0.100000 0.133333
0 0.226562 0.806250 0.100000 0.133333
0 0.448437 0.847917 0.100000 0.133333
0 0.712500 0.183333 0.100000 0.133333
0 0.470313 0.866667 0.100000 0.133333
0 0.612500 0.372917 0.100000 0.133333
0 0.670312 0.656250 0.100000 0.133333
0 0.265625 0.854167 0.100000 0.133333
0 0.831250 0.425000 0.100000 0.133333
0 0.712500 0.720833 0.100000 0.133333
0 0.364063 0.247917 0.100000 0.133333
0 0.657813 0.329167 0.100000 0.133333
0 0.854688 0.581250 0.100000 0.133333
0 0.553125 0.516667 0.100000 0.133333
0 0.696875 0.672917 0.100000 0.133333
0 0.695312 0.204167 0.100000 0.133333
0 0.734375 0.250000 0.100000 0.133333
0 0.271875 0.293750 0.100000 0.133333
0 0.635938 0.300000 0.100000 0.133333
0 0.275000 0.612500 0.100000 0.133333
0 0.503125 0.545833 0.100000 0.133333
0 0.440625 0.550000 0.100000 0.133333
0 0.479687 0.789583 0.100000 0.133333
0 0.843750 0.350000 0.100000 0.133333
0 0.759375 0.754167 0.100000 0.133333
0 0.370312 0.702083 0.100000 0.133333
0 0.746875 0.885417 0.100000 0.133333
0 0.343750 0.727083 0.100000 0.133333
0 0.737500 0.616667 0.100000 0.133333
0 0.381250 0.850000 0.100000 0.133333
0 0.540625 0.489583 0.100000 0.133333
0 0.253125 0.706250 0.100000 0.133333
0 0.764062 0.616667 0.100000 0.133333
1 0.590625 0.508333 0.100000 0.133333
1 0.379688 0.741667 0.100000 0.133333
1 0.568750 0.597917 0.100000 0.133333
1 0.909375 0.670833 0.100000 0.133333
1 0.862500 0.535417 0.100000 0.133333
