0 0.229687 0.518750 0.100000 0.133333
0 0.284375 0.325000 0.100000 0.133333
0 0.545312 0.210417 0.100000 0.133333
0 0.271875 0.225000 0.100000 0.133333
0 0.768750 0.693750 0.100000 0.133333
0 0.415625 0.270833 0.100000 0.133333
0 0.468750 0.572917 0.100000 0.133333
0 0.289062 0.564583 0.100000 0.133333
0 0.879687 0.247917 0.100000 0.133333
0 0.720313 0.527083 0.100000 0.133333
0 0.800000 0.875000 0.100000 0.133333
0 0.831250 0.183333 0.100000 0.133333
0 0.307812 0.137500 0.100000 0.133333
0 0.509375 0.727083 0.100000 0.133333
0 0.601562 0.241667 0.100000 0.133333
0 0.609375 0.127083 0.100000 0.133333
0 0.596875 0.666667 0.100000 0.133333
0 0.706250 0.777083 0.100000 0.133333
0 0.220312 0.629167 0.100000 0.133333
0 0.739062 0.472917 0.100000 0.133333
0 0.206250 0.237500 0.100000 0.133333
0 0.590625 0.308333 0.100000 0.133333
0 0.590625 0.591667 0.100000 0.133333
0 0.129688 0.712500 0.100000 0.133333
0 0.467187 0.279167 0.100000 0.133333
0 0.368750 0.254167 0.100000 0.133333
0 0.259375 0.756250 0.100000 0.133333
0 0.404687 0.606250 0.100000 0.133333
0 0.814063 0.864583 0.100000 0.133333
0 0.785937 0.335417 0.100000 0.133333
0 0.467187 0.300000 0.100000 0.133333
0 0.353125 0.539583 0.100000 0.133333
0 0.246875 0.631250 0.100000 0.133333
0 0.445312 0.625000 0.100000 0.133333
0 0.787500 0.129167 0.100000 0.133333
0 0.885938 0.320833 0.100000 0.133333
0 0.551562 0.175000 0.100000 0.133333
0 0.768750 0.847917 0.100000 0.133333
0 0.671875 0.570833 0.100000 0.133333
0 0.181250 0.087500 0.100000 0.133333
0 0.621875 0.493750 0.100000 0.133333
0 0.326562 0.618750 0.100000 0.133333
0 0.889062 0.868750 0.100000 0.133333
0 0.785937 0.254167 0.100000 0.133333
0 0.309375 0.650000 0.100000 0.133333
0 0.559375 0.583333 0.100000 0.133333
0 0.742188 0.758333 0.100000 0.133333
0 0.103125 0.237500 0.100000 0.133333
0 0.445312 0.777083 0.100000 0.133333
0 0.675000 0.310417 0.100000 0.133333
0 0.653125 0.606250 0.100000 0.133333
0 0.246875 0.158333 0.100000 0.133333
0 0.414062 0.731250 0.100000 0.133333
0 0.464062 0.150000 0.100000 0.133333
0 0.218750 0.385417 0.100000 0.133333
0 0.312500 0.537500 0.100000 0.133333
0 0.618750 0.220833 0.100000 0.133333
0 0.653125 0.154167 0.100000 0.133333
0 0.646875 0.833333 0.100000 0.133333
0 0.482812 0.760417 0.100000 0.133333
0 0.537500 0.143750 0.100000 0.133333
0 0.581250 0.154167 0.100000 0.133333
0 0.287500 0.620833 0.100000 0.133333
0 0.171875 0.445833 0.100000 0.133333
0 0.393750 0.564583 0.100000 0.133333
0 0.318750 0.404167 0.100000 0.133333
0 0.160938 0.266667 0.100000 0.133333
0 0.135937 0.739583 0.100000 0.133333
0 0.310937 0.789583 0.100000 0.133333
0 0.121875 0.100000 0.100000 0.133333
0 0.837500 0.650000 0.100000 0.133333
0 0.409375 0.095833 0.100000 0.133333
0 0.253125 0.175000 0.100000 0.133333
0 0.240625 0.589583 0.100000 0.133333
0 0.660937 0.383333 0.100000 0.133333
0 0.270313 0.883333 0.100000 0.133333
0 0.764062 0.856250 0.100000 0.133333
0 0.443750 0.306250 0.100000 0.133333
0 0.795312 0.847917 0.100000 0.133333
0 0.246875 0.235417 0.100000 0.133333
0 0.825000 0.414583 0.100000 0.133333
0 0.785937 0.768750 0.100000 0.133333
0 0.153125 0.512500 0.100000 0.133333
0 0.393750 0.600000 0.100000 0.133333
0 0.715625 0.752083 0.100000 0.133333
0 0.701562 0.729167 0.100000 0.133333
0 0.721875 0.212500 0.100000 0.133333
0 0.720313 0.322917 0.100000 0.133333
0 0.718750 0.070833 0.100000 0.133333
0 0.876563 0.125000 0.100000 0.133333
0 0.664062 0.133333 0.100000 0.133333
0 0.712500 0.645833 0.100000 0.133333
0 0.168750 0.756250 0.100000 0.133333
0 0.407813 0.812500 0.100000 0.133333
0 0.296875 0.814583 0.100000 0.133333
0 0.496875 0.229167 0.100000 0.133333
0 0.800000 0.425000 0.100000 0.133333
0 0.889062 0.535417 0.100000 0.133333
0 0.676562 0.508333 0.100000 0.133333
0 0.253125 0.222917 0.100000 0.133333
0 0.781250 0.375000 0.100000 0.133333
0 0.403125 0.579167 0.100000 0.133333
0 0.179688 0.852083 0.100000 0.133333
0 0.826562 0.493750 0.100000 0.133333
0 0.751563 0.864583 0.100000 0.133333
0 0.600000 0.129167 0.100000 0.133333
0 0.650000 0.739583 0.100000 0.133333
0 0.462500 0.466667 0.100000 0.133333
0 0.771875 0.868750 0.100000 0.133333
0 0.650000 0.447917 0.100000 0.133333
0 0.106250 0.139583 0.100000 0.133333
0 0.487500 0.204167 0.100000 0.133333
0 0.710938 0.725000 0.100000 0.133333
0 0.617188 0.435417 0.100000 0.133333
0 0.682813 0.152083 0.100000 0.133333
0 0.551562 0.504167 0.100000 0.133333
0 0.337500 0.093750 0.100000 0.133333
0 0.456250 0.483333 0.100000 0.133333
0 0.165625 0.389583 0.100000 0.133333
0 0.517188 0.733333 0.100000 0.133333
0 0.707812 0.854167 0.100000 0.133333
0 0.173437 0.718750 0.100000 0.133333
0 0.129688 0.262500 0.100000 0.133333
0 0.829688 0.402083 0.100000 0.133333
0 0.539062 0.189583 0.100000 0.133333
0 0.264062 0.468750 0.100000 0.133333
0 0.117188 0.272917 0.100000 0.133333
0 0.631250 0.631250 0.100000 0.133333
0 0.328125 0.431250 0.100000 0.133333
0 0.307812 0.141667 0.100000 0.133333
0 0.628125 0.416667 0.100000 0.133333
0 0.660937 0.114583 0.100000 0.133333
0 0.876563 0.337500 0.100000 0.133333
0 0.817187 0.287500 0.100000 0.133333
0 0.484375 0.879167 0.100000 0.133333
0 0.712500 0.768750 0.100000 0.133333
0 0.265625 0.135417 0.100000 0.133333
0 0.140625 0.768750 0.100000 0.133333
0 0.815625 0.837500 0.100000 0.133333
0 0.871875 0.341667 0.100000 0.133333
0 0.714063 0.372917 0.100000 0.133333
0 0.201563 0.683333 0.100000 0.133333
0 0.595313 0.539583 0.100000 0.133333
0 0.892188 0.402083 0.100000 0.133333
0 0.620313 0.570833 0.100000 0.133333
0 0.443750 0.120833 0.100000 0.133333
0 0.257812 0.891667 0.100000 0.133333
0 0.306250 0.829167 0.100000 0.133333
0 0.298438 0.325000 0.100000 0.133333
0 0.873437 0.260417 0.100000 0.133333
1 0.529687 0.627083 0.100000 0.133333
1 0.851562 0.662500 0.100000 0.133333
1 0.825000 0.789583 0.100000 0.133333
1 0.179688 0.120833 0.100000 0.133333
1 0.856250 0.252083 0.100000 0.133333
