0 0.845313 0.308333 0.100000 0.133333
0 0.484375 0.800000 0.100000 0.133333
0 0.348438 0.662500 0.100000 0.133333
0 0.139063 0.264583 0.100000 0.133333
0 0.700000 0.170833 0.100000 0.133333
0 0.326562 0.462500 0.100000 0.133333
0 0.723437 0.281250 0.100000 0.133333
0 0.567187 0.647917 0.100000 0.133333
0 0.326562 0.760417 0.100000 0.133333
0 0.857812 0.583333 0.100000 0.133333
0 0.775000 0.860417 0.100000 0.133333
0 0.254688 0.481250 0.100000 0.133333
0 0.407813 0.443750 0.100000 0.133333
0 0.428125 0.160417 0.100000 0.133333
0 0.678125 0.070833 0.100000 0.133333
0 0.189062 0.389583 0.100000 0.133333
0 0.714063 0.681250 0.100000 0.133333
0 0.739062 0.218750 0.100000 0.133333
0 0.401562 0.391667 0.100000 0.133333
0 0.642188 0.577083 0.100000 0.133333
0 0.809375 0.825000 0.100000 0.133333
0 0.821875 0.841667 0.100000 0.133333
0 0.373437 0.414583 0.100000 0.133333
0 0.828125 0.472917 0.100000 0.133333
0 0.590625 0.595833 0.100000 0.133333
0 0.539062 0.785417 0.100000 0.133333
0 0.893750 0.829167 0.100000 0.133333
0 0.342187 0.793750 0.100000 0.133333
0 0.631250 0.525000 0.100000 0.133333
0 0.381250 0.762500 0.100000 0.133333
0 0.770312 0.710417 0.100000 0.133333
0 0.679688 0.475000 0.100000 0.133333
0 0.426563 0.310417 0.100000 0.133333
0 0.231250 0.858333 0.100000 0.133333
0 0.748437 0.425000 0.100000 0.133333
0 0.376563 0.485417 0.100000 0.133333
0 0.898438 0.112500 0.100000 0.133333
0 0.607812 0.641667 0.100000 0.133333
0 0.650000 0.122917 0.100000 0.133333
0 0.562500 0.700000 0.100000 0.133333
0 0.581250 0.139583 0.100000 0.133333
0 0.239063 0.293750 0.100000 0.133333
0 0.287500 0.400000 0.100000 0.133333
0 0.418750 0.589583 0.100000 0.133333
0 0.407813 0.845833 0.100000 0.133333
0 0.367188 0.877083 0.100000 0.133333
0 0.745313 0.522917 0.100000 0.133333
0 0.192188 0.554167 0.100000 0.133333
0 0.748437 0.685417 0.100000 0.133333
0 0.757812 0.777083 0.100000 0.133333
0 0.773438 0.208333 0.100000 0.133333
0 0.373437 0.452083 0.100000 0.133333
0 0.253125 0.300000 0.100000 0.133333
0 0.295312 0.270833 0.100000 0.133333
0 0.384375 0.412500 0.100000 0.133333
0 0.500000 0.272917 0.100000 0.133333
0 0.123438 0.637500 0.100000 0.133333
0 0.675000 0.237500 0.100000 0.133333
0 0.300000 0.760417 0.100000 0.133333
0 0.168750 0.656250 0.100000 0.133333
0 0.201563 0.787500 0.100000 0.133333
0 0.187500 0.279167 0.100000 0.133333
0 0.618750 0.072917 0.100000 0.133333
0 0.700000 0.681250 0.100000 0.133333
0 0.870313 0.404167 0.100000 0.133333
0 0.753125 0.579167 0.100000 0.133333
0 0.556250 0.150000 0.100000 0.133333
0 0.535937 0.258333 0.100000 0.133333
0 0.471875 0.079167 0.100000 0.133333
0 0.829688 0.770833 0.100000 0.133333
0 0.462500 0.604167 0.100000 0.133333
0 0.120313 0.847917 0.100000 0.133333
0 0.262500 0.206250 0.100000 0.133333
0 0.417187 0.252083 0.100000 0.133333
0 0.457813 0.075000 0.100000 0.133333
0 0.670312 0.368750 0.100000 0.133333
0 0.393750 0.695833 0.100000 0.133333
0 0.354687 0.720833 0.100000 0.133333
0 0.715625 0.079167 0.100000 0.133333
0 0.175000 0.727083 0.100000 0.133333
0 0.332813 0.106250 0.100000 0.133333
0 0.746875 0.616667 0.100000 0.133333
0 0.142187 0.435417 0.100000 0.133333
0 0.296875 0.391667 0.100000 0.133333
0 0.173437 0.114583 0.100000 0.133333
0 0.604688 0.689583 0.100000 0.133333
0 0.434375 0.618750 0.100000 0.133333
0 0.242188 0.281250 0.100000 0.133333
0 0.109375 0.135417 0.100000 0.133333
0 0.725000 0.418750 0.100000 0.133333
0 0.532813 0.358333 0.100000 0.133333
0 0.353125 0.331250 0.100000 0.133333
0 0.668750 0.797917 0.100000 0.133333
0 0.421875 0.343750 0.100000 0.133333
0 0.778125 0.502083 0.100000 0.133333
0 0.851562 0.875000 0.100000 0.133333
0 0.720313 0.258333 0.100000 0.133333
0 0.201563 0.554167 0.100000 0.133333
0 0.810937 0.110417 0.100000 0.133333
0 0.748437 0.735417 0.100000 0.133333
0 0.868750 0.310417 0.100000 0.133333
0 0.596875 0.135417 0.100000 0.133333
0 0.117188 0.497917 0.100000 0.133333
0 0.703125 0.637500 0.100000 0.133333
0 0.854688 0.264583 0.100000 0.133333
0 0.787500 0.616667 0.100000 0.133333
0 0.382812 0.381250 0.100000 0.133333
0 0.832812 0.345833 0.100000 0.133333
0 0.704688 0.568750 0.100000 0.133333
0 0.315625 0.179167 0.100000 0.133333
0 0.801562 0.535417 0.100000 0.133333
0 0.442188 0.618750 0.100000 0.133333
0 0.381250 0.879167 0.100000 0.133333
0 0.425000 0.789583 0.100000 0.133333
0 0.821875 0.635417 0.100000 0.133333
0 0.704688 0.625000 0.100000 0.133333
0 0.178125 0.239583 0.100000 0.133333
0 0.607812 0.612500 0.100000 0.133333
0 0.129688 0.862500 0.100000 0.133333
0 0.553125 0.389583 0.100000 0.133333
0 0.771875 0.216667 0.100000 0.133333
0 0.410938 0.256250 0.100000 0.133333
0 0.693750 0.793750 0.100000 0.133333
0 0.692187 0.687500 0.100000 0.133333
0 0.364063 0.672917 0.100000 0.133333
0 0.207813 0.718750 0.100000 0.133333
0 0.837500 0.116667 0.100000 0.133333
0 0.187500 0.297917 0.100000 0.133333
0 0.615625 0.235417 0.100000 0.133333
0 0.604688 0.329167 0.100000 0.133333
0 0.737500 0.870833 0.100000 0.133333
0 0.217188 0.810417 0.100000 0.133333
0 0.292187 0.793750 0.100000 0.133333
0 0.710938 0.868750 0.100000 0.133333
0 0.290625 0.470833 0.100000 0.133333
0 0.134375 0.345833 0.100000 0.133333
0 0.518750 0.272917 0.100000 0.133333
0 0.895312 0.379167 0.100000 0.133333
0 0.173437 0.252083 0.100000 0.133333
0 0.754687 0.341667 0.100000 0.133333
0 0.679688 0.583333 0.100000 0.133333
0 0.565625 0.316667 0.100000 0.133333
0 0.892188 0.722917 0.100000 0.133333
0 0.392188 0.485417 0.100000 0.133333
0 0.420312 0.814583 0.100000 0.133333
0 0.176563 0.235417 0.100000 0.133333
0 0.660937 0.866667 0.100000 0.133333
0 0.320312 0.702083 0.100000 0.133333
0 0.539062 0.262500 0.100000 0.133333
0 0.117188 0.397917 0.100000 0.133333
1 0.753125 0.806250 0.100000 0.133333
1 0.282813 0.566667 0.100000 0.133333
1 0.751563 0.243750 0.100000 0.133333
1 0.521875 0.668750 0.100000 0.133333
1 0.792188 0.460417 0.100000 0.133333
