0 0.562500 0.845833 0.100000 0.133333
0 0.871875 0.754167 0.100000 0.133333
0 0.640625 0.822917 0.100000 0.133333
0 0.714063 0.635417 0.100000 0.133333
0 0.126562 0.714583 0.100000 0.133333
0 0.556250 0.493750 0.100000 0.133333
0 0.710938 0.764583 0.100000 0.133333
0 0.475000 0.081250 0.100000 0.133333
0 0.589063 0.108333 0.100000 0.133333
0 0.870313 0.422917 0.100000 0.133333
0 0.132812 0.585417 0.100000 0.133333
0 0.153125 0.689583 0.100000 0.133333
0 0.134375 0.425000 0.100000 0.133333
0 0.137500 0.477083 0.100000 0.133333
0 0.565625 0.314583 0.100000 0.133333
0 0.771875 0.118750 0.100000 0.133333
0 0.442188 0.250000 0.100000 0.133333
0 0.195312 0.662500 0.100000 0.133333
0 0.273438 0.472917 0.100000 0.133333
0 0.825000 0.493750 0.100000 0.133333
0 0.898438 0.414583 0.100000 0.133333
0 0.718750 0.579167 0.100000 0.133333
0 0.725000 0.716667 0.100000 0.133333
0 0.328125 0.618750 0.100000 0.133333
0 0.539062 0.185417 0.100000 0.133333
0 0.206250 0.279167 0.100000 0.133333
0 0.523438 0.172917 0.100000 0.133333
0 0.764062 0.422917 0.100000 0.133333
0 0.401562 0.875000 0.100000 0.133333
0 0.564063 0.877083 0.100000 0.133333
0 0.704688 0.343750 0.100000 0.133333
0 0.220312 0.702083 0.100000 0.133333
0 0.842187 0.797917 0.100000 0.133333
0 0.387500 0.260417 0.100000 0.133333
0 0.170313 0.102083 0.100000 0.133333
0 0.385937 0.400000 0.100000 0.133333
0 0.295312 0.347917 0.100000 0.133333
0 0.507812 0.593750 0.100000 0.133333
0 0.137500 0.556250 0.100000 0.133333
0 0.400000 0.670833 0.100000 0.133333
0 0.384375 0.352083 0.100000 0.133333
0 0.137500 0.622917 0.100000 0.133333
0 0.432812 0.608333 0.100000 0.133333
0 0.845313 0.641667 0.100000 0.133333
0 0.157812 0.739583 0.100000 0.133333
0 0.462500 0.695833 0.100000 0.133333
0 0.603125 0.170833 0.100000 0.133333
0 0.834375 0.075000 0.100000 0.133333
0 0.482812 0.208333 0.100000 0.133333
0 0.745313 0.722917 0.100000 0.133333
0 0.375000 0.095833 0.100000 0.133333
0 0.507812 0.589583 0.100000 0.133333
0 0.754687 0.193750 0.100000 0.133333
0 0.637500 0.558333 0.100000 0.133333
0 0.595313 0.633333 0.100000 0.133333
0 0.337500 0.341667 0.100000 0.133333
0 0.220312 0.860417 0.100000 0.133333
0 0.687500 0.083333 0.100000 0.133333
0 0.348438 0.489583 0.100000 0.133333
0 0.206250 0.729167 0.100000 0.133333
0 0.312500 0.252083 0.100000 0.133333
0 0.262500 0.439583 0.100000 0.133333
0 0.406250 0.166667 0.100000 0.133333
0 0.401562 0.656250 0.100000 0.133333
0 0.523438 0.175000 0.100000 0.133333
0 0.218750 0.133333 0.100000 0.133333
0 0.603125 0.295833 0.100000 0.133333
0 0.301563 0.118750 0.100000 0.133333
0 0.107813 0.322917 0.100000 0.133333
0 0.225000 0.135417 0.100000 0.133333
0 0.720313 0.147917 0.100000 0.133333
0 0.629687 0.270833 0.100000 0.133333
0 0.759375 0.191667 0.100000 0.133333
0 0.126562 0.287500 0.100000 0.133333
0 0.492188 0.554167 0.100000 0.133333
0 0.614062 0.193750 0.100000 0.133333
0 0.703125 0.718750 0.100000 0.133333
0 0.712500 0.858333 0.100000 0.133333
0 0.590625 0.860417 0.100000 0.133333
0 0.439063 0.745833 0.100000 0.133333
0 0.223438 0.858333 0.100000 0.133333
0 0.128125 0.077083 0.100000 0.133333
0 0.142187 0.470833 0.100000 0.133333
0 0.684375 0.139583 0.100000 0.133333
0 0.275000 0.291667 0.100000 0.133333
0 0.507812 0.852083 0.100000 0.133333
0 0.789062 0.420833 0.100000 0.133333
0 0.190625 0.554167 0.100000 0.133333
0 0.281250 0.645833 0.100000 0.133333
0 0.523438 0.672917 0.100000 0.133333
0 0.464062 0.650000 0.100000 0.133333
0 0.300000 0.475000 0.100000 0.133333
0 0.270313 0.150000 0.100000 0.133333
0 0.189062 0.491667 0.100000 0.133333
0 0.262500 0.870833 0.100000 0.133333
0 0.159375 0.850000 0.100000 0.133333
0 0.571875 0.758333 0.100000 0.133333
0 0.101562 0.766667 0.100000 0.133333
0 0.154688 0.508333 0.100000 0.133333
0 0.770312 0.183333 0.100000 0.133333
0 0.312500 0.525000 0.100000 0.133333
0 0.834375 0.143750 0.100000 0.133333
0 0.751563 0.810417 0.100000 0.133333
0 0.620313 0.158333 0.100000 0.133333
0 0.112500 0.622917 0.100000 0.133333
0 0.110937 0.747917 0.100000 0.133333
0 0.115625 0.662500 0.100000 0.133333
0 0.625000 0.256250 0.100000 0.133333
0 0.760938 0.331250 0.100000 0.133333
0 0.787500 0.718750 0.100000 0.133333
0 0.595313 0.718750 0.100000 0.133333
0 0.262500 0.229167 0.100000 0.133333
0 0.248438 0.070833 0.100000 0.133333
0 0.312500 0.185417 0.100000 0.133333
0 0.854688 0.662500 0.100000 0.133333
0 0.460938 0.664583 0.100000 0.133333
0 0.206250 0.379167 0.100000 0.133333
0 0.142187 0.797917 0.100000 0.133333
0 0.226562 0.760417 0.100000 0.133333
0 0.640625 0.687500 0.100000 0.133333
0 0.737500 0.387500 0.100000 0.133333
0 0.742188 0.852083 0.100000 0.133333
0 0.535937 0.189583 0.100000 0.133333
0 0.890625 0.406250 0.100000 0.133333
0 0.131250 0.860417 0.100000 0.133333
0 0.179688 0.256250 0.100000 0.133333
0 0.396875 0.562500 0.100000 0.133333
0 0.496875 0.793750 0.100000 0.133333
0 0.803125 0.566667 0.100000 0.133333
0 0.259375 0.568750 0.100000 0.133333
0 0.737500 0.087500 0.100000 0.133333
0 0.296875 0.575000 0.100000 0.133333
0 0.104688 0.410417 0.100000 0.133333
0 0.412500 0.416667 0.100000 0.133333
0 0.778125 0.100000 0.100000 0.133333
0 0.654687 0.656250 0.100000 0.133333
0 0.659375 0.504167 0.100000 0.133333
0 0.296875 0.162500 0.100000 0.133333
0 0.365625 0.645833 0.100000 0.133333
0 0.523438 0.358333 0.100000 0.133333
0 0.892188 0.735417 0.100000 0.133333
0 0.740625 0.418750 0.100000 0.133333
0 0.709375 0.506250 0.100000 0.133333
0 0.723437 0.752083 0.100000 0.133333
0 0.239063 0.454167 0.100000 0.133333
0 0.728125 0.220833 0.100000 0.133333
0 0.657813 0.541667 0.100000 0.133333
0 0.390625 0.481250 0.100000 0.133333
0 0.782813 0.583333 0.100000 0.133333
0 0.617188 0.883333 0.100000 0.133333
1 0.112500 0.781250 0.100000 0.133333
1 0.935937 0.712500 0.100000 0.133333
1 0.437500 0.831250 0.100000 0.133333
1 0.073438 0.391667 0.100000 0.133333
1 0.875000 0.331250 0.100000 0.133333
