0 0.101562 0.162500 0.100000 0.133333
0 0.631250 0.752083 0.100000 0.133333
0 0.639062 0.360417 0.100000 0.133333
0 0.782813 0.372917 0.100000 0.133333
0 0.650000 0.704167 0.100000 0.133333
0 0.835938 0.506250 0.100000 0.133333
0 0.679688 0.864583 0.100000 0.133333
0 0.121875 0.222917 0.100000 0.133333
0 0.642188 0.289583 0.100000 0.133333
0 0.218750 0.429167 0.100000 0.133333
0 0.723437 0.741667 0.100000 0.133333
0 0.334375 0.429167 0.100000 0.133333
0 0.207813 0.425000 0.100000 0.133333
0 0.581250 0.585417 0.100000 0.133333
0 0.468750 0.250000 0.100000 0.133333
0 0.454688 0.164583 0.100000 0.133333
0 0.806250 0.427083 0.100000 0.133333
0 0.278125 0.700000 0.100000 0.133333
0 0.301563 0.302083 0.100000 0.133333
0 0.707812 0.658333 0.100000 0.133333
0 0.753125 0.125000 0.100000 0.133333
0 0.410938 0.158333 0.100000 0.133333
0 0.462500 0.795833 0.100000 0.133333
0 0.859375 0.293750 0.100000 0.133333
0 0.609375 0.706250 0.100000 0.133333
0 0.579688 0.295833 0.100000 0.133333
0 0.473438 0.416667 0.100000 0.133333
0 0.362500 0.418750 0.100000 0.133333
0 0.881250 0.518750 0.100000 0.133333
0 0.695312 0.579167 0.100000 0.133333
0 0.773438 0.118750 0.100000 0.133333
0 0.426563 0.281250 0.100000 0.133333
0 0.445312 0.735417 0.100000 0.133333
0 0.843750 0.616667 0.100000 0.133333
0 0.265625 0.402083 0.100000 0.133333
0 0.898438 0.168750 0.100000 0.133333
0 0.271875 0.537500 0.100000 0.133333
0 0.785937 0.285417 0.100000 0.133333
0 0.515625 0.808333 0.100000 0.133333
0 0.784375 0.708333 0.100000 0.133333
0 0.329688 0.087500 0.100000 0.133333
0 0.314063 0.835417 0.100000 0.133333
0 0.232813 0.316667 0.100000 0.133333
0 0.218750 0.700000 0.100000 0.133333
0 0.850000 0.710417 0.100000 0.133333
0 0.898438 0.379167 0.100000 0.133333
0 0.407813 0.533333 0.100000 0.133333
0 0.623437 0.822917 0.100000 0.133333
0 0.498437 0.762500 0.100000 0.133333
0 0.750000 0.566667 0.100000 0.133333
0 0.225000 0.191667 0.100000 0.133333
0 0.498437 0.585417 0.100000 0.133333
0 0.282813 0.452083 0.100000 0.133333
0 0.228125 0.581250 0.100000 0.133333
0 0.181250 0.597917 0.100000 0.133333
0 0.831250 0.095833 0.100000 0.133333
0 0.646875 0.089583 0.100000 0.133333
0 0.371875 0.410417 0.100000 0.133333
0 0.378125 0.131250 0.100000 0.133333
0 0.893750 0.539583 0.100000 0.133333
0 0.870313 0.129167 0.100000 0.133333
0 0.717187 0.866667 0.100000 0.133333
0 0.273438 0.820833 0.100000 0.133333
0 0.518750 0.554167 0.100000 0.133333
0 0.409375 0.468750 0.100000 0.133333
0 0.893750 0.733333 0.100000 0.133333
0 0.298438 0.189583 0.100000 0.133333
0 0.498437 0.245833 0.100000 0.133333
0 0.839063 0.883333 0.100000 0.133333
0 0.553125 0.458333 0.100000 0.133333
0 0.407813 0.162500 0.100000 0.133333
0 0.753125 0.318750 0.100000 0.133333
0 0.276562 0.570833 0.100000 0.133333
0 0.253125 0.687500 0.100000 0.133333
0 0.848437 0.300000 0.100000 0.133333
0 0.625000 0.497917 0.100000 0.133333
0 0.770312 0.191667 0.100000 0.133333
0 0.385937 0.347917 0.100000 0.133333
0 0.732812 0.287500 0.100000 0.133333
0 0.420312 0.270833 0.100000 0.133333
0 0.318750 0.383333 0.100000 0.133333
0 0.223438 0.856250 0.100000 0.133333
0 0.145313 0.750000 0.100000 0.133333
0 0.198437 0.433333 0.100000 0.133333
0 0.507812 0.793750 0.100000 0.133333
0 0.770312 0.664583 0.100000 0.133333
0 0.857812 0.679167 0.100000 0.133333
0 0.457813 0.150000 0.100000 0.133333
0 0.798438 0.370833 0.100000 0.133333
0 0.743750 0.160417 0.100000 0.133333
0 0.629687 0.808333 0.100000 0.133333
0 0.876563 0.793750 0.100000 0.133333
0 0.714063 0.200000 0.100000 0.133333
0 0.415625 0.643750 0.100000 0.133333
0 0.787500 0.214583 0.100000 0.133333
0 0.415625 0.804167 0.100000 0.133333
0 0.464062 0.204167 0.100000 0.133333
0 0.178125 0.252083 0.100000 0.133333
0 0.850000 0.366667 0.100000 0.133333
0 0.881250 0.072917 0.100000 0.133333
0 0.545312 0.166667 0.100000 0.133333
0 0.412500 0.233333 0.100000 0.133333
0 0.512500 0.227083 0.100000 0.133333
0 0.437500 0.606250 0.100000 0.133333
0 0.262500 0.272917 0.100000 0.133333
0 0.270313 0.364583 0.100000 0.133333
0 0.464062 0.283333 0.100000 0.133333
0 0.864062 0.766667 0.100000 0.133333
0 0.670312 0.806250 0.100000 0.133333
0 0.726562 0.427083 0.100000 0.133333
0 0.789062 0.277083 0.100000 0.133333
0 0.685937 0.177083 0.100000 0.133333
0 0.110937 0.758333 0.100000 0.133333
0 0.251563 0.595833 0.100000 0.133333
0 0.829688 0.718750 0.100000 0.133333
0 0.601562 0.470833 0.100000 0.133333
0 0.557813 0.545833 0.100000 0.133333
0 0.695312 0.427083 0.100000 0.133333
0 0.673438 0.356250 0.100000 0.133333
0 0.373437 0.089583 0.100000 0.133333
0 0.193750 0.295833 0.100000 0.133333
0 0.114062 0.239583 0.100000 0.133333
0 0.250000 0.233333 0.100000 0.133333
0 0.193750 0.497917 0.100000 0.133333
0 0.214062 0.531250 0.100000 0.133333
0 0.562500 0.287500 0.100000 0.133333
0 0.485938 0.695833 0.100000 0.133333
0 0.614062 0.245833 0.100000 0.133333
0 0.729688 0.500000 0.100000 0.133333
0 0.307812 0.131250 0.100000 0.133333
0 0.423438 0.250000 0.100000 0.133333
0 0.535937 0.179167 0.100000 0.133333
0 0.606250 0.850000 0.100000 0.133333
0 0.189062 0.781250 0.100000 0.133333
0 0.140625 0.772917 0.100000 0.133333
0 0.306250 0.272917 0.100000 0.133333
0 0.745313 0.875000 0.100000 0.133333
0 0.567187 0.843750 0.100000 0.133333
0 0.340625 0.333333 0.100000 0.133333
0 0.801562 0.327083 0.100000 0.133333
0 0.646875 0.633333 0.100000 0.133333
0 0.590625 0.527083 0.100000 0.133333
0 0.798438 0.108333 0.100000 0.133333
0 0.476562 0.527083 0.100000 0.133333
0 0.640625 0.352083 0.100000 0.133333
0 0.706250 0.083333 0.100000 0.133333
0 0.531250 0.614583 0.100000 0.133333
0 0.625000 0.102083 0.100000 0.133333
0 0.257812 0.389583 0.100000 0.133333
0 0.567187 0.825000 0.100000 0.133333
1 0.490625 0.908333 0.100000 0.133333
1 0.939063 0.227083 0.100000 0.133333
1 0.273438 0.116667 0.100000 0.133333
1 0.607812 0.810417 0.100000 0.133333
1 0.517188 0.435417 0.100000 0.133333
