0 0.403125 0.285417 0.100000 0.133333
0 0.384375 0.600000 0.100000 0.133333
0 0.820312 0.627083 0.100000 0.133333
0 0.496875 0.191667 0.100000 0.133333
0 0.190625 0.164583 0.100000 0.133333
0 0.292187 0.233333 0.100000 0.133333
0 0.145313 0.593750 0.100000 0.133333
0 0.120313 0.533333 0.100000 0.133333
0 0.504687 0.850000 0.100000 0.133333
0 0.657813 0.337500 0.100000 0.133333
0 0.606250 0.543750 0.100000 0.133333
0 0.807813 0.252083 0.100000 0.133333
0 0.510938 0.158333 0.100000 0.133333
0 0.173437 0.356250 0.100000 0.133333
0 0.535937 0.241667 0.100000 0.133333
0 0.731250 0.658333 0.100000 0.133333
0 0.359375 0.835417 0.100000 0.133333
0 0.678125 0.108333 0.100000 0.133333
0 0.131250 0.641667 0.100000 0.133333
0 0.757812 0.583333 0.100000 0.133333
0 0.603125 0.362500 0.100000 0.133333
0 0.414062 0.787500 0.100000 0.133333
0 0.450000 0.518750 0.100000 0.133333
0 0.209375 0.872917 0.100000 0.133333
0 0.689063 0.810417 0.100000 0.133333
0 0.357812 0.229167 0.100000 0.133333
0 0.401562 0.195833 0.100000 0.133333
0 0.565625 0.804167 0.100000 0.133333
0 0.695312 0.866667 0.100000 0.133333
0 0.487500 0.158333 0.100000 0.133333
0 0.493750 0.806250 0.100000 0.133333
0 0.846875 0.654167 0.100000 0.133333
0 0.629687 0.410417 0.100000 0.133333
0 0.723437 0.822917 0.100000 0.133333
0 0.282813 0.625000 0.100000 0.133333
0 0.842187 0.308333 0.100000 0.133333
0 0.542188 0.533333 0.100000 0.133333
0 0.470313 0.287500 0.100000 0.133333
0 0.215625 0.304167 0.100000 0.133333
0 0.109375 0.802083 0.100000 0.133333
0 0.126562 0.393750 0.100000 0.133333
0 0.748437 0.879167 0.100000 0.133333
0 0.173437 0.860417 0.100000 0.133333
0 0.848437 0.822917 0.100000 0.133333
0 0.692187 0.362500 0.100000 0.133333
0 0.254688 0.637500 0.100000 0.133333
0 0.589063 0.608333 0.100000 0.133333
0 0.332813 0.541667 0.100000 0.133333
0 0.125000 0.552083 0.100000 0.133333
0 0.457813 0.852083 0.100000 0.133333
0 0.307812 0.539583 0.100000 0.133333
0 0.500000 0.500000 0.100000 0.133333
0 0.740625 0.141667 0.100000 0.133333
0 0.478125 0.472917 0.100000 0.133333
0 0.110937 0.166667 0.100000 0.133333
0 0.342187 0.587500 0.100000 0.133333
0 0.425000 0.337500 0.100000 0.133333
0 0.314063 0.110417 0.100000 0.133333
0 0.567187 0.752083 0.100000 0.133333
0 0.770312 0.491667 0.100000 0.133333
0 0.126562 0.610417 0.100000 0.133333
0 0.126562 0.766667 0.100000 0.133333
0 0.637500 0.256250 0.100000 0.133333
0 0.601562 0.512500 0.100000 0.133333
0 0.635938 0.577083 0.100000 0.133333
0 0.837500 0.568750 0.100000 0.133333
0 0.701562 0.439583 0.100000 0.133333
0 0.868750 0.512500 0.100000 0.133333
0 0.823438 0.335417 0.100000 0.133333
0 0.407813 0.860417 0.100000 0.133333
0 0.879687 0.687500 0.100000 0.133333
0 0.110937 0.629167 0.100000 0.133333
0 0.620313 0.837500 0.100000 0.133333
0 0.710938 0.847917 0.100000 0.133333
0 0.381250 0.693750 0.100000 0.133333
0 0.448437 0.289583 0.100000 0.133333
0 0.782813 0.366667 0.100000 0.133333
0 0.876563 0.143750 0.100000 0.133333
0 0.332813 0.504167 0.100000 0.133333
0 0.545312 0.529167 0.100000 0.133333
0 0.639062 0.341667 0.100000 0.133333
0 0.478125 0.808333 0.100000 0.133333
0 0.259375 0.197917 0.100000 0.133333
0 0.510938 0.104167 0.100000 0.133333
0 0.865625 0.766667 0.100000 0.133333
0 0.806250 0.100000 0.100000 0.133333
0 0.398438 0.129167 0.100000 0.133333
0 0.746875 0.716667 0.100000 0.133333
0 0.664062 0.485417 0.100000 0.133333
0 0.732812 0.560417 0.100000 0.133333
0 0.476562 0.177083 0.100000 0.133333
0 0.814063 0.602083 0.100000 0.133333
0 0.573438 0.456250 0.100000 0.133333
0 0.300000 0.531250 0.100000 0.133333
0 0.237500 0.472917 0.100000 0.133333
0 0.853125 0.731250 0.100000 0.133333
0 0.115625 0.175000 0.100000 0.133333
0 0.718750 0.335417 0.100000 0.133333
0 0.250000 0.368750 0.100000 0.133333
0 0.615625 0.300000 0.100000 0.133333
0 0.859375 0.508333 0.100000 0.133333
0 0.460938 0.327083 0.100000 0.133333
0 0.567187 0.735417 0.100000 0.133333
0 0.742188 0.618750 0.100000 0.133333
0 0.142187 0.820833 0.100000 0.133333
0 0.706250 0.139583 0.100000 0.133333
0 0.665625 0.612500 0.100000 0.133333
0 0.382812 0.375000 0.100000 0.133333
0 0.731250 0.716667 0.100000 0.133333
0 0.731250 0.756250 0.100000 0.133333
0 0.890625 0.297917 0.100000 0.133333
0 0.446875 0.579167 0.100000 0.133333
0 0.590625 0.441667 0.100000 0.133333
0 0.184375 0.866667 0.100000 0.133333
0 0.618750 0.814583 0.100000 0.133333
0 0.584375 0.383333 0.100000 0.133333
0 0.667188 0.343750 0.100000 0.133333
0 0.195312 0.777083 0.100000 0.133333
0 0.745313 0.777083 0.100000 0.133333
0 0.512500 0.291667 0.100000 0.133333
0 0.162500 0.264583 0.100000 0.133333
0 0.360938 0.847917 0.100000 0.133333
0 0.689063 0.670833 0.100000 0.133333
0 0.654687 0.883333 0.100000 0.133333
0 0.717187 0.370833 0.100000 0.133333
0 0.510938 0.795833 0.100000 0.133333
0 0.310937 0.529167 0.100000 0.133333
0 0.506250 0.566667 0.100000 0.133333
0 0.757812 0.689583 0.100000 0.133333
0 0.515625 0.393750 0.100000 0.133333
0 0.235937 0.675000 0.100000 0.133333
0 0.639062 0.616667 0.100000 0.133333
0 0.757812 0.743750 0.100000 0.133333
0 0.120313 0.189583 0.100000 0.133333
0 0.810937 0.818750 0.100000 0.133333
0 0.175000 0.604167 0.100000 0.133333
0 0.553125 0.106250 0.100000 0.133333
0 0.176563 0.787500 0.100000 0.133333
0 0.310937 0.789583 0.100000 0.133333
0 0.703125 0.512500 0.100000 0.133333
0 0.400000 0.629167 0.100000 0.133333
0 0.300000 0.720833 0.100000 0.133333
0 0.229687 0.235417 0.100000 0.133333
0 0.681250 0.185417 0.100000 0.133333
0 0.712500 0.150000 0.100000 0.133333
0 0.134375 0.185417 0.100000 0.133333
0 0.540625 0.300000 0.100000 0.133333
0 0.342187 0.858333 0.100000 0.133333
0 0.807813 0.425000 0.100000 0.133333
0 0.132812 0.072917 0.100000 0.133333
1 0.548438 0.437500 0.100000 0.133333
1 0.439063 0.143750 0.100000 0.133333
1 0.154688 0.475000 0.100000 0.133333
1 0.482812 0.652083 0.100000 0.133333
1 0.548438 0.693750 0.100000 0.133333
