0 0.507812 0.322917 0.100000 0.133333
0 0.165625 0.677083 0.100000 0.133333
0 0.309375 0.145833 0.100000 0.133333
0 0.260937 0.252083 0.100000 0.133333
0 0.145313 0.577083 0.100000 0.133333
0 0.571875 0.339583 0.100000 0.133333
0 0.415625 0.827083 0.100000 0.133333
0 0.267188 0.206250 0.100000 0.133333
0 0.868750 0.202083 0.100000 0.133333
0 0.221875 0.714583 0.100000 0.133333
0 0.437500 0.320833 0.100000 0.133333
0 0.396875 0.625000 0.100000 0.133333
0 0.629687 0.206250 0.100000 0.133333
0 0.221875 0.791667 0.100000 0.133333
0 0.770312 0.106250 0.100000 0.133333
0 0.664062 0.416667 0.100000 0.133333
0 0.768750 0.135417 0.100000 0.133333
0 0.265625 0.743750 0.100000 0.133333
0 0.382812 0.739583 0.100000 0.133333
0 0.456250 0.093750 0.100000 0.133333
0 0.351562 0.445833 0.100000 0.133333
0 0.345313 0.616667 0.100000 0.133333
0 0.231250 0.475000 0.100000 0.133333
0 0.715625 0.608333 0.100000 0.133333
0 0.348438 0.785417 0.100000 0.133333
0 0.179688 0.891667 0.100000 0.133333
0 0.689063 0.245833 0.100000 0.133333
0 0.439063 0.170833 0.100000 0.133333
0 0.425000 0.450000 0.100000 0.133333
0 0.481250 0.375000 0.100000 0.133333
0 0.650000 0.460417 0.100000 0.133333
0 0.762500 0.468750 0.100000 0.133333
0 0.831250 0.175000 0.100000 0.133333
0 0.842187 0.112500 0.100000 0.133333
0 0.153125 0.712500 0.100000 0.133333
0 0.857812 0.668750 0.100000 0.133333
0 0.807813 0.816667 0.100000 0.133333
0 0.735938 0.514583 0.100000 0.133333
0 0.543750 0.768750 0.100000 0.133333
0 0.332813 0.212500 0.100000 0.133333
0 0.717187 0.514583 0.100000 0.133333
0 0.307812 0.345833 0.100000 0.133333
0 0.210938 0.231250 0.100000 0.133333
0 0.562500 0.322917 0.100000 0.133333
0 0.439063 0.447917 0.100000 0.133333
0 0.692187 0.843750 0.100000 0.133333
0 0.437500 0.114583 0.100000 0.133333
0 0.110937 0.708333 0.100000 0.133333
0 0.178125 0.439583 0.100000 0.133333
0 0.807813 0.131250 0.100000 0.133333
0 0.584375 0.456250 0.100000 0.133333
0 0.187500 0.260417 0.100000 0.133333
0 0.601562 0.162500 0.100000 0.133333
0 0.570312 0.477083 0.100000 0.133333
0 0.843750 0.637500 0.100000 0.133333
0 0.223438 0.502083 0.100000 0.133333
0 0.721875 0.270833 0.100000 0.133333
0 0.704688 0.229167 0.100000 0.133333
0 0.271875 0.650000 0.100000 0.133333
0 0.198437 0.081250 0.100000 0.133333
0 0.618750 0.850000 0.100000 0.133333
0 0.840625 0.731250 0.100000 0.133333
0 0.454688 0.727083 0.100000 0.133333
0 0.198437 0.722917 0.100000 0.133333
0 0.620313 0.681250 0.100000 0.133333
0 0.359375 0.189583 0.100000 0.133333
0 0.101562 0.385417 0.100000 0.133333
0 0.246875 0.143750 0.100000 0.133333
0 0.328125 0.456250 0.100000 0.133333
0 0.481250 0.089583 0.100000 0.133333
0 0.856250 0.275000 0.100000 0.133333
0 0.117188 0.718750 0.100000 0.133333
0 0.810937 0.639583 0.100000 0.133333
0 0.332813 0.708333 0.100000 0.133333
0 0.542188 0.881250 0.100000 0.133333
0 0.475000 0.800000 0.100000 0.133333
0 0.859375 0.764583 0.100000 0.133333
0 0.845313 0.610417 0.100000 0.133333
0 0.221875 0.295833 0.100000 0.133333
0 0.525000 0.460417 0.100000 0.133333
0 0.551562 0.085417 0.100000 0.133333
0 0.679688 0.612500 0.100000 0.133333
0 0.509375 0.460417 0.100000 0.133333
0 0.128125 0.735417 0.100000 0.133333
0 0.787500 0.760417 0.100000 0.133333
0 0.312500 0.529167 0.100000 0.133333
0 0.534375 0.541667 0.100000 0.133333
0 0.109375 0.312500 0.100000 0.133333
0 0.420312 0.416667 0.100000 0.133333
0 0.407813 0.731250 0.100000 0.133333
0 0.385937 0.722917 0.100000 0.133333
0 0.139063 0.129167 0.100000 0.133333
0 0.887500 0.658333 0.100000 0.133333
0 0.387500 0.658333 0.100000 0.133333
0 0.412500 0.266667 0.100000 0.133333
0 0.270313 0.891667 0.100000 0.133333
0 0.759375 0.337500 0.100000 0.133333
0 0.629687 0.477083 0.100000 0.133333
0 0.425000 0.839583 0.100000 0.133333
0 0.590625 0.316667 0.100000 0.133333
0 0.293750 0.622917 0.100000 0.133333
0 0.596875 0.579167 0.100000 0.133333
0 0.792188 0.172917 0.100000 0.133333
0 0.696875 0.137500 0.100000 0.133333
0 0.337500 0.552083 0.100000 0.133333
0 0.764062 0.866667 0.100000 0.133333
0 0.653125 0.535417 0.100000 0.133333
0 0.401562 0.245833 0.100000 0.133333
0 0.601562 0.243750 0.100000 0.133333
0 0.226562 0.345833 0.100000 0.133333
0 0.520312 0.847917 0.100000 0.133333
0 0.337500 0.493750 0.100000 0.133333
0 0.750000 0.758333 0.100000 0.133333
0 0.537500 0.383333 0.100000 0.133333
0 0.618750 0.687500 0.100000 0.133333
0 0.554688 0.391667 0.100000 0.133333
0 0.764062 0.581250 0.100000 0.133333
0 0.131250 0.639583 0.100000 0.133333
0 0.884375 0.485417 0.100000 0.133333
0 0.712500 0.129167 0.100000 0.133333
0 0.267188 0.681250 0.100000 0.133333
0 0.229687 0.068750 0.100000 0.133333
0 0.464062 0.243750 0.100000 0.133333
0 0.128125 0.189583 0.100000 0.133333
0 0.109375 0.479167 0.100000 0.133333
0 0.506250 0.577083 0.100000 0.133333
0 0.259375 0.279167 0.100000 0.133333
0 0.300000 0.285417 0.100000 0.133333
0 0.404687 0.547917 0.100000 0.133333
0 0.420312 0.410417 0.100000 0.133333
0 0.243750 0.079167 0.100000 0.133333
0 0.776563 0.477083 0.100000 0.133333
0 0.346875 0.664583 0.100000 0.133333
0 0.146875 0.233333 0.100000 0.133333
0 0.470313 0.589583 0.100000 0.133333
0 0.106250 0.712500 0.100000 0.133333
0 0.206250 0.477083 0.100000 0.133333
0 0.217188 0.637500 0.100000 0.133333
0 0.876563 0.075000 0.100000 0.133333
0 0.139063 0.825000 0.100000 0.133333
0 0.773438 0.252083 0.100000 0.133333
0 0.132812 0.247917 0.100000 0.133333
0 0.410938 0.095833 0.100000 0.133333
0 0.109375 0.164583 0.100000 0.133333
0 0.123438 0.577083 0.100000 0.133333
0 0.506250 0.670833 0.100000 0.133333
0 0.304688 0.339583 0.100000 0.133333
0 0.481250 0.820833 0.100000 0.133333
0 0.660937 0.572917 0.100000 0.133333
0 0.589063 0.760417 0.100000 0.133333
1 0.450000 0.845833 0.100000 0.133333
1 0.398438 0.756250 0.100000 0.133333
1 0.425000 0.512500 0.100000 0.133333
1 0.898438 0.597917 0.100000 0.133333
1 0.545312 0.816667 0.100000 0.133333
