0 0.682813 0.083333 0.100000 0.133333
0 0.135937 0.852083 0.100000 0.133333
0 0.235937 0.333333 0.100000 0.133333
0 0.287500 0.789583 0.100000 0.133333
0 0.170313 0.104167 0.100000 0.133333
0 0.650000 0.672917 0.100000 0.133333
0 0.859375 0.087500 0.100000 0.133333
0 0.665625 0.322917 0.100000 0.133333
0 0.728125 0.410417 0.100000 0.133333
0 0.335938 0.443750 0.100000 0.133333
0 0.206250 0.229167 0.100000 0.133333
0 0.310937 0.802083 0.100000 0.133333
0 0.331250 0.235417 0.100000 0.133333
0 0.145313 0.075000 0.100000 0.133333
0 0.675000 0.747917 0.100000 0.133333
0 0.142187 0.806250 0.100000 0.133333
0 0.523438 0.114583 0.100000 0.133333
0 0.390625 0.683333 0.100000 0.133333
0 0.284375 0.429167 0.100000 0.133333
0 0.510938 0.383333 0.100000 0.133333
0 0.360938 0.677083 0.100000 0.133333
0 0.501563 0.079167 0.100000 0.133333
0 0.879687 0.675000 0.100000 0.133333
0 0.635938 0.537500 0.100000 0.133333
0 0.814063 0.381250 0.100000 0.133333
0 0.154688 0.425000 0.100000 0.133333
0 0.484375 0.729167 0.100000 0.133333
0 0.495312 0.387500 0.100000 0.133333
0 0.875000 0.385417 0.100000 0.133333
0 0.665625 0.572917 0.100000 0.133333
0 0.120313 0.739583 0.100000 0.133333
0 0.457813 0.220833 0.100000 0.133333
0 0.414062 0.435417 0.100000 0.133333
0 0.796875 0.177083 0.100000 0.133333
0 0.521875 0.545833 0.100000 0.133333
0 0.515625 0.789583 0.100000 0.133333
0 0.646875 0.320833 0.100000 0.133333
0 0.460938 0.158333 0.100000 0.133333
0 0.257812 0.143750 0.100000 0.133333
0 0.103125 0.160417 0.100000 0.133333
0 0.584375 0.818750 0.100000 0.133333
0 0.882812 0.816667 0.100000 0.133333
0 0.306250 0.304167 0.100000 0.133333
0 0.553125 0.566667 0.100000 0.133333
0 0.564063 0.452083 0.100000 0.133333
0 0.781250 0.581250 0.100000 0.133333
0 0.348438 0.447917 0.100000 0.133333
0 0.275000 0.770833 0.100000 0.133333
0 0.685937 0.183333 0.100000 0.133333
0 0.507812 0.620833 0.100000 0.133333
0 0.759375 0.327083 0.100000 0.133333
0 0.670312 0.337500 0.100000 0.133333
0 0.465625 0.564583 0.100000 0.133333
0 0.454688 0.564583 0.100000 0.133333
0 0.148438 0.525000 0.100000 0.133333
0 0.640625 0.095833 0.100000 0.133333
0 0.859375 0.139583 0.100000 0.133333
0 0.215625 0.837500 0.100000 0.133333
0 0.343750 0.210417 0.100000 0.133333
0 0.223438 0.206250 0.100000 0.133333
0 0.106250 0.108333 0.100000 0.133333
0 0.789062 0.302083 0.100000 0.133333
0 0.443750 0.210417 0.100000 0.133333
0 0.601562 0.185417 0.100000 0.133333
0 0.509375 0.829167 0.100000 0.133333
0 0.376563 0.545833 0.100000 0.133333
0 0.518750 0.212500 0.100000 0.133333
0 0.121875 0.552083 0.100000 0.133333
0 0.425000 0.854167 0.100000 0.133333
0 0.487500 0.125000 0.100000 0.133333
0 0.589063 0.741667 0.100000 0.133333
0 0.823438 0.814583 0.100000 0.133333
0 0.767188 0.718750 0.100000 0.133333
0 0.292187 0.070833 0.100000 0.133333
0 0.492188 0.395833 0.100000 0.133333
0 0.420312 0.318750 0.100000 0.133333
0 0.289062 0.787500 0.100000 0.133333
0 0.139063 0.493750 0.100000 0.133333
0 0.575000 0.487500 0.100000 0.133333
0 0.326562 0.810417 0.100000 0.133333
0 0.776563 0.620833 0.100000 0.133333
0 0.331250 0.504167 0.100000 0.133333
0 0.434375 0.664583 0.100000 0.133333
0 0.637500 0.135417 0.100000 0.133333
0 0.782813 0.847917 0.100000 0.133333
0 0.604688 0.252083 0.100000 0.133333
0 0.721875 0.875000 0.100000 0.133333
0 0.375000 0.158333 0.100000 0.133333
0 0.635938 0.335417 0.100000 0.133333
0 0.582812 0.362500 0.100000 0.133333
0 0.546875 0.085417 0.100000 0.133333
0 0.554688 0.656250 0.100000 0.133333
0 0.393750 0.750000 0.100000 0.133333
0 0.401562 0.208333 0.100000 0.133333
0 0.290625 0.458333 0.100000 0.133333
0 0.203125 0.712500 0.100000 0.133333
0 0.610938 0.675000 0.100000 0.133333
0 0.579688 0.500000 0.100000 0.133333
0 0.390625 0.789583 0.100000 0.133333
0 0.803125 0.810417 0.100000 0.133333
0 0.129688 0.310417 0.100000 0.133333
0 0.489063 0.633333 0.100000 0.133333
0 0.182812 0.435417 0.100000 0.133333
0 0.687500 0.733333 0.100000 0.133333
0 0.371875 0.070833 0.100000 0.133333
0 0.423438 0.431250 0.100000 0.133333
0 0.821875 0.812500 0.100000 0.133333
0 0.832812 0.235417 0.100000 0.133333
0 0.321875 0.216667 0.100000 0.133333
0 0.556250 0.764583 0.100000 0.133333
0 0.884375 0.181250 0.100000 0.133333
0 0.518750 0.602083 0.100000 0.133333
0 0.653125 0.447917 0.100000 0.133333
0 0.790625 0.422917 0.100000 0.133333
0 0.276562 0.154167 0.100000 0.133333
0 0.315625 0.645833 0.100000 0.133333
0 0.253125 0.800000 0.100000 0.133333
0 0.435937 0.412500 0.100000 0.133333
0 0.579688 0.281250 0.100000 0.133333
0 0.440625 0.668750 0.100000 0.133333
0 0.617188 0.814583 0.100000 0.133333
0 0.360938 0.341667 0.100000 0.133333
0 0.453125 0.422917 0.100000 0.133333
0 0.323437 0.822917 0.100000 0.133333
0 0.815625 0.275000 0.100000 0.133333
0 0.285938 0.331250 0.100000 0.133333
0 0.856250 0.191667 0.100000 0.133333
0 0.615625 0.816667 0.100000 0.133333
0 0.546875 0.672917 0.100000 0.133333
0 0.776563 0.722917 0.100000 0.133333
0 0.250000 0.770833 0.100000 0.133333
0 0.521875 0.452083 0.100000 0.133333
0 0.706250 0.881250 0.100000 0.133333
0 0.560937 0.518750 0.100000 0.133333
0 0.157812 0.218750 0.100000 0.133333
0 0.310937 0.133333 0.100000 0.133333
0 0.501563 0.764583 0.100000 0.133333
0 0.498437 0.766667 0.100000 0.133333
0 0.521875 0.093750 0.100000 0.133333
0 0.378125 0.627083 0.100000 0.133333
0 0.370312 0.356250 0.100000 0.133333
0 0.279687 0.493750 0.100000 0.133333
0 0.659375 0.472917 0.100000 0.133333
0 0.190625 0.166667 0.100000 0.133333
0 0.785937 0.670833 0.100000 0.133333
0 0.135937 0.575000 0.100000 0.133333
0 0.525000 0.510417 0.100000 0.133333
0 0.568750 0.116667 0.100000 0.133333
0 0.289062 0.618750 0.100000 0.133333
0 0.721875 0.770833 0.100000 0.133333
1 0.070312 0.102083 0.100000 0.133333
1 0.485938 0.556250 0.100000 0.133333
1 0.739062 0.312500 0.100000 0.133333
1 0.907813 0.493750 0.100000 0.133333
1 0.648438 0.491667 0.100000 0.133333
