0 0.171875 0.325000 0.100000 0.133333
0 0.334375 0.195833 0.100000 0.133333
0 0.442188 0.593750 0.100000 0.133333
0 0.523438 0.758333 0.100000 0.133333
0 0.545312 0.170833 0.100000 0.133333
0 0.334375 0.747917 0.100000 0.133333
0 0.578125 0.645833 0.100000 0.133333
0 0.406250 0.564583 0.100000 0.133333
0 0.243750 0.364583 0.100000 0.133333
0 0.771875 0.195833 0.100000 0.133333
0 0.660937 0.343750 0.100000 0.133333
0 0.701562 0.147917 0.100000 0.133333
0 0.801562 0.327083 0.100000 0.133333
0 0.743750 0.610417 0.100000 0.133333
0 0.757812 0.125000 0.100000 0.133333
0 0.692187 0.233333 0.100000 0.133333
0 0.242188 0.708333 0.100000 0.133333
0 0.146875 0.681250 0.100000 0.133333
0 0.606250 0.339583 0.100000 0.133333
0 0.784375 0.693750 0.100000 0.133333
0 0.159375 0.210417 0.100000 0.133333
0 0.275000 0.256250 0.100000 0.133333
0 0.354687 0.093750 0.100000 0.133333
0 0.198437 0.395833 0.100000 0.133333
0 0.468750 0.093750 0.100000 0.133333
0 0.710938 0.831250 0.100000 0.133333
0 0.403125 0.572917 0.100000 0.133333
0 0.170313 0.070833 0.100000 0.133333
0 0.740625 0.300000 0.100000 0.133333
0 0.184375 0.618750 0.100000 0.133333
0 0.776563 0.258333 0.100000 0.133333
0 0.865625 0.400000 0.100000 0.133333
0 0.642188 0.431250 0.100000 0.133333
0 0.221875 0.520833 0.100000 0.133333
0 0.729688 0.752083 0.100000 0.133333
0 0.487500 0.122917 0.100000 0.133333
0 0.225000 0.775000 0.100000 0.133333
0 0.598437 0.539583 0.100000 0.133333
0 0.614062 0.564583 0.100000 0.133333
0 0.485938 0.681250 0.100000 0.133333
0 0.110937 0.456250 0.100000 0.133333
0 0.243750 0.887500 0.100000 0.133333
0 0.284375 0.750000 0.100000 0.133333
0 0.328125 0.427083 0.100000 0.133333
0 0.395313 0.670833 0.100000 0.133333
0 0.840625 0.891667 0.100000 0.133333
0 0.203125 0.493750 0.100000 0.133333
0 0.217188 0.366667 0.100000 0.133333
0 0.485938 0.689583 0.100000 0.133333
0 0.896875 0.768750 0.100000 0.133333
0 0.740625 0.579167 0.100000 0.133333
0 0.528125 0.783333 0.100000 0.133333
0 0.671875 0.775000 0.100000 0.133333
0 0.596875 0.431250 0.100000 0.133333
0 0.546875 0.477083 0.100000 0.133333
0 0.635938 0.570833 0.100000 0.133333
0 0.589063 0.110417 0.100000 0.133333
0 0.584375 0.102083 0.100000 0.133333
0 0.417187 0.847917 0.100000 0.133333
0 0.418750 0.664583 0.100000 0.133333
0 0.582812 0.100000 0.100000 0.133333
0 0.667188 0.462500 0.100000 0.133333
0 0.353125 0.735417 0.100000 0.133333
0 0.445312 0.864583 0.100000 0.133333
0 0.185938 0.745833 0.100000 0.133333
0 0.554688 0.558333 0.100000 0.133333
0 0.484375 0.697917 0.100000 0.133333
0 0.735938 0.606250 0.100000 0.133333
0 0.725000 0.731250 0.100000 0.133333
0 0.620313 0.525000 0.100000 0.133333
0 0.362500 0.779167 0.100000 0.133333
0 0.587500 0.837500 0.100000 0.133333
0 0.835938 0.477083 0.100000 0.133333
0 0.834375 0.750000 0.100000 0.133333
0 0.395313 0.095833 0.100000 0.133333
0 0.817187 0.316667 0.100000 0.133333
0 0.875000 0.414583 0.100000 0.133333
0 0.359375 0.489583 0.100000 0.133333
0 0.242188 0.704167 0.100000 0.133333
0 0.465625 0.093750 0.100000 0.133333
0 0.829688 0.241667 0.100000 0.133333
0 0.821875 0.395833 0.100000 0.133333
0 0.314063 0.468750 0.100000 0.133333
0 0.375000 0.077083 0.100000 0.133333
0 0.203125 0.400000 0.100000 0.133333
0 0.396875 0.320833 0.100000 0.133333
0 0.789062 0.108333 0.100000 0.133333
0 0.117188 0.610417 0.100000 0.133333
0 0.735938 0.510417 0.100000 0.133333
0 0.784375 0.602083 0.100000 0.133333
0 0.426563 0.214583 0.100000 0.133333
0 0.493750 0.358333 0.100000 0.133333
0 0.153125 0.395833 0.100000 0.133333
0 0.240625 0.850000 0.100000 0.133333
0 0.400000 0.664583 0.100000 0.133333
0 0.815625 0.306250 0.100000 0.133333
0 0.110937 0.631250 0.100000 0.133333
0 0.242188 0.508333 0.100000 0.133333
0 0.687500 0.518750 0.100000 0.133333
0 0.348438 0.368750 0.100000 0.133333
0 0.696875 0.616667 0.100000 0.133333
0 0.317188 0.793750 0.100000 0.133333
0 0.618750 0.693750 0.100000 0.133333
0 0.275000 0.110417 0.100000 0.133333
0 0.834375 0.345833 0.100000 0.133333
0 0.798438 0.283333 0.100000 0.133333
0 0.407813 0.375000 0.100000 0.133333
0 0.437500 0.564583 0.100000 0.133333
0 0.148438 0.181250 0.100000 0.133333
0 0.421875 0.177083 0.100000 0.133333
0 0.323437 0.375000 0.100000 0.133333
0 0.442188 0.112500 0.100000 0.133333
0 0.589063 0.437500 0.100000 0.133333
0 0.617188 0.829167 0.100000 0.133333
0 0.446875 0.670833 0.100000 0.133333
0 0.314063 0.700000 0.100000 0.133333
0 0.334375 0.454167 0.100000 0.133333
0 0.475000 0.556250 0.100000 0.133333
0 0.345313 0.541667 0.100000 0.133333
0 0.804688 0.797917 0.100000 0.133333
0 0.835938 0.812500 0.100000 0.133333
0 0.615625 0.543750 0.100000 0.133333
0 0.435937 0.766667 0.100000 0.133333
0 0.325000 0.341667 0.100000 0.133333
0 0.668750 0.689583 0.100000 0.133333
0 0.164062 0.470833 0.100000 0.133333
0 0.871875 0.885417 0.100000 0.133333
0 0.234375 0.708333 0.100000 0.133333
0 0.475000 0.320833 0.100000 0.133333
0 0.231250 0.235417 0.100000 0.133333
0 0.582812 0.620833 0.100000 0.133333
0 0.659375 0.856250 0.100000 0.133333
0 0.159375 0.214583 0.100000 0.133333
0 0.598437 0.537500 0.100000 0.133333
0 0.675000 0.404167 0.100000 0.133333
0 0.351562 0.327083 0.100000 0.133333
0 0.490625 0.154167 0.100000 0.133333
0 0.360938 0.783333 0.100000 0.133333
0 0.710938 0.433333 0.100000 0.133333
0 0.882812 0.279167 0.100000 0.133333
0 0.112500 0.335417 0.100000 0.133333
0 0.321875 0.531250 0.100000 0.133333
0 0.448437 0.839583 0.100000 0.133333
0 0.656250 0.802083 0.100000 0.133333
0 0.346875 0.514583 0.100000 0.133333
0 0.751563 0.575000 0.100000 0.133333
0 0.306250 0.493750 0.100000 0.133333
0 0.431250 0.281250 0.100000 0.133333
0 0.593750 0.754167 0.100000 0.133333
0 0.514062 0.225000 0.100000 0.133333
1 0.318750 0.083333 0.100000 0.133333
1 0.704688 0.662500 0.100000 0.133333
1 0.942187 0.825000 0.100000 0.133333
1 0.765625 0.656250 0.100000 0.133333
1 0.757812 0.410417 0.100000 0.133333
