0 0.196875 0.502083 0.100000 0.133333
0 0.678125 0.533333 0.100000 0.133333
0 0.784375 0.164583 0.100000 0.133333
0 0.842187 0.810417 0.100000 0.133333
0 0.154688 0.197917 0.100000 0.133333
0 0.198437 0.847917 0.100000 0.133333
0 0.746875 0.360417 0.100000 0.133333
0 0.396875 0.075000 0.100000 0.133333
0 0.895312 0.422917 0.100000 0.133333
0 0.359375 0.354167 0.100000 0.133333
0 0.331250 0.091667 0.100000 0.133333
0 0.665625 0.741667 0.100000 0.133333
0 0.518750 0.666667 0.100000 0.133333
0 0.212500 0.733333 0.100000 0.133333
0 0.357812 0.364583 0.100000 0.133333
0 0.245312 0.256250 0.100000 0.133333
0 0.525000 0.639583 0.100000 0.133333
0 0.704688 0.754167 0.100000 0.133333
0 0.443750 0.375000 0.100000 0.133333
0 0.298438 0.862500 0.100000 0.133333
0 0.243750 0.391667 0.100000 0.133333
0 0.189062 0.306250 0.100000 0.133333
0 0.743750 0.337500 0.100000 0.133333
0 0.375000 0.179167 0.100000 0.133333
0 0.517188 0.085417 0.100000 0.133333
0 0.345313 0.404167 0.100000 0.133333
0 0.839063 0.231250 0.100000 0.133333
0 0.850000 0.760417 0.100000 0.133333
0 0.460938 0.575000 0.100000 0.133333
0 0.473438 0.683333 0.100000 0.133333
0 0.739062 0.083333 0.100000 0.133333
0 0.106250 0.870833 0.100000 0.133333
0 0.203125 0.308333 0.100000 0.133333
0 0.695312 0.489583 0.100000 0.133333
0 0.135937 0.316667 0.100000 0.133333
0 0.454688 0.289583 0.100000 0.133333
0 0.873437 0.822917 0.100000 0.133333
0 0.587500 0.889583 0.100000 0.133333
0 0.404687 0.652083 0.100000 0.133333
0 0.862500 0.797917 0.100000 0.133333
0 0.789062 0.483333 0.100000 0.133333
0 0.190625 0.862500 0.100000 0.133333
0 0.775000 0.664583 0.100000 0.133333
0 0.221875 0.502083 0.100000 0.133333
0 0.393750 0.475000 0.100000 0.133333
0 0.882812 0.191667 0.100000 0.133333
0 0.801562 0.735417 0.100000 0.133333
0 0.575000 0.585417 0.100000 0.133333
0 0.751563 0.347917 0.100000 0.133333
0 0.651563 0.366667 0.100000 0.133333
0 0.182812 0.387500 0.100000 0.133333
0 0.626563 0.433333 0.100000 0.133333
0 0.809375 0.518750 0.100000 0.133333
0 0.582812 0.733333 0.100000 0.133333
0 0.117188 0.516667 0.100000 0.133333
0 0.671875 0.706250 0.100000 0.133333
0 0.837500 0.100000 0.100000 0.133333
0 0.506250 0.835417 0.100000 0.133333
0 0.434375 0.518750 0.100000 0.133333
0 0.709375 0.566667 0.100000 0.133333
0 0.157812 0.360417 0.100000 0.133333
0 0.720313 0.570833 0.100000 0.133333
0 0.701562 0.458333 0.100000 0.133333
0 0.276562 0.408333 0.100000 0.133333
0 0.795312 0.300000 0.100000 0.133333
0 0.120313 0.181250 0.100000 0.133333
0 0.460938 0.302083 0.100000 0.133333
0 0.779687 0.097917 0.100000 0.133333
0 0.139063 0.693750 0.100000 0.133333
0 0.303125 0.856250 0.100000 0.133333
0 0.129688 0.487500 0.100000 0.133333
0 0.273438 0.595833 0.100000 0.133333
0 0.795312 0.456250 0.100000 0.133333
0 0.335938 0.279167 0.100000 0.133333
0 0.606250 0.335417 0.100000 0.133333
0 0.317188 0.885417 0.100000 0.133333
0 0.787500 0.310417 0.100000 0.133333
0 0.779687 0.889583 0.100000 0.133333
0 0.131250 0.754167 0.100000 0.133333
0 0.565625 0.758333 0.100000 0.133333
0 0.881250 0.589583 0.100000 0.133333
0 0.175000 0.560417 0.100000 0.133333
0 0.696875 0.154167 0.100000 0.133333
0 0.750000 0.345833 0.100000 0.133333
0 0.723437 0.704167 0.100000 0.133333
0 0.631250 0.325000 0.100000 0.133333
0 0.842187 0.362500 0.100000 0.133333
0 0.828125 0.625000 0.100000 0.133333
0 0.571875 0.583333 0.100000 0.133333
0 0.710938 0.125000 0.100000 0.133333
0 0.353125 0.179167 0.100000 0.133333
0 0.296875 0.316667 0.100000 0.133333
0 0.317188 0.558333 0.100000 0.133333
0 0.426563 0.612500 0.100000 0.133333
0 0.332813 0.239583 0.100000 0.133333
0 0.304688 0.502083 0.100000 0.133333
0 0.475000 0.402083 0.100000 0.133333
0 0.187500 0.618750 0.100000 0.133333
0 0.865625 0.339583 0.100000 0.133333
0 0.623437 0.806250 0.100000 0.133333
0 0.689063 0.495833 0.100000 0.133333
0 0.325000 0.739583 0.100000 0.133333
0 0.265625 0.122917 0.100000 0.133333
0 0.178125 0.870833 0.100000 0.133333
0 0.509375 0.804167 0.100000 0.133333
0 0.629687 0.783333 0.100000 0.133333
0 0.489063 0.220833 0.100000 0.133333
0 0.304688 0.787500 0.100000 0.133333
0 0.725000 0.289583 0.100000 0.133333
0 0.664062 0.297917 0.100000 0.133333
0 0.545312 0.627083 0.100000 0.133333
0 0.629687 0.702083 0.100000 0.133333
0 0.700000 0.266667 0.100000 0.133333
0 0.443750 0.202083 0.100000 0.133333
0 0.782813 0.389583 0.100000 0.133333
0 0.667188 0.868750 0.100000 0.133333
0 0.207813 0.227083 0.100000 0.133333
0 0.898438 0.300000 0.100000 0.133333
0 0.659375 0.829167 0.100000 0.133333
0 0.882812 0.077083 0.100000 0.133333
0 0.428125 0.425000 0.100000 0.133333
0 0.532813 0.633333 0.100000 0.133333
0 0.146875 0.881250 0.100000 0.133333
0 0.512500 0.739583 0.100000 0.133333
0 0.803125 0.806250 0.100000 0.133333
0 0.423438 0.135417 0.100000 0.133333
0 0.520312 0.495833 0.100000 0.133333
0 0.581250 0.875000 0.100000 0.133333
0 0.765625 0.466667 0.100000 0.133333
0 0.542188 0.352083 0.100000 0.133333
0 0.415625 0.875000 0.100000 0.133333
0 0.531250 0.439583 0.100000 0.133333
0 0.260937 0.116667 0.100000 0.133333
0 0.760938 0.558333 0.100000 0.133333
0 0.446875 0.837500 0.100000 0.133333
0 0.404687 0.291667 0.100000 0.133333
0 0.595313 0.147917 0.100000 0.133333
0 0.501563 0.737500 0.100000 0.133333
0 0.431250 0.779167 0.100000 0.133333
0 0.382812 0.785417 0.100000 0.133333
0 0.728125 0.172917 0.100000 0.133333
0 0.425000 0.708333 0.100000 0.133333
0 0.279687 0.795833 0.100000 0.133333
0 0.106250 0.177083 0.100000 0.133333
0 0.792188 0.345833 0.100000 0.133333
0 0.200000 0.191667 0.100000 0.133333
0 0.762500 0.341667 0.100000 0.133333
0 0.840625 0.156250 0.100000 0.133333
0 0.231250 0.129167 0.100000 0.133333
0 0.612500 0.087500 0.100000 0.133333
1 0.520312 0.377083 0.100000 0.133333
1 0.375000 0.764583 0.100000 0.133333
1 0.051562 0.495833 0.100000 0.133333
1 0.425000 0.879167 0.100000 0.133333
1 0.842187 0.333333 0.100000 0.133333
