0 0.189062 0.841667 0.100000 0.133333
0 0.315625 0.125000 0.100000 0.133333
0 0.740625 0.364583 0.100000 0.133333
0 0.676562 0.456250 0.100000 0.133333
0 0.132812 0.333333 0.100000 0.133333
0 0.771875 0.672917 0.100000 0.133333
0 0.103125 0.400000 0.100000 0.133333
0 0.190625 0.320833 0.100000 0.133333
0 0.428125 0.206250 0.100000 0.133333
0 0.217188 0.652083 0.100000 0.133333
0 0.615625 0.593750 0.100000 0.133333
0 0.868750 0.808333 0.100000 0.133333
0 0.800000 0.158333 0.100000 0.133333
0 0.770312 0.443750 0.100000 0.133333
0 0.615625 0.610417 0.100000 0.133333
0 0.168750 0.850000 0.100000 0.133333
0 0.848437 0.439583 0.100000 0.133333
0 0.421875 0.770833 0.100000 0.133333
0 0.118750 0.300000 0.100000 0.133333
0 0.493750 0.664583 0.100000 0.133333
0 0.798438 0.520833 0.100000 0.133333
0 0.462500 0.762500 0.100000 0.133333
0 0.182812 0.885417 0.100000 0.133333
0 0.617188 0.525000 0.100000 0.133333
0 0.521875 0.514583 0.100000 0.133333
0 0.768750 0.504167 0.100000 0.133333
0 0.375000 0.285417 0.100000 0.133333
0 0.345313 0.868750 0.100000 0.133333
0 0.545312 0.125000 0.100000 0.133333
0 0.848437 0.685417 0.100000 0.133333
0 0.650000 0.743750 0.100000 0.133333
0 0.235937 0.410417 0.100000 0.133333
0 0.573438 0.512500 0.100000 0.133333
0 0.182812 0.418750 0.100000 0.133333
0 0.820312 0.683333 0.100000 0.133333
0 0.193750 0.085417 0.100000 0.133333
0 0.178125 0.104167 0.100000 0.133333
0 0.826562 0.793750 0.100000 0.133333
0 0.864062 0.814583 0.100000 0.133333
0 0.518750 0.587500 0.100000 0.133333
0 0.793750 0.197917 0.100000 0.133333
0 0.775000 0.164583 0.100000 0.133333
0 0.242188 0.143750 0.100000 0.133333
0 0.768750 0.568750 0.100000 0.133333
0 0.528125 0.235417 0.100000 0.133333
0 0.882812 0.289583 0.100000 0.133333
0 0.312500 0.177083 0.100000 0.133333
0 0.143750 0.775000 0.100000 0.133333
0 0.653125 0.268750 0.100000 0.133333
0 0.898438 0.377083 0.100000 0.133333
0 0.743750 0.602083 0.100000 0.133333
0 0.879687 0.185417 0.100000 0.133333
0 0.778125 0.200000 0.100000 0.133333
0 0.453125 0.675000 0.100000 0.133333
0 0.485938 0.366667 0.100000 0.133333
0 0.803125 0.839583 0.100000 0.133333
0 0.167187 0.135417 0.100000 0.133333
0 0.646875 0.514583 0.100000 0.133333
0 0.587500 0.504167 0.100000 0.133333
0 0.706250 0.760417 0.100000 0.133333
0 0.220312 0.404167 0.100000 0.133333
0 0.317188 0.091667 0.100000 0.133333
0 0.900000 0.300000 0.100000 0.133333
0 0.496875 0.566667 0.100000 0.133333
0 0.684375 0.706250 0.100000 0.133333
0 0.567187 0.429167 0.100000 0.133333
0 0.723437 0.339583 0.100000 0.133333
0 0.817187 0.120833 0.100000 0.133333
0 0.373437 0.291667 0.100000 0.133333
0 0.556250 0.535417 0.100000 0.133333
0 0.482812 0.868750 0.100000 0.133333
0 0.795312 0.489583 0.100000 0.133333
0 0.115625 0.260417 0.100000 0.133333
0 0.771875 0.387500 0.100000 0.133333
0 0.771875 0.102083 0.100000 0.133333
0 0.365625 0.214583 0.100000 0.133333
0 0.789062 0.108333 0.100000 0.133333
0 0.459375 0.472917 0.100000 0.133333
0 0.748437 0.747917 0.100000 0.133333
0 0.867188 0.837500 0.100000 0.133333
0 0.214062 0.625000 0.100000 0.133333
0 0.556250 0.483333 0.100000 0.133333
0 0.110937 0.672917 0.100000 0.133333
0 0.190625 0.818750 0.100000 0.133333
0 0.693750 0.247917 0.100000 0.133333
0 0.471875 0.518750 0.100000 0.133333
0 0.293750 0.793750 0.100000 0.133333
0 0.621875 0.137500 0.100000 0.133333
0 0.765625 0.347917 0.100000 0.133333
0 0.845313 0.458333 0.100000 0.133333
0 0.725000 0.372917 0.100000 0.133333
0 0.125000 0.589583 0.100000 0.133333
0 0.350000 0.191667 0.100000 0.133333
0 0.465625 0.318750 0.100000 0.133333
0 0.825000 0.822917 0.100000 0.133333
0 0.470313 0.218750 0.100000 0.133333
0 0.729688 0.108333 0.100000 0.133333
0 0.875000 0.427083 0.100000 0.133333
0 0.651563 0.179167 0.100000 0.133333
0 0.243750 0.881250 0.100000 0.133333
0 0.854688 0.593750 0.100000 0.133333
0 0.684375 0.589583 0.100000 0.133333
0 0.126562 0.862500 0.100000 0.133333
0 0.179688 0.656250 0.100000 0.133333
0 0.103125 0.681250 0.100000 0.133333
0 0.792188 0.420833 0.100000 0.133333
0 0.514062 0.670833 0.100000 0.133333
0 0.728125 0.679167 0.100000 0.133333
0 0.342187 0.543750 0.100000 0.133333
0 0.329688 0.641667 0.100000 0.133333
0 0.660937 0.812500 0.100000 0.133333
0 0.134375 0.354167 0.100000 0.133333
0 0.132812 0.497917 0.100000 0.133333
0 0.575000 0.333333 0.100000 0.133333
0 0.206250 0.587500 0.100000 0.133333
0 0.173437 0.383333 0.100000 0.133333
0 0.634375 0.300000 0.100000 0.133333
0 0.415625 0.483333 0.100000 0.133333
0 0.404687 0.168750 0.100000 0.133333
0 0.554688 0.806250 0.100000 0.133333
0 0.318750 0.120833 0.100000 0.133333
0 0.731250 0.741667 0.100000 0.133333
0 0.487500 0.739583 0.100000 0.133333
0 0.501563 0.272917 0.100000 0.133333
0 0.265625 0.264583 0.100000 0.133333
0 0.620313 0.204167 0.100000 0.133333
0 0.400000 0.397917 0.100000 0.133333
0 0.546875 0.860417 0.100000 0.133333
0 0.892188 0.166667 0.100000 0.133333
0 0.692187 0.589583 0.100000 0.133333
0 0.823438 0.560417 0.100000 0.133333
0 0.640625 0.852083 0.100000 0.133333
0 0.665625 0.331250 0.100000 0.133333
0 0.503125 0.441667 0.100000 0.133333
0 0.871875 0.762500 0.100000 0.133333
0 0.762500 0.247917 0.100000 0.133333
0 0.551562 0.189583 0.100000 0.133333
0 0.439063 0.214583 0.100000 0.133333
0 0.603125 0.616667 0.100000 0.133333
0 0.773438 0.654167 0.100000 0.133333
0 0.690625 0.310417 0.100000 0.133333
0 0.473438 0.079167 0.100000 0.133333
0 0.159375 0.516667 0.100000 0.133333
0 0.225000 0.208333 0.100000 0.133333
0 0.557813 0.772917 0.100000 0.133333
0 0.329688 0.266667 0.100000 0.133333
0 0.645312 0.733333 0.100000 0.133333
0 0.743750 0.656250 0.100000 0.133333
0 0.693750 0.283333 0.100000 0.133333
0 0.171875 0.689583 0.100000 0.133333
1 0.278125 0.108333 0.100000 0.133333
1 0.329688 0.602083 0.100000 0.133333
1 0.317188 0.637500 0.100000 0.133333
1 0.300000 0.795833 0.100000 0.133333
1 0.437500 0.910417 0.100000 0.133333
