0 0.109375 0.647917 0.100000 0.133333
0 0.575000 0.289583 0.100000 0.133333
0 0.650000 0.454167 0.100000 0.133333
0 0.467187 0.206250 0.100000 0.133333
0 0.309375 0.610417 0.100000 0.133333
0 0.737500 0.547917 0.100000 0.133333
0 0.314063 0.070833 0.100000 0.133333
0 0.645312 0.777083 0.100000 0.133333
0 0.184375 0.364583 0.100000 0.133333
0 0.610938 0.597917 0.100000 0.133333
0 0.325000 0.133333 0.100000 0.133333
0 0.657813 0.785417 0.100000 0.133333
0 0.642188 0.679167 0.100000 0.133333
0 0.534375 0.127083 0.100000 0.133333
0 0.585938 0.339583 0.100000 0.133333
0 0.353125 0.366667 0.100000 0.133333
0 0.484375 0.400000 0.100000 0.133333
0 0.854688 0.283333 0.100000 0.133333
0 0.764062 0.477083 0.100000 0.133333
0 0.185938 0.754167 0.100000 0.133333
0 0.856250 0.166667 0.100000 0.133333
0 0.365625 0.360417 0.100000 0.133333
0 0.542188 0.077083 0.100000 0.133333
0 0.775000 0.756250 0.100000 0.133333
0 0.142187 0.241667 0.100000 0.133333
0 0.579688 0.337500 0.100000 0.133333
0 0.832812 0.404167 0.100000 0.133333
0 0.101562 0.587500 0.100000 0.133333
0 0.425000 0.077083 0.100000 0.133333
0 0.482812 0.812500 0.100000 0.133333
0 0.818750 0.343750 0.100000 0.133333
0 0.225000 0.837500 0.100000 0.133333
0 0.106250 0.362500 0.100000 0.133333
0 0.570312 0.081250 0.100000 0.133333
0 0.251563 0.068750 0.100000 0.133333
0 0.546875 0.787500 0.100000 0.133333
0 0.392188 0.870833 0.100000 0.133333
0 0.814063 0.377083 0.100000 0.133333
0 0.439063 0.606250 0.100000 0.133333
0 0.814063 0.545833 0.100000 0.133333
0 0.354687 0.654167 0.100000 0.133333
0 0.898438 0.189583 0.100000 0.133333
0 0.264062 0.866667 0.100000 0.133333
0 0.517188 0.479167 0.100000 0.133333
0 0.623437 0.722917 0.100000 0.133333
0 0.800000 0.339583 0.100000 0.133333
0 0.814063 0.808333 0.100000 0.133333
0 0.432812 0.679167 0.100000 0.133333
0 0.850000 0.177083 0.100000 0.133333
0 0.717187 0.189583 0.100000 0.133333
0 0.145313 0.254167 0.100000 0.133333
0 0.893750 0.466667 0.100000 0.133333
0 0.571875 0.783333 0.100000 0.133333
0 0.110937 0.081250 0.100000 0.133333
0 0.525000 0.241667 0.100000 0.133333
0 0.823438 0.852083 0.100000 0.133333
0 0.820312 0.868750 0.100000 0.133333
0 0.701562 0.333333 0.100000 0.133333
0 0.509375 0.187500 0.100000 0.133333
0 0.687500 0.704167 0.100000 0.133333
0 0.634375 0.283333 0.100000 0.133333
0 0.443750 0.506250 0.100000 0.133333
0 0.301563 0.375000 0.100000 0.133333
0 0.735938 0.143750 0.100000 0.133333
0 0.320312 0.108333 0.100000 0.133333
0 0.550000 0.597917 0.100000 0.133333
0 0.837500 0.587500 0.100000 0.133333
0 0.842187 0.466667 0.100000 0.133333
0 0.740625 0.797917 0.100000 0.133333
0 0.392188 0.641667 0.100000 0.133333
0 0.307812 0.837500 0.100000 0.133333
0 0.120313 0.077083 0.100000 0.133333
0 0.296875 0.289583 0.100000 0.133333
0 0.454688 0.750000 0.100000 0.133333
0 0.432812 0.316667 0.100000 0.133333
0 0.878125 0.162500 0.100000 0.133333
0 0.484375 0.262500 0.100000 0.133333
0 0.434375 0.704167 0.100000 0.133333
0 0.407813 0.483333 0.100000 0.133333
0 0.328125 0.383333 0.100000 0.133333
0 0.628125 0.312500 0.100000 0.133333
0 0.115625 0.477083 0.100000 0.133333
0 0.900000 0.785417 0.100000 0.133333
0 0.271875 0.856250 0.100000 0.133333
0 0.853125 0.789583 0.100000 0.133333
0 0.356250 0.100000 0.100000 0.133333
0 0.835938 0.375000 0.100000 0.133333
0 0.539062 0.870833 0.100000 0.133333
0 0.596875 0.570833 0.100000 0.133333
0 0.607812 0.416667 0.100000 0.133333
0 0.151562 0.304167 0.100000 0.133333
0 0.385937 0.672917 0.100000 0.133333
0 0.262500 0.306250 0.100000 0.133333
0 0.246875 0.864583 0.100000 0.133333
0 0.123438 0.766667 0.100000 0.133333
0 0.656250 0.256250 0.100000 0.133333
0 0.642188 0.702083 0.100000 0.133333
0 0.235937 0.481250 0.100000 0.133333
0 0.107813 0.606250 0.100000 0.133333
0 0.584375 0.645833 0.100000 0.133333
0 0.842187 0.572917 0.100000 0.133333
0 0.635938 0.837500 0.100000 0.133333
0 0.542188 0.837500 0.100000 0.133333
0 0.514062 0.287500 0.100000 0.133333
0 0.689063 0.158333 0.100000 0.133333
0 0.593750 0.800000 0.100000 0.133333
0 0.703125 0.697917 0.100000 0.133333
0 0.296875 0.318750 0.100000 0.133333
0 0.860938 0.572917 0.100000 0.133333
0 0.206250 0.139583 0.100000 0.133333
0 0.890625 0.747917 0.100000 0.133333
0 0.415625 0.866667 0.100000 0.133333
0 0.231250 0.118750 0.100000 0.133333
0 0.845313 0.135417 0.100000 0.133333
0 0.214062 0.329167 0.100000 0.133333
0 0.548438 0.468750 0.100000 0.133333
0 0.720313 0.779167 0.100000 0.133333
0 0.264062 0.614583 0.100000 0.133333
0 0.506250 0.485417 0.100000 0.133333
0 0.421875 0.679167 0.100000 0.133333
0 0.865625 0.362500 0.100000 0.133333
0 0.665625 0.385417 0.100000 0.133333
0 0.314063 0.456250 0.100000 0.133333
0 0.648438 0.533333 0.100000 0.133333
0 0.457813 0.831250 0.100000 0.133333
0 0.896875 0.720833 0.100000 0.133333
0 0.789062 0.318750 0.100000 0.133333
0 0.215625 0.435417 0.100000 0.133333
0 0.378125 0.787500 0.100000 0.133333
0 0.348438 0.364583 0.100000 0.133333
0 0.431250 0.656250 0.100000 0.133333
0 0.351562 0.727083 0.100000 0.133333
0 0.571875 0.137500 0.100000 0.133333
0 0.320312 0.375000 0.100000 0.133333
0 0.496875 0.222917 0.100000 0.133333
0 0.493750 0.489583 0.100000 0.133333
0 0.267188 0.081250 0.100000 0.133333
0 0.473438 0.562500 0.100000 0.133333
0 0.646875 0.833333 0.100000 0.133333
0 0.335938 0.245833 0.100000 0.133333
0 0.156250 0.516667 0.100000 0.133333
0 0.779687 0.747917 0.100000 0.133333
0 0.159375 0.606250 0.100000 0.133333
0 0.545312 0.891667 0.100000 0.133333
0 0.514062 0.710417 0.100000 0.133333
0 0.167187 0.135417 0.100000 0.133333
0 0.660937 0.264583 0.100000 0.133333
0 0.209375 0.152083 0.100000 0.133333
0 0.701562 0.806250 0.100000 0.133333
0 0.621875 0.787500 0.100000 0.133333
1 0.398438 0.837500 0.100000 0.133333
1 0.826562 0.333333 0.100000 0.133333
1 0.906250 0.870833 0.100000 0.133333
1 0.065625 0.833333 0.100000 0.133333
1 0.735938 0.479167 0.100000 0.133333
