0 0.173437 0.395833 0.100000 0.133333
0 0.315625 0.447917 0.100000 0.133333
0 0.706250 0.693750 0.100000 0.133333
0 0.753125 0.875000 0.100000 0.133333
0 0.150000 0.868750 0.100000 0.133333
0 0.685937 0.410417 0.100000 0.133333
0 0.718750 0.147917 0.100000 0.133333
0 0.140625 0.314583 0.100000 0.133333
0 0.150000 0.406250 0.100000 0.133333
0 0.426563 0.418750 0.100000 0.133333
0 0.806250 0.695833 0.100000 0.133333
0 0.550000 0.433333 0.100000 0.133333
0 0.143750 0.364583 0.100000 0.133333
0 0.126562 0.466667 0.100000 0.133333
0 0.531250 0.166667 0.100000 0.133333
0 0.371875 0.420833 0.100000 0.133333
0 0.357812 0.212500 0.100000 0.133333
0 0.825000 0.472917 0.100000 0.133333
0 0.540625 0.606250 0.100000 0.133333
0 0.423438 0.129167 0.100000 0.133333
0 0.223438 0.312500 0.100000 0.133333
0 0.895312 0.743750 0.100000 0.133333
0 0.393750 0.379167 0.100000 0.133333
0 0.123438 0.758333 0.100000 0.133333
0 0.212500 0.835417 0.100000 0.133333
0 0.296875 0.410417 0.100000 0.133333
0 0.490625 0.795833 0.100000 0.133333
0 0.437500 0.454167 0.100000 0.133333
0 0.192188 0.233333 0.100000 0.133333
0 0.575000 0.643750 0.100000 0.133333
0 0.326562 0.616667 0.100000 0.133333
0 0.832812 0.431250 0.100000 0.133333
0 0.784375 0.202083 0.100000 0.133333
0 0.103125 0.160417 0.100000 0.133333
0 0.432812 0.158333 0.100000 0.133333
0 0.845313 0.239583 0.100000 0.133333
0 0.817187 0.458333 0.100000 0.133333
0 0.431250 0.360417 0.100000 0.133333
0 0.353125 0.577083 0.100000 0.133333
0 0.301563 0.229167 0.100000 0.133333
0 0.545312 0.075000 0.100000 0.133333
0 0.682813 0.222917 0.100000 0.133333
0 0.270313 0.508333 0.100000 0.133333
0 0.295312 0.629167 0.100000 0.133333
0 0.825000 0.793750 0.100000 0.133333
0 0.409375 0.120833 0.100000 0.133333
0 0.687500 0.516667 0.100000 0.133333
0 0.812500 0.443750 0.100000 0.133333
0 0.601562 0.195833 0.100000 0.133333
0 0.865625 0.710417 0.100000 0.133333
0 0.400000 0.864583 0.100000 0.133333
0 0.623437 0.358333 0.100000 0.133333
0 0.737500 0.675000 0.100000 0.133333
0 0.707812 0.247917 0.100000 0.133333
0 0.551562 0.641667 0.100000 0.133333
0 0.201563 0.575000 0.100000 0.133333
0 0.285938 0.308333 0.100000 0.133333
0 0.789062 0.504167 0.100000 0.133333
0 0.831250 0.485417 0.100000 0.133333
0 0.878125 0.731250 0.100000 0.133333
0 0.459375 0.764583 0.100000 0.133333
0 0.657813 0.185417 0.100000 0.133333
0 0.425000 0.291667 0.100000 0.133333
0 0.448437 0.839583 0.100000 0.133333
0 0.121875 0.289583 0.100000 0.133333
0 0.593750 0.670833 0.100000 0.133333
0 0.648438 0.441667 0.100000 0.133333
0 0.882812 0.475000 0.100000 0.133333
0 0.651563 0.166667 0.100000 0.133333
0 0.257812 0.177083 0.100000 0.133333
0 0.123438 0.437500 0.100000 0.133333
0 0.621875 0.756250 0.100000 0.133333
0 0.506250 0.497917 0.100000 0.133333
0 0.668750 0.314583 0.100000 0.133333
0 0.515625 0.400000 0.100000 0.133333
0 0.882812 0.266667 0.100000 0.133333
0 0.562500 0.237500 0.100000 0.133333
0 0.439063 0.547917 0.100000 0.133333
0 0.573438 0.741667 0.100000 0.133333
0 0.846875 0.643750 0.100000 0.133333
0 0.157812 0.497917 0.100000 0.133333
0 0.267188 0.185417 0.100000 0.133333
0 0.529687 0.245833 0.100000 0.133333
0 0.209375 0.093750 0.100000 0.133333
0 0.817187 0.339583 0.100000 0.133333
0 0.882812 0.212500 0.100000 0.133333
0 0.592187 0.162500 0.100000 0.133333
0 0.312500 0.333333 0.100000 0.133333
0 0.132812 0.731250 0.100000 0.133333
0 0.659375 0.225000 0.100000 0.133333
0 0.231250 0.068750 0.100000 0.133333
0 0.648438 0.825000 0.100000 0.133333
0 0.110937 0.666667 0.100000 0.133333
0 0.204687 0.602083 0.100000 0.133333
0 0.468750 0.425000 0.100000 0.133333
0 0.509375 0.266667 0.100000 0.133333
0 0.778125 0.827083 0.100000 0.133333
0 0.573438 0.804167 0.100000 0.133333
0 0.275000 0.100000 0.100000 0.133333
0 0.375000 0.568750 0.100000 0.133333
0 0.321875 0.641667 0.100000 0.133333
0 0.704688 0.231250 0.100000 0.133333
0 0.225000 0.154167 0.100000 0.133333
0 0.734375 0.810417 0.100000 0.133333
0 0.278125 0.745833 0.100000 0.133333
0 0.473438 0.354167 0.100000 0.133333
0 0.510938 0.556250 0.100000 0.133333
0 0.635938 0.181250 0.100000 0.133333
0 0.182812 0.687500 0.100000 0.133333
0 0.709375 0.450000 0.100000 0.133333
0 0.103125 0.125000 0.100000 0.133333
0 0.818750 0.329167 0.100000 0.133333
0 0.582812 0.591667 0.100000 0.133333
0 0.184375 0.758333 0.100000 0.133333
0 0.137500 0.520833 0.100000 0.133333
0 0.104688 0.860417 0.100000 0.133333
0 0.600000 0.181250 0.100000 0.133333
0 0.862500 0.537500 0.100000 0.133333
0 0.340625 0.858333 0.100000 0.133333
0 0.443750 0.114583 0.100000 0.133333
0 0.250000 0.237500 0.100000 0.133333
0 0.296875 0.822917 0.100000 0.133333
0 0.431250 0.325000 0.100000 0.133333
0 0.826562 0.439583 0.100000 0.133333
0 0.732812 0.125000 0.100000 0.133333
0 0.535937 0.237500 0.100000 0.133333
0 0.826562 0.768750 0.100000 0.133333
0 0.375000 0.368750 0.100000 0.133333
0 0.540625 0.775000 0.100000 0.133333
0 0.881250 0.116667 0.100000 0.133333
0 0.795312 0.395833 0.100000 0.133333
0 0.256250 0.747917 0.100000 0.133333
0 0.150000 0.104167 0.100000 0.133333
0 0.359375 0.752083 0.100000 0.133333
0 0.681250 0.222917 0.100000 0.133333
0 0.806250 0.489583 0.100000 0.133333
0 0.582812 0.416667 0.100000 0.133333
0 0.832812 0.285417 0.100000 0.133333
0 0.779687 0.622917 0.100000 0.133333
0 0.375000 0.493750 0.100000 0.133333
0 0.881250 0.858333 0.100000 0.133333
0 0.735938 0.137500 0.100000 0.133333
0 0.620313 0.070833 0.100000 0.133333
0 0.537500 0.637500 0.100000 0.133333
0 0.359375 0.237500 0.100000 0.133333
0 0.685937 0.727083 0.100000 0.133333
0 0.445312 0.258333 0.100000 0.133333
0 0.518750 0.472917 0.100000 0.133333
0 0.115625 0.477083 0.100000 0.133333
0 0.148438 0.266667 0.100000 0.133333
1 0.428125 0.439583 0.100000 0.133333
1 0.873437 0.925000 0.100000 0.133333
1 0.275000 0.420833 0.100000 0.133333
1 0.632812 0.291667 0.100000 0.133333
1 0.632812 0.368750 0.100000 0.133333
