0 0.868750 0.214583 0.100000 0.133333
0 0.700000 0.650000 0.100000 0.133333
0 0.112500 0.431250 0.100000 0.133333
0 0.548438 0.393750 0.100000 0.133333
0 0.145313 0.372917 0.100000 0.133333
0 0.846875 0.372917 0.100000 0.133333
0 0.746875 0.143750 0.100000 0.133333
0 0.859375 0.314583 0.100000 0.133333
0 0.606250 0.660417 0.100000 0.133333
0 0.150000 0.416667 0.100000 0.133333
0 0.509375 0.718750 0.100000 0.133333
0 0.868750 0.250000 0.100000 0.133333
0 0.123438 0.737500 0.100000 0.133333
0 0.557813 0.875000 0.100000 0.133333
0 0.643750 0.631250 0.100000 0.133333
0 0.429688 0.700000 0.100000 0.133333
0 0.706250 0.712500 0.100000 0.133333
0 0.840625 0.550000 0.100000 0.133333
0 0.356250 0.393750 0.100000 0.133333
0 0.384375 0.706250 0.100000 0.133333
0 0.317188 0.281250 0.100000 0.133333
0 0.367188 0.362500 0.100000 0.133333
0 0.426563 0.404167 0.100000 0.133333
0 0.468750 0.475000 0.100000 0.133333
0 0.615625 0.579167 0.100000 0.133333
0 0.546875 0.731250 0.100000 0.133333
0 0.334375 0.193750 0.100000 0.133333
0 0.832812 0.575000 0.100000 0.133333
0 0.240625 0.112500 0.100000 0.133333
0 0.740625 0.829167 0.100000 0.133333
0 0.492188 0.479167 0.100000 0.133333
0 0.893750 0.797917 0.100000 0.133333
0 0.235937 0.589583 0.100000 0.133333
0 0.898438 0.160417 0.100000 0.133333
0 0.725000 0.714583 0.100000 0.133333
0 0.382812 0.500000 0.100000 0.133333
0 0.568750 0.545833 0.100000 0.133333
0 0.354687 0.675000 0.100000 0.133333
0 0.401562 0.343750 0.100000 0.133333
0 0.168750 0.318750 0.100000 0.133333
0 0.668750 0.406250 0.100000 0.133333
0 0.381250 0.416667 0.100000 0.133333
0 0.621875 0.289583 0.100000 0.133333
0 0.204687 0.691667 0.100000 0.133333
0 0.850000 0.281250 0.100000 0.133333
0 0.290625 0.418750 0.100000 0.133333
0 0.557813 0.189583 0.100000 0.133333
0 0.225000 0.083333 0.100000 0.133333
0 0.326562 0.839583 0.100000 0.133333
0 0.800000 0.310417 0.100000 0.133333
0 0.706250 0.160417 0.100000 0.133333
0 0.246875 0.762500 0.100000 0.133333
0 0.387500 0.847917 0.100000 0.133333
0 0.185938 0.089583 0.100000 0.133333
0 0.373437 0.702083 0.100000 0.133333
0 0.490625 0.477083 0.100000 0.133333
0 0.529687 0.345833 0.100000 0.133333
0 0.771875 0.318750 0.100000 0.133333
0 0.315625 0.737500 0.100000 0.133333
0 0.612500 0.241667 0.100000 0.133333
0 0.873437 0.743750 0.100000 0.133333
0 0.295312 0.431250 0.100000 0.133333
0 0.790625 0.143750 0.100000 0.133333
0 0.306250 0.410417 0.100000 0.133333
0 0.787500 0.252083 0.100000 0.133333
0 0.384375 0.652083 0.100000 0.133333
0 0.707812 0.464583 0.100000 0.133333
0 0.895312 0.697917 0.100000 0.133333
0 0.207813 0.293750 0.100000 0.133333
0 0.581250 0.472917 0.100000 0.133333
0 0.882812 0.297917 0.100000 0.133333
0 0.567187 0.077083 0.100000 0.133333
0 0.626563 0.320833 0.100000 0.133333
0 0.154688 0.235417 0.100000 0.133333
0 0.884375 0.160417 0.100000 0.133333
0 0.253125 0.362500 0.100000 0.133333
0 0.278125 0.293750 0.100000 0.133333
0 0.357812 0.537500 0.100000 0.133333
0 0.825000 0.700000 0.100000 0.133333
0 0.356250 0.491667 0.100000 0.133333
0 0.451562 0.341667 0.100000 0.133333
0 0.676562 0.793750 0.100000 0.133333
0 0.475000 0.400000 0.100000 0.133333
0 0.540625 0.389583 0.100000 0.133333
0 0.375000 0.552083 0.100000 0.133333
0 0.515625 0.377083 0.100000 0.133333
0 0.725000 0.162500 0.100000 0.133333
0 0.534375 0.385417 0.100000 0.133333
0 0.159375 0.270833 0.100000 0.133333
0 0.714063 0.391667 0.100000 0.133333
0 0.604688 0.106250 0.100000 0.133333
0 0.804688 0.860417 0.100000 0.133333
0 0.648438 0.464583 0.100000 0.133333
0 0.429688 0.879167 0.100000 0.133333
0 0.159375 0.431250 0.100000 0.133333
0 0.885938 0.835417 0.100000 0.133333
0 0.309375 0.302083 0.100000 0.133333
0 0.487500 0.404167 0.100000 0.133333
0 0.737500 0.664583 0.100000 0.133333
0 0.900000 0.675000 0.100000 0.133333
0 0.860938 0.487500 0.100000 0.133333
0 0.565625 0.820833 0.100000 0.133333
0 0.510938 0.502083 0.100000 0.133333
0 0.745313 0.672917 0.100000 0.133333
0 0.117188 0.204167 0.100000 0.133333
0 0.459375 0.879167 0.100000 0.133333
0 0.337500 0.402083 0.100000 0.133333
0 0.120313 0.577083 0.100000 0.133333
0 0.739062 0.339583 0.100000 0.133333
0 0.893750 0.554167 0.100000 0.133333
0 0.698438 0.295833 0.100000 0.133333
0 0.345313 0.091667 0.100000 0.133333
0 0.879687 0.670833 0.100000 0.133333
0 0.670312 0.720833 0.100000 0.133333
0 0.676562 0.137500 0.100000 0.133333
0 0.875000 0.133333 0.100000 0.133333
0 0.743750 0.743750 0.100000 0.133333
0 0.589063 0.264583 0.100000 0.133333
0 0.484375 0.572917 0.100000 0.133333
0 0.239063 0.610417 0.100000 0.133333
0 0.304688 0.218750 0.100000 0.133333
0 0.543750 0.193750 0.100000 0.133333
0 0.431250 0.612500 0.100000 0.133333
0 0.368750 0.835417 0.100000 0.133333
0 0.381250 0.487500 0.100000 0.133333
0 0.521875 0.885417 0.100000 0.133333
0 0.835938 0.454167 0.100000 0.133333
0 0.618750 0.664583 0.100000 0.133333
0 0.167187 0.891667 0.100000 0.133333
0 0.721875 0.566667 0.100000 0.133333
0 0.796875 0.154167 0.100000 0.133333
0 0.467187 0.264583 0.100000 0.133333
0 0.496875 0.420833 0.100000 0.133333
0 0.448437 0.554167 0.100000 0.133333
0 0.325000 0.514583 0.100000 0.133333
0 0.893750 0.483333 0.100000 0.133333
0 0.725000 0.779167 0.100000 0.133333
0 0.759375 0.141667 0.100000 0.133333
0 0.606250 0.639583 0.100000 0.133333
0 0.653125 0.404167 0.100000 0.133333
0 0.571875 0.495833 0.100000 0.133333
0 0.454688 0.820833 0.100000 0.133333
0 0.406250 0.810417 0.100000 0.133333
0 0.485938 0.150000 0.100000 0.133333
0 0.667188 0.616667 0.100000 0.133333
0 0.653125 0.329167 0.100000 0.133333
0 0.307812 0.164583 0.100000 0.133333
0 0.217188 0.368750 0.100000 0.133333
0 0.804688 0.406250 0.100000 0.133333
0 0.445312 0.622917 0.100000 0.133333
1 0.768750 0.891667 0.100000 0.133333
1 0.668750 0.583333 0.100000 0.133333
1 0.437500 0.802083 0.100000 0.133333
1 0.526563 0.722917 0.100000 0.133333
1 0.910937 0.120833 0.100000 0.133333
