0 0.718750 0.327083 0.100000 0.133333
0 0.312500 0.875000 0.100000 0.133333
0 0.629687 0.681250 0.100000 0.133333
0 0.309375 0.731250 0.100000 0.133333
0 0.745313 0.820833 0.100000 0.133333
0 0.681250 0.697917 0.100000 0.133333
0 0.109375 0.379167 0.100000 0.133333
0 0.798438 0.360417 0.100000 0.133333
0 0.656250 0.279167 0.100000 0.133333
0 0.428125 0.664583 0.100000 0.133333
0 0.721875 0.181250 0.100000 0.133333
0 0.479687 0.164583 0.100000 0.133333
0 0.139063 0.202083 0.100000 0.133333
0 0.707812 0.608333 0.100000 0.133333
0 0.739062 0.402083 0.100000 0.133333
0 0.271875 0.822917 0.100000 0.133333
0 0.173437 0.289583 0.100000 0.133333
0 0.851562 0.183333 0.100000 0.133333
0 0.393750 0.354167 0.100000 0.133333
0 0.751563 0.329167 0.100000 0.133333
0 0.646875 0.416667 0.100000 0.133333
0 0.159375 0.685417 0.100000 0.133333
0 0.678125 0.706250 0.100000 0.133333
0 0.196875 0.093750 0.100000 0.133333
0 0.440625 0.808333 0.100000 0.133333
0 0.262500 0.637500 0.100000 0.133333
0 0.604688 0.225000 0.100000 0.133333
0 0.635938 0.237500 0.100000 0.133333
0 0.476562 0.535417 0.100000 0.133333
0 0.521875 0.525000 0.100000 0.133333
0 0.582812 0.200000 0.100000 0.133333
0 0.410938 0.377083 0.100000 0.133333
0 0.760938 0.887500 0.100000 0.133333
0 0.248438 0.656250 0.100000 0.133333
0 0.164062 0.827083 0.100000 0.133333
0 0.720313 0.762500 0.100000 0.133333
0 0.762500 0.141667 0.100000 0.133333
0 0.204687 0.806250 0.100000 0.133333
0 0.503125 0.602083 0.100000 0.133333
0 0.150000 0.300000 0.100000 0.133333
0 0.348438 0.570833 0.100000 0.133333
0 0.498437 0.625000 0.100000 0.133333
0 0.137500 0.172917 0.100000 0.133333
0 0.354687 0.543750 0.100000 0.133333
0 0.706250 0.331250 0.100000 0.133333
0 0.107813 0.170833 0.100000 0.133333
0 0.695312 0.485417 0.100000 0.133333
0 0.435937 0.629167 0.100000 0.133333
0 0.725000 0.562500 0.100000 0.133333
0 0.168750 0.127083 0.100000 0.133333
0 0.325000 0.479167 0.100000 0.133333
0 0.243750 0.202083 0.100000 0.133333
0 0.515625 0.604167 0.100000 0.133333
0 0.593750 0.187500 0.100000 0.133333
0 0.400000 0.666667 0.100000 0.133333
0 0.210938 0.129167 0.100000 0.133333
0 0.353125 0.302083 0.100000 0.133333
0 0.460938 0.658333 0.100000 0.133333
0 0.573438 0.181250 0.100000 0.133333
0 0.259375 0.543750 0.100000 0.133333
0 0.154688 0.743750 0.100000 0.133333
0 0.850000 0.720833 0.100000 0.133333
0 0.837500 0.158333 0.100000 0.133333
0 0.428125 0.487500 0.100000 0.133333
0 0.106250 0.722917 0.100000 0.133333
0 0.562500 0.477083 0.100000 0.133333
0 0.898438 0.300000 0.100000 0.133333
0 0.139063 0.683333 0.100000 0.133333
0 0.503125 0.745833 0.100000 0.133333
0 0.129688 0.860417 0.100000 0.133333
0 0.617188 0.664583 0.100000 0.133333
0 0.539062 0.216667 0.100000 0.133333
0 0.703125 0.825000 0.100000 0.133333
0 0.453125 0.633333 0.100000 0.133333
0 0.542188 0.406250 0.100000 0.133333
0 0.681250 0.616667 0.100000 0.133333
0 0.348438 0.302083 0.100000 0.133333
0 0.267188 0.354167 0.100000 0.133333
0 0.815625 0.566667 0.100000 0.133333
0 0.190625 0.460417 0.100000 0.133333
0 0.104688 0.812500 0.100000 0.133333
0 0.325000 0.508333 0.100000 0.133333
0 0.800000 0.412500 0.100000 0.133333
0 0.354687 0.466667 0.100000 0.133333
0 0.743750 0.833333 0.100000 0.133333
0 0.181250 0.431250 0.100000 0.133333
0 0.870313 0.810417 0.100000 0.133333
0 0.795312 0.195833 0.100000 0.133333
0 0.107813 0.854167 0.100000 0.133333
0 0.754687 0.714583 0.100000 0.133333
0 0.837500 0.850000 0.100000 0.133333
0 0.381250 0.262500 0.100000 0.133333
0 0.371875 0.812500 0.100000 0.133333
0 0.581250 0.522917 0.100000 0.133333
0 0.153125 0.858333 0.100000 0.133333
0 0.243750 0.347917 0.100000 0.133333
0 0.454688 0.277083 0.100000 0.133333
0 0.104688 0.885417 0.100000 0.133333
0 0.478125 0.243750 0.100000 0.133333
0 0.393750 0.604167 0.100000 0.133333
0 0.382812 0.725000 0.100000 0.133333
0 0.165625 0.291667 0.100000 0.133333
0 0.553125 0.747917 0.100000 0.133333
0 0.289062 0.491667 0.100000 0.133333
0 0.540625 0.077083 0.100000 0.133333
0 0.106250 0.714583 0.100000 0.133333
0 0.668750 0.552083 0.100000 0.133333
0 0.334375 0.375000 0.100000 0.133333
0 0.568750 0.372917 0.100000 0.133333
0 0.310937 0.145833 0.100000 0.133333
0 0.414062 0.872917 0.100000 0.133333
0 0.117188 0.333333 0.100000 0.133333
0 0.526563 0.193750 0.100000 0.133333
0 0.117188 0.408333 0.100000 0.133333
0 0.237500 0.485417 0.100000 0.133333
0 0.598437 0.745833 0.100000 0.133333
0 0.120313 0.883333 0.100000 0.133333
0 0.142187 0.477083 0.100000 0.133333
0 0.876563 0.689583 0.100000 0.133333
0 0.123438 0.820833 0.100000 0.133333
0 0.554688 0.308333 0.100000 0.133333
0 0.864062 0.352083 0.100000 0.133333
0 0.165625 0.341667 0.100000 0.133333
0 0.684375 0.716667 0.100000 0.133333
0 0.779687 0.406250 0.100000 0.133333
0 0.625000 0.881250 0.100000 0.133333
0 0.485938 0.704167 0.100000 0.133333
0 0.356250 0.318750 0.100000 0.133333
0 0.662500 0.839583 0.100000 0.133333
0 0.426563 0.566667 0.100000 0.133333
0 0.301563 0.385417 0.100000 0.133333
0 0.362500 0.364583 0.100000 0.133333
0 0.300000 0.091667 0.100000 0.133333
0 0.746875 0.693750 0.100000 0.133333
0 0.495312 0.641667 0.100000 0.133333
0 0.231250 0.589583 0.100000 0.133333
0 0.235937 0.302083 0.100000 0.133333
0 0.453125 0.510417 0.100000 0.133333
0 0.464062 0.306250 0.100000 0.133333
0 0.881250 0.512500 0.100000 0.133333
0 0.885938 0.197917 0.100000 0.133333
0 0.292187 0.691667 0.100000 0.133333
0 0.846875 0.216667 0.100000 0.133333
0 0.353125 0.829167 0.100000 0.133333
0 0.881250 0.531250 0.100000 0.133333
0 0.421875 0.658333 0.100000 0.133333
0 0.117188 0.679167 0.100000 0.133333
0 0.184375 0.468750 0.100000 0.133333
0 0.645312 0.320833 0.100000 0.133333
0 0.760938 0.800000 0.100000 0.133333
1 0.656250 0.422917 0.100000 0.133333
1 0.573438 0.610417 0.100000 0.133333
1 0.487500 0.370833 0.100000 0.133333
1 0.626563 0.597917 0.100000 0.133333
1 0.132812 0.216667 0.100000 0.133333
