0 0.773438 0.252083 0.100000 0.133333
0 0.365625 0.331250 0.100000 0.133333
0 0.368750 0.577083 0.100000 0.133333
0 0.729688 0.806250 0.100000 0.133333
0 0.339062 0.383333 0.100000 0.133333
0 0.640625 0.608333 0.100000 0.133333
0 0.270313 0.604167 0.100000 0.133333
0 0.110937 0.862500 0.100000 0.133333
0 0.367188 0.633333 0.100000 0.133333
0 0.804688 0.843750 0.100000 0.133333
0 0.212500 0.310417 0.100000 0.133333
0 0.378125 0.083333 0.100000 0.133333
0 0.181250 0.410417 0.100000 0.133333
0 0.614062 0.118750 0.100000 0.133333
0 0.312500 0.160417 0.100000 0.133333
0 0.807813 0.102083 0.100000 0.133333
0 0.882812 0.529167 0.100000 0.133333
0 0.570312 0.789583 0.100000 0.133333
0 0.159375 0.381250 0.100000 0.133333
0 0.426563 0.385417 0.100000 0.133333
0 0.565625 0.279167 0.100000 0.133333
0 0.412500 0.506250 0.100000 0.133333
0 0.503125 0.202083 0.100000 0.133333
0 0.878125 0.185417 0.100000 0.133333
0 0.554688 0.856250 0.100000 0.133333
0 0.239063 0.650000 0.100000 0.133333
0 0.765625 0.497917 0.100000 0.133333
0 0.334375 0.343750 0.100000 0.133333
0 0.223438 0.887500 0.100000 0.133333
0 0.431250 0.672917 0.100000 0.133333
0 0.867188 0.447917 0.100000 0.133333
0 0.760938 0.616667 0.100000 0.133333
0 0.353125 0.652083 0.100000 0.133333
0 0.781250 0.754167 0.100000 0.133333
0 0.370312 0.695833 0.100000 0.133333
0 0.809375 0.412500 0.100000 0.133333
0 0.590625 0.672917 0.100000 0.133333
0 0.378125 0.191667 0.100000 0.133333
0 0.560937 0.718750 0.100000 0.133333
0 0.295312 0.502083 0.100000 0.133333
0 0.800000 0.785417 0.100000 0.133333
0 0.782813 0.106250 0.100000 0.133333
0 0.620313 0.397917 0.100000 0.133333
0 0.223438 0.387500 0.100000 0.133333
0 0.395313 0.739583 0.100000 0.133333
0 0.281250 0.641667 0.100000 0.133333
0 0.129688 0.514583 0.100000 0.133333
0 0.400000 0.272917 0.100000 0.133333
0 0.598437 0.522917 0.100000 0.133333
0 0.848437 0.564583 0.100000 0.133333
0 0.421875 0.368750 0.100000 0.133333
0 0.159375 0.331250 0.100000 0.133333
0 0.743750 0.310417 0.100000 0.133333
0 0.803125 0.804167 0.100000 0.133333
0 0.204687 0.741667 0.100000 0.133333
0 0.406250 0.289583 0.100000 0.133333
0 0.279687 0.191667 0.100000 0.133333
0 0.332813 0.468750 0.100000 0.133333
0 0.368750 0.527083 0.100000 0.133333
0 0.593750 0.283333 0.100000 0.133333
0 0.848437 0.760417 0.100000 0.133333
0 0.343750 0.327083 0.100000 0.133333
0 0.157812 0.118750 0.100000 0.133333
0 0.437500 0.539583 0.100000 0.133333
0 0.850000 0.085417 0.100000 0.133333
0 0.482812 0.768750 0.100000 0.133333
0 0.220312 0.366667 0.100000 0.133333
0 0.264062 0.072917 0.100000 0.133333
0 0.615625 0.410417 0.100000 0.133333
0 0.821875 0.885417 0.100000 0.133333
0 0.487500 0.243750 0.100000 0.133333
0 0.792188 0.666667 0.100000 0.133333
0 0.559375 0.139583 0.100000 0.133333
0 0.362500 0.735417 0.100000 0.133333
0 0.860938 0.283333 0.100000 0.133333
0 0.626563 0.862500 0.100000 0.133333
0 0.856250 0.264583 0.100000 0.133333
0 0.850000 0.741667 0.100000 0.133333
0 0.734375 0.243750 0.100000 0.133333
0 0.181250 0.710417 0.100000 0.133333
0 0.534375 0.356250 0.100000 0.133333
0 0.662500 0.506250 0.100000 0.133333
0 0.287500 0.410417 0.100000 0.133333
0 0.659375 0.662500 0.100000 0.133333
0 0.718750 0.806250 0.100000 0.133333
0 0.120313 0.710417 0.100000 0.133333
0 0.629687 0.685417 0.100000 0.133333
0 0.310937 0.562500 0.100000 0.133333
0 0.787500 0.258333 0.100000 0.133333
0 0.835938 0.870833 0.100000 0.133333
0 0.240625 0.593750 0.100000 0.133333
0 0.707812 0.708333 0.100000 0.133333
0 0.879687 0.393750 0.100000 0.133333
0 0.246875 0.572917 0.100000 0.133333
0 0.760938 0.795833 0.100000 0.133333
0 0.185938 0.710417 0.100000 0.133333
0 0.356250 0.485417 0.100000 0.133333
0 0.160938 0.606250 0.100000 0.133333
0 0.684375 0.847917 0.100000 0.133333
0 0.568750 0.781250 0.100000 0.133333
0 0.285938 0.570833 0.100000 0.133333
0 0.545312 0.533333 0.100000 0.133333
0 0.207813 0.831250 0.100000 0.133333
0 0.390625 0.775000 0.100000 0.133333
0 0.268750 0.310417 0.100000 0.133333
0 0.900000 0.154167 0.100000 0.133333
0 0.721875 0.325000 0.100000 0.133333
0 0.393750 0.604167 0.100000 0.133333
0 0.567187 0.091667 0.100000 0.133333
0 0.462500 0.250000 0.100000 0.133333
0 0.564063 0.427083 0.100000 0.133333
0 0.448437 0.489583 0.100000 0.133333
0 0.565625 0.708333 0.100000 0.133333
0 0.876563 0.608333 0.100000 0.133333
0 0.171875 0.743750 0.100000 0.133333
0 0.800000 0.358333 0.100000 0.133333
0 0.528125 0.414583 0.100000 0.133333
0 0.459375 0.710417 0.100000 0.133333
0 0.898438 0.460417 0.100000 0.133333
0 0.212500 0.375000 0.100000 0.133333
0 0.410938 0.533333 0.100000 0.133333
0 0.598437 0.612500 0.100000 0.133333
0 0.273438 0.206250 0.100000 0.133333
0 0.393750 0.245833 0.100000 0.133333
0 0.440625 0.806250 0.100000 0.133333
0 0.556250 0.450000 0.100000 0.133333
0 0.681250 0.285417 0.100000 0.133333
0 0.289062 0.204167 0.100000 0.133333
0 0.798438 0.520833 0.100000 0.133333
0 0.273438 0.808333 0.100000 0.133333
0 0.203125 0.085417 0.100000 0.133333
0 0.728125 0.722917 0.100000 0.133333
0 0.671875 0.833333 0.100000 0.133333
0 0.367188 0.260417 0.100000 0.133333
0 0.720313 0.831250 0.100000 0.133333
0 0.556250 0.183333 0.100000 0.133333
0 0.184375 0.539583 0.100000 0.133333
0 0.389062 0.129167 0.100000 0.133333
0 0.412500 0.572917 0.100000 0.133333
0 0.153125 0.631250 0.100000 0.133333
0 0.640625 0.770833 0.100000 0.133333
0 0.259375 0.785417 0.100000 0.133333
0 0.357812 0.102083 0.100000 0.133333
0 0.568750 0.285417 0.100000 0.133333
0 0.110937 0.570833 0.100000 0.133333
0 0.476562 0.297917 0.100000 0.133333
0 0.696875 0.622917 0.100000 0.133333
0 0.376563 0.691667 0.100000 0.133333
0 0.285938 0.268750 0.100000 0.133333
0 0.153125 0.208333 0.100000 0.133333
1 0.453125 0.527083 0.100000 0.133333
1 0.259375 0.556250 0.100000 0.133333
1 0.754687 0.881250 0.100000 0.133333
1 0.165625 0.375000 0.100000 0.133333
1 0.153125 0.568750 0.100000 0.133333
