0 0.535937 0.600000 0.100000 0.133333
0 0.115625 0.445833 0.100000 0.133333
0 0.200000 0.618750 0.100000 0.133333
0 0.718750 0.437500 0.100000 0.133333
0 0.276562 0.162500 0.100000 0.133333
0 0.231250 0.725000 0.100000 0.133333
0 0.418750 0.129167 0.100000 0.133333
0 0.150000 0.618750 0.100000 0.133333
0 0.851562 0.177083 0.100000 0.133333
0 0.879687 0.129167 0.100000 0.133333
0 0.739062 0.172917 0.100000 0.133333
0 0.373437 0.368750 0.100000 0.133333
0 0.831250 0.591667 0.100000 0.133333
0 0.754687 0.650000 0.100000 0.133333
0 0.487500 0.325000 0.100000 0.133333
0 0.646875 0.310417 0.100000 0.133333
0 0.734375 0.629167 0.100000 0.133333
0 0.784375 0.733333 0.100000 0.133333
0 0.121875 0.395833 0.100000 0.133333
0 0.439063 0.583333 0.100000 0.133333
0 0.304688 0.110417 0.100000 0.133333
0 0.871875 0.312500 0.100000 0.133333
0 0.385937 0.385417 0.100000 0.133333
0 0.251563 0.243750 0.100000 0.133333
0 0.651563 0.783333 0.100000 0.133333
0 0.698438 0.347917 0.100000 0.133333
0 0.248438 0.468750 0.100000 0.133333
0 0.900000 0.216667 0.100000 0.133333
0 0.857812 0.252083 0.100000 0.133333
0 0.635938 0.862500 0.100000 0.133333
0 0.128125 0.564583 0.100000 0.133333
0 0.856250 0.752083 0.100000 0.133333
0 0.815625 0.270833 0.100000 0.133333
0 0.714063 0.241667 0.100000 0.133333
0 0.231250 0.710417 0.100000 0.133333
0 0.679688 0.720833 0.100000 0.133333
0 0.196875 0.156250 0.100000 0.133333
0 0.728125 0.095833 0.100000 0.133333
0 0.504687 0.368750 0.100000 0.133333
0 0.296875 0.485417 0.100000 0.133333
0 0.779687 0.285417 0.100000 0.133333
0 0.723437 0.604167 0.100000 0.133333
0 0.900000 0.335417 0.100000 0.133333
0 0.104688 0.712500 0.100000 0.133333
0 0.651563 0.637500 0.100000 0.133333
0 0.373437 0.800000 0.100000 0.133333
0 0.135937 0.322917 0.100000 0.133333
0 0.662500 0.816667 0.100000 0.133333
0 0.242188 0.810417 0.100000 0.133333
0 0.890625 0.745833 0.100000 0.133333
0 0.771875 0.681250 0.100000 0.133333
0 0.556250 0.722917 0.100000 0.133333
0 0.265625 0.595833 0.100000 0.133333
0 0.251563 0.820833 0.100000 0.133333
0 0.525000 0.589583 0.100000 0.133333
0 0.631250 0.733333 0.100000 0.133333
0 0.467187 0.870833 0.100000 0.133333
0 0.162500 0.779167 0.100000 0.133333
0 0.340625 0.204167 0.100000 0.133333
0 0.879687 0.360417 0.100000 0.133333
0 0.645312 0.847917 0.100000 0.133333
0 0.503125 0.777083 0.100000 0.133333
0 0.634375 0.081250 0.100000 0.133333
0 0.642188 0.614583 0.100000 0.133333
0 0.295312 0.785417 0.100000 0.133333
0 0.896875 0.495833 0.100000 0.133333
0 0.804688 0.275000 0.100000 0.133333
0 0.403125 0.464583 0.100000 0.133333
0 0.482812 0.260417 0.100000 0.133333
0 0.493750 0.839583 0.100000 0.133333
0 0.101562 0.735417 0.100000 0.133333
0 0.760938 0.816667 0.100000 0.133333
0 0.421875 0.641667 0.100000 0.133333
0 0.193750 0.581250 0.100000 0.133333
0 0.145313 0.839583 0.100000 0.133333
0 0.143750 0.733333 0.100000 0.133333
0 0.790625 0.260417 0.100000 0.133333
0 0.532813 0.595833 0.100000 0.133333
0 0.321875 0.756250 0.100000 0.133333
0 0.326562 0.787500 0.100000 0.133333
0 0.779687 0.795833 0.100000 0.133333
0 0.879687 0.647917 0.100000 0.133333
0 0.173437 0.720833 0.100000 0.133333
0 0.118750 0.116667 0.100000 0.133333
0 0.598437 0.629167 0.100000 0.133333
0 0.848437 0.872917 0.100000 0.133333
0 0.340625 0.822917 0.100000 0.133333
0 0.748437 0.504167 0.100000 0.133333
0 0.148438 0.264583 0.100000 0.133333
0 0.542188 0.306250 0.100000 0.133333
0 0.818750 0.747917 0.100000 0.133333
0 0.832812 0.718750 0.100000 0.133333
0 0.537500 0.172917 0.100000 0.133333
0 0.696875 0.422917 0.100000 0.133333
0 0.103125 0.743750 0.100000 0.133333
0 0.539062 0.725000 0.100000 0.133333
0 0.240625 0.383333 0.100000 0.133333
0 0.173437 0.385417 0.100000 0.133333
0 0.185938 0.302083 0.100000 0.133333
0 0.884375 0.764583 0.100000 0.133333
0 0.540625 0.537500 0.100000 0.133333
0 0.614062 0.666667 0.100000 0.133333
0 0.129688 0.431250 0.100000 0.133333
0 0.614062 0.108333 0.100000 0.133333
0 0.854688 0.181250 0.100000 0.133333
0 0.476562 0.137500 0.100000 0.133333
0 0.251563 0.683333 0.100000 0.133333
0 0.610938 0.379167 0.100000 0.133333
0 0.239063 0.293750 0.100000 0.133333
0 0.503125 0.831250 0.100000 0.133333
0 0.537500 0.641667 0.100000 0.133333
0 0.689063 0.079167 0.100000 0.133333
0 0.590625 0.789583 0.100000 0.133333
0 0.165625 0.512500 0.100000 0.133333
0 0.134375 0.654167 0.100000 0.133333
0 0.551562 0.339583 0.100000 0.133333
0 0.507812 0.277083 0.100000 0.133333
0 0.468750 0.481250 0.100000 0.133333
0 0.281250 0.593750 0.100000 0.133333
0 0.426563 0.302083 0.100000 0.133333
0 0.621875 0.079167 0.100000 0.133333
0 0.507812 0.139583 0.100000 0.133333
0 0.251563 0.339583 0.100000 0.133333
0 0.551562 0.166667 0.100000 0.133333
0 0.346875 0.372917 0.100000 0.133333
0 0.334375 0.702083 0.100000 0.133333
0 0.756250 0.506250 0.100000 0.133333
0 0.782813 0.775000 0.100000 0.133333
0 0.746875 0.077083 0.100000 0.133333
0 0.229687 0.806250 0.100000 0.133333
0 0.314063 0.643750 0.100000 0.133333
0 0.700000 0.689583 0.100000 0.133333
0 0.798438 0.235417 0.100000 0.133333
0 0.157812 0.547917 0.100000 0.133333
0 0.298438 0.420833 0.100000 0.133333
0 0.759375 0.500000 0.100000 0.133333
0 0.456250 0.487500 0.100000 0.133333
0 0.862500 0.412500 0.100000 0.133333
0 0.654687 0.495833 0.100000 0.133333
0 0.378125 0.431250 0.100000 0.133333
0 0.546875 0.564583 0.100000 0.133333
0 0.107813 0.466667 0.100000 0.133333
0 0.468750 0.779167 0.100000 0.133333
0 0.553125 0.468750 0.100000 0.133333
0 0.665625 0.575000 0.100000 0.133333
0 0.500000 0.616667 0.100000 0.133333
0 0.710938 0.168750 0.100000 0.133333
0 0.848437 0.362500 0.100000 0.133333
0 0.284375 0.343750 0.100000 0.133333
0 0.473438 0.100000 0.100000 0.133333
1 0.312500 0.260417 0.100000 0.133333
1 0.612500 0.241667 0.100000 0.133333
1 0.640625 0.168750 0.100000 0.133333
1 0.484375 0.141667 0.100000 0.133333
1 0.646875 0.685417 0.100000 0.133333
