0 0.328125 0.856250 0.100000 0.133333
0 0.485938 0.131250 0.100000 0.133333
0 0.789062 0.368750 0.100000 0.133333
0 0.223438 0.104167 0.100000 0.133333
0 0.470313 0.362500 0.100000 0.133333
0 0.140625 0.291667 0.100000 0.133333
0 0.248438 0.275000 0.100000 0.133333
0 0.776563 0.208333 0.100000 0.133333
0 0.684375 0.758333 0.100000 0.133333
0 0.809375 0.806250 0.100000 0.133333
0 0.235937 0.143750 0.100000 0.133333
0 0.492188 0.331250 0.100000 0.133333
0 0.298438 0.283333 0.100000 0.133333
0 0.370312 0.647917 0.100000 0.133333
0 0.275000 0.170833 0.100000 0.133333
0 0.250000 0.400000 0.100000 0.133333
0 0.300000 0.693750 0.100000 0.133333
0 0.367188 0.668750 0.100000 0.133333
0 0.315625 0.356250 0.100000 0.133333
0 0.853125 0.762500 0.100000 0.133333
0 0.873437 0.314583 0.100000 0.133333
0 0.715625 0.481250 0.100000 0.133333
0 0.826562 0.275000 0.100000 0.133333
0 0.221875 0.308333 0.100000 0.133333
0 0.826562 0.741667 0.100000 0.133333
0 0.298438 0.589583 0.100000 0.133333
0 0.520312 0.720833 0.100000 0.133333
0 0.559375 0.691667 0.100000 0.133333
0 0.529687 0.583333 0.100000 0.133333
0 0.464062 0.833333 0.100000 0.133333
0 0.125000 0.747917 0.100000 0.133333
0 0.139063 0.456250 0.100000 0.133333
0 0.506250 0.789583 0.100000 0.133333
0 0.403125 0.304167 0.100000 0.133333
0 0.385937 0.175000 0.100000 0.133333
0 0.467187 0.181250 0.100000 0.133333
0 0.443750 0.110417 0.100000 0.133333
0 0.559375 0.466667 0.100000 0.133333
0 0.117188 0.206250 0.100000 0.133333
0 0.851562 0.829167 0.100000 0.133333
0 0.590625 0.229167 0.100000 0.133333
0 0.415625 0.520833 0.100000 0.133333
0 0.762500 0.729167 0.100000 0.133333
0 0.456250 0.450000 0.100000 0.133333
0 0.251563 0.129167 0.100000 0.133333
0 0.126562 0.070833 0.100000 0.133333
0 0.556250 0.695833 0.100000 0.133333
0 0.810937 0.879167 0.100000 0.133333
0 0.368750 0.245833 0.100000 0.133333
0 0.726562 0.241667 0.100000 0.133333
0 0.679688 0.441667 0.100000 0.133333
0 0.590625 0.814583 0.100000 0.133333
0 0.279687 0.777083 0.100000 0.133333
0 0.282813 0.506250 0.100000 0.133333
0 0.320312 0.775000 0.100000 0.133333
0 0.645312 0.387500 0.100000 0.133333
0 0.798438 0.639583 0.100000 0.133333
0 0.292187 0.654167 0.100000 0.133333
0 0.517188 0.795833 0.100000 0.133333
0 0.312500 0.706250 0.100000 0.133333
0 0.248438 0.595833 0.100000 0.133333
0 0.873437 0.710417 0.100000 0.133333
0 0.321875 0.718750 0.100000 0.133333
0 0.479687 0.208333 0.100000 0.133333
0 0.720313 0.772917 0.100000 0.133333
0 0.825000 0.187500 0.100000 0.133333
0 0.796875 0.164583 0.100000 0.133333
0 0.264062 0.668750 0.100000 0.133333
0 0.589063 0.889583 0.100000 0.133333
0 0.682813 0.618750 0.100000 0.133333
0 0.323437 0.741667 0.100000 0.133333
0 0.415625 0.400000 0.100000 0.133333
0 0.807813 0.272917 0.100000 0.133333
0 0.601562 0.143750 0.100000 0.133333
0 0.351562 0.314583 0.100000 0.133333
0 0.379688 0.885417 0.100000 0.133333
0 0.562500 0.335417 0.100000 0.133333
0 0.546875 0.206250 0.100000 0.133333
0 0.612500 0.070833 0.100000 0.133333
0 0.828125 0.745833 0.100000 0.133333
0 0.748437 0.268750 0.100000 0.133333
0 0.310937 0.812500 0.100000 0.133333
0 0.101562 0.183333 0.100000 0.133333
0 0.700000 0.089583 0.100000 0.133333
0 0.507812 0.820833 0.100000 0.133333
0 0.610938 0.262500 0.100000 0.133333
0 0.382812 0.360417 0.100000 0.133333
0 0.350000 0.133333 0.100000 0.133333
0 0.484375 0.716667 0.100000 0.133333
0 0.468750 0.841667 0.100000 0.133333
0 0.234375 0.685417 0.100000 0.133333
0 0.851562 0.650000 0.100000 0.133333
0 0.681250 0.491667 0.100000 0.133333
0 0.517188 0.212500 0.100000 0.133333
0 0.165625 0.539583 0.100000 0.133333
0 0.475000 0.125000 0.100000 0.133333
0 0.256250 0.239583 0.100000 0.133333
0 0.757812 0.481250 0.100000 0.133333
0 0.226562 0.502083 0.100000 0.133333
0 0.437500 0.458333 0.100000 0.133333
0 0.690625 0.802083 0.100000 0.133333
0 0.223438 0.800000 0.100000 0.133333
0 0.601562 0.245833 0.100000 0.133333
0 0.685937 0.097917 0.100000 0.133333
0 0.456250 0.537500 0.100000 0.133333
0 0.370312 0.306250 0.100000 0.133333
0 0.493750 0.679167 0.100000 0.133333
0 0.204687 0.281250 0.100000 0.133333
0 0.281250 0.758333 0.100000 0.133333
0 0.101562 0.493750 0.100000 0.133333
0 0.779687 0.145833 0.100000 0.133333
0 0.690625 0.145833 0.100000 0.133333
0 0.362500 0.766667 0.100000 0.133333
0 0.287500 0.441667 0.100000 0.133333
0 0.240625 0.591667 0.100000 0.133333
0 0.678125 0.497917 0.100000 0.133333
0 0.687500 0.791667 0.100000 0.133333
0 0.503125 0.454167 0.100000 0.133333
0 0.762500 0.852083 0.100000 0.133333
0 0.579688 0.168750 0.100000 0.133333
0 0.762500 0.393750 0.100000 0.133333
0 0.876563 0.758333 0.100000 0.133333
0 0.375000 0.566667 0.100000 0.133333
0 0.526563 0.737500 0.100000 0.133333
0 0.234375 0.820833 0.100000 0.133333
0 0.398438 0.754167 0.100000 0.133333
0 0.617188 0.479167 0.100000 0.133333
0 0.339062 0.735417 0.100000 0.133333
0 0.248438 0.410417 0.100000 0.133333
0 0.606250 0.483333 0.100000 0.133333
0 0.828125 0.102083 0.100000 0.133333
0 0.621875 0.752083 0.100000 0.133333
0 0.220312 0.643750 0.100000 0.133333
0 0.818750 0.541667 0.100000 0.133333
0 0.292187 0.591667 0.100000 0.133333
0 0.262500 0.306250 0.100000 0.133333
0 0.739062 0.252083 0.100000 0.133333
0 0.857812 0.379167 0.100000 0.133333
0 0.848437 0.306250 0.100000 0.133333
0 0.189062 0.385417 0.100000 0.133333
0 0.489063 0.314583 0.100000 0.133333
0 0.506250 0.175000 0.100000 0.133333
0 0.825000 0.691667 0.100000 0.133333
0 0.890625 0.816667 0.100000 0.133333
0 0.865625 0.839583 0.100000 0.133333
0 0.482812 0.677083 0.100000 0.133333
0 0.557813 0.537500 0.100000 0.133333
0 0.429688 0.479167 0.100000 0.133333
0 0.785937 0.441667 0.100000 0.133333
0 0.667188 0.239583 0.100000 0.133333
1 0.085938 0.329167 0.100000 0.133333
1 0.640625 0.162500 0.100000 0.133333
1 0.735938 0.547917 0.100000 0.133333
1 0.943750 0.554167 0.100000 0.133333
1 0.656250 0.477083 0.100000 0.133333
