0 0.271875 0.768750 0.100000 0.133333
0 0.275000 0.266667 0.100000 0.133333
0 0.607812 0.120833 0.100000 0.133333
0 0.373437 0.633333 0.100000 0.133333
0 0.657813 0.508333 0.100000 0.133333
0 0.753125 0.437500 0.100000 0.133333
0 0.321875 0.431250 0.100000 0.133333
0 0.242188 0.185417 0.100000 0.133333
0 0.881250 0.883333 0.100000 0.133333
0 0.584375 0.179167 0.100000 0.133333
0 0.150000 0.525000 0.100000 0.133333
0 0.198437 0.437500 0.100000 0.133333
0 0.832812 0.554167 0.100000 0.133333
0 0.181250 0.843750 0.100000 0.133333
0 0.106250 0.129167 0.100000 0.133333
0 0.756250 0.800000 0.100000 0.133333
0 0.676562 0.208333 0.100000 0.133333
0 0.351562 0.779167 0.100000 0.133333
0 0.781250 0.577083 0.100000 0.133333
0 0.454688 0.360417 0.100000 0.133333
0 0.140625 0.702083 0.100000 0.133333
0 0.231250 0.266667 0.100000 0.133333
0 0.529687 0.231250 0.100000 0.133333
0 0.743750 0.704167 0.100000 0.133333
0 0.240625 0.839583 0.100000 0.133333
0 0.192188 0.606250 0.100000 0.133333
0 0.507812 0.441667 0.100000 0.133333
0 0.868750 0.808333 0.100000 0.133333
0 0.482812 0.172917 0.100000 0.133333
0 0.418750 0.716667 0.100000 0.133333
0 0.840625 0.610417 0.100000 0.133333
0 0.282813 0.525000 0.100000 0.133333
0 0.670312 0.345833 0.100000 0.133333
0 0.404687 0.468750 0.100000 0.133333
0 0.310937 0.456250 0.100000 0.133333
0 0.589063 0.252083 0.100000 0.133333
0 0.484375 0.347917 0.100000 0.133333
0 0.678125 0.460417 0.100000 0.133333
0 0.617188 0.187500 0.100000 0.133333
0 0.404687 0.685417 0.100000 0.133333
0 0.221875 0.795833 0.100000 0.133333
0 0.268750 0.443750 0.100000 0.133333
0 0.182812 0.808333 0.100000 0.133333
0 0.748437 0.120833 0.100000 0.133333
0 0.406250 0.493750 0.100000 0.133333
0 0.326562 0.237500 0.100000 0.133333
0 0.850000 0.606250 0.100000 0.133333
0 0.770312 0.556250 0.100000 0.133333
0 0.701562 0.397917 0.100000 0.133333
0 0.840625 0.704167 0.100000 0.133333
0 0.775000 0.777083 0.100000 0.133333
0 0.339062 0.454167 0.100000 0.133333
0 0.654687 0.395833 0.100000 0.133333
0 0.165625 0.600000 0.100000 0.133333
0 0.829688 0.493750 0.100000 0.133333
0 0.339062 0.264583 0.100000 0.133333
0 0.218750 0.697917 0.100000 0.133333
0 0.428125 0.700000 0.100000 0.133333
0 0.532813 0.829167 0.100000 0.133333
0 0.125000 0.331250 0.100000 0.133333
0 0.253125 0.266667 0.100000 0.133333
0 0.553125 0.439583 0.100000 0.133333
0 0.689063 0.254167 0.100000 0.133333
0 0.781250 0.264583 0.100000 0.133333
0 0.895312 0.572917 0.100000 0.133333
0 0.743750 0.602083 0.100000 0.133333
0 0.385937 0.537500 0.100000 0.133333
0 0.117188 0.810417 0.100000 0.133333
0 0.420312 0.308333 0.100000 0.133333
0 0.142187 0.316667 0.100000 0.133333
0 0.598437 0.208333 0.100000 0.133333
0 0.520312 0.852083 0.100000 0.133333
0 0.787500 0.877083 0.100000 0.133333
0 0.876563 0.833333 0.100000 0.133333
0 0.110937 0.806250 0.100000 0.133333
0 0.235937 0.162500 0.100000 0.133333
0 0.231250 0.391667 0.100000 0.133333
0 0.768750 0.837500 0.100000 0.133333
0 0.762500 0.331250 0.100000 0.133333
0 0.248438 0.120833 0.100000 0.133333
0 0.437500 0.764583 0.100000 0.133333
0 0.673438 0.718750 0.100000 0.133333
0 0.835938 0.814583 0.100000 0.133333
0 0.650000 0.306250 0.100000 0.133333
0 0.250000 0.472917 0.100000 0.133333
0 0.339062 0.231250 0.100000 0.133333
0 0.546875 0.508333 0.100000 0.133333
0 0.517188 0.514583 0.100000 0.133333
0 0.745313 0.345833 0.100000 0.133333
0 0.357812 0.106250 0.100000 0.133333
0 0.475000 0.770833 0.100000 0.133333
0 0.898438 0.577083 0.100000 0.133333
0 0.492188 0.704167 0.100000 0.133333
0 0.775000 0.185417 0.100000 0.133333
0 0.821875 0.595833 0.100000 0.133333
0 0.782813 0.539583 0.100000 0.133333
0 0.800000 0.152083 0.100000 0.133333
0 0.612500 0.781250 0.100000 0.133333
0 0.556250 0.518750 0.100000 0.133333
0 0.179688 0.850000 0.100000 0.133333
0 0.565625 0.241667 0.100000 0.133333
0 0.734375 0.433333 0.100000 0.133333
0 0.176563 0.077083 0.100000 0.133333
0 0.382812 0.837500 0.100000 0.133333
0 0.437500 0.170833 0.100000 0.133333
0 0.167187 0.220833 0.100000 0.133333
0 0.131250 0.177083 0.100000 0.133333
0 0.495312 0.322917 0.100000 0.133333
0 0.482812 0.489583 0.100000 0.133333
0 0.762500 0.583333 0.100000 0.133333
0 0.514062 0.841667 0.100000 0.133333
0 0.601562 0.845833 0.100000 0.133333
0 0.445312 0.093750 0.100000 0.133333
0 0.334375 0.539583 0.100000 0.133333
0 0.854688 0.354167 0.100000 0.133333
0 0.618750 0.281250 0.100000 0.133333
0 0.160938 0.160417 0.100000 0.133333
0 0.176563 0.237500 0.100000 0.133333
0 0.475000 0.385417 0.100000 0.133333
0 0.706250 0.339583 0.100000 0.133333
0 0.428125 0.114583 0.100000 0.133333
0 0.234375 0.541667 0.100000 0.133333
0 0.887500 0.166667 0.100000 0.133333
0 0.839063 0.504167 0.100000 0.133333
0 0.770312 0.293750 0.100000 0.133333
0 0.707812 0.337500 0.100000 0.133333
0 0.542188 0.339583 0.100000 0.133333
0 0.546875 0.622917 0.100000 0.133333
0 0.889062 0.729167 0.100000 0.133333
0 0.387500 0.737500 0.100000 0.133333
0 0.367188 0.552083 0.100000 0.133333
0 0.367188 0.633333 0.100000 0.133333
0 0.843750 0.216667 0.100000 0.133333
0 0.767188 0.570833 0.100000 0.133333
0 0.256250 0.431250 0.100000 0.133333
0 0.221875 0.635417 0.100000 0.133333
0 0.567187 0.768750 0.100000 0.133333
0 0.803125 0.129167 0.100000 0.133333
0 0.112500 0.439583 0.100000 0.133333
0 0.501563 0.620833 0.100000 0.133333
0 0.517188 0.431250 0.100000 0.133333
0 0.150000 0.133333 0.100000 0.133333
0 0.225000 0.522917 0.100000 0.133333
0 0.753125 0.545833 0.100000 0.133333
0 0.879687 0.181250 0.100000 0.133333
0 0.440625 0.260417 0.100000 0.133333
0 0.131250 0.685417 0.100000 0.133333
0 0.560937 0.412500 0.100000 0.133333
0 0.378125 0.350000 0.100000 0.133333
0 0.610938 0.252083 0.100000 0.133333
1 0.342187 0.091667 0.100000 0.133333
1 0.657813 0.364583 0.100000 0.133333
1 0.351562 0.687500 0.100000 0.133333
1 0.306250 0.470833 0.100000 0.133333
1 0.221875 0.762500 0.100000 0.133333
