0 0.776563 0.175000 0.100000 0.133333
0 0.896875 0.179167 0.100000 0.133333
0 0.135937 0.637500 0.100000 0.133333
0 0.621875 0.664583 0.100000 0.133333
0 0.568750 0.847917 0.100000 0.133333
0 0.346875 0.839583 0.100000 0.133333
0 0.231250 0.658333 0.100000 0.133333
0 0.345313 0.314583 0.100000 0.133333
0 0.842187 0.412500 0.100000 0.133333
0 0.289062 0.493750 0.100000 0.133333
0 0.603125 0.279167 0.100000 0.133333
0 0.189062 0.077083 0.100000 0.133333
0 0.273438 0.783333 0.100000 0.133333
0 0.495312 0.777083 0.100000 0.133333
0 0.170313 0.229167 0.100000 0.133333
0 0.681250 0.425000 0.100000 0.133333
0 0.106250 0.881250 0.100000 0.133333
0 0.240625 0.370833 0.100000 0.133333
0 0.143750 0.091667 0.100000 0.133333
0 0.598437 0.514583 0.100000 0.133333
0 0.460938 0.433333 0.100000 0.133333
0 0.593750 0.477083 0.100000 0.133333
0 0.667188 0.181250 0.100000 0.133333
0 0.701562 0.216667 0.100000 0.133333
0 0.445312 0.156250 0.100000 0.133333
0 0.462500 0.795833 0.100000 0.133333
0 0.520312 0.162500 0.100000 0.133333
0 0.507812 0.718750 0.100000 0.133333
0 0.492188 0.739583 0.100000 0.133333
0 0.760938 0.591667 0.100000 0.133333
0 0.434375 0.818750 0.100000 0.133333
0 0.793750 0.147917 0.100000 0.133333
0 0.251563 0.558333 0.100000 0.133333
0 0.804688 0.243750 0.100000 0.133333
0 0.545312 0.070833 0.100000 0.133333
0 0.251563 0.135417 0.100000 0.133333
0 0.212500 0.747917 0.100000 0.133333
0 0.454688 0.533333 0.100000 0.133333
0 0.848437 0.156250 0.100000 0.133333
0 0.648438 0.560417 0.100000 0.133333
0 0.254688 0.295833 0.100000 0.133333
0 0.900000 0.758333 0.100000 0.133333
0 0.635938 0.191667 0.100000 0.133333
0 0.410938 0.164583 0.100000 0.133333
0 0.807813 0.747917 0.100000 0.133333
0 0.587500 0.450000 0.100000 0.133333
0 0.514062 0.366667 0.100000 0.133333
0 0.731250 0.102083 0.100000 0.133333
0 0.490625 0.822917 0.100000 0.133333
0 0.465625 0.081250 0.100000 0.133333
0 0.292187 0.854167 0.100000 0.133333
0 0.689063 0.804167 0.100000 0.133333
0 0.123438 0.489583 0.100000 0.133333
0 0.379688 0.116667 0.100000 0.133333
0 0.770312 0.425000 0.100000 0.133333
0 0.559375 0.443750 0.100000 0.133333
0 0.857812 0.356250 0.100000 0.133333
0 0.775000 0.316667 0.100000 0.133333
0 0.868750 0.470833 0.100000 0.133333
0 0.221875 0.731250 0.100000 0.133333
0 0.251563 0.702083 0.100000 0.133333
0 0.403125 0.525000 0.100000 0.133333
0 0.414062 0.404167 0.100000 0.133333
0 0.587500 0.812500 0.100000 0.133333
0 0.407813 0.083333 0.100000 0.133333
0 0.889062 0.300000 0.100000 0.133333
0 0.879687 0.535417 0.100000 0.133333
0 0.479687 0.691667 0.100000 0.133333
0 0.134375 0.739583 0.100000 0.133333
0 0.700000 0.410417 0.100000 0.133333
0 0.828125 0.479167 0.100000 0.133333
0 0.154688 0.525000 0.100000 0.133333
0 0.251563 0.489583 0.100000 0.133333
0 0.631250 0.408333 0.100000 0.133333
0 0.753125 0.225000 0.100000 0.133333
0 0.423438 0.404167 0.100000 0.133333
0 0.434375 0.147917 0.100000 0.133333
0 0.896875 0.147917 0.100000 0.133333
0 0.865625 0.287500 0.100000 0.133333
0 0.415625 0.485417 0.100000 0.133333
0 0.835938 0.168750 0.100000 0.133333
0 0.873437 0.493750 0.100000 0.133333
0 0.506250 0.575000 0.100000 0.133333
0 0.168750 0.312500 0.100000 0.133333
0 0.815625 0.720833 0.100000 0.133333
0 0.142187 0.322917 0.100000 0.133333
0 0.159375 0.295833 0.100000 0.133333
0 0.781250 0.708333 0.100000 0.133333
0 0.745313 0.262500 0.100000 0.133333
0 0.176563 0.131250 0.100000 0.133333
0 0.185938 0.329167 0.100000 0.133333
0 0.215625 0.391667 0.100000 0.133333
0 0.251563 0.891667 0.100000 0.133333
0 0.514062 0.427083 0.100000 0.133333
0 0.132812 0.650000 0.100000 0.133333
0 0.120313 0.681250 0.100000 0.133333
0 0.373437 0.797917 0.100000 0.133333
0 0.354687 0.868750 0.100000 0.133333
0 0.860938 0.750000 0.100000 0.133333
0 0.118750 0.202083 0.100000 0.133333
0 0.285938 0.543750 0.100000 0.133333
0 0.617188 0.829167 0.100000 0.133333
0 0.362500 0.716667 0.100000 0.133333
0 0.704688 0.347917 0.100000 0.133333
0 0.798438 0.500000 0.100000 0.133333
0 0.179688 0.322917 0.100000 0.133333
0 0.145313 0.477083 0.100000 0.133333
0 0.895312 0.750000 0.100000 0.133333
0 0.550000 0.264583 0.100000 0.133333
0 0.301563 0.343750 0.100000 0.133333
0 0.834375 0.258333 0.100000 0.133333
0 0.464062 0.775000 0.100000 0.133333
0 0.596875 0.777083 0.100000 0.133333
0 0.850000 0.747917 0.100000 0.133333
0 0.581250 0.102083 0.100000 0.133333
0 0.195312 0.535417 0.100000 0.133333
0 0.506250 0.072917 0.100000 0.133333
0 0.303125 0.541667 0.100000 0.133333
0 0.353125 0.164583 0.100000 0.133333
0 0.607812 0.422917 0.100000 0.133333
0 0.382812 0.156250 0.100000 0.133333
0 0.545312 0.393750 0.100000 0.133333
0 0.570312 0.785417 0.100000 0.133333
0 0.665625 0.483333 0.100000 0.133333
0 0.439063 0.479167 0.100000 0.133333
0 0.781250 0.275000 0.100000 0.133333
0 0.745313 0.266667 0.100000 0.133333
0 0.684375 0.445833 0.100000 0.133333
0 0.770312 0.443750 0.100000 0.133333
0 0.221875 0.850000 0.100000 0.133333
0 0.839063 0.300000 0.100000 0.133333
0 0.590625 0.802083 0.100000 0.133333
0 0.651563 0.627083 0.100000 0.133333
0 0.132812 0.162500 0.100000 0.133333
0 0.778125 0.193750 0.100000 0.133333
0 0.229687 0.718750 0.100000 0.133333
0 0.453125 0.841667 0.100000 0.133333
0 0.262500 0.391667 0.100000 0.133333
0 0.514062 0.218750 0.100000 0.133333
0 0.725000 0.585417 0.100000 0.133333
0 0.125000 0.100000 0.100000 0.133333
0 0.515625 0.762500 0.100000 0.133333
0 0.815625 0.529167 0.100000 0.133333
0 0.678125 0.620833 0.100000 0.133333
0 0.793750 0.272917 0.100000 0.133333
0 0.251563 0.085417 0.100000 0.133333
0 0.651563 0.556250 0.100000 0.133333
0 0.710938 0.077083 0.100000 0.133333
0 0.610938 0.452083 0.100000 0.133333
0 0.271875 0.141667 0.100000 0.133333
1 0.193750 0.768750 0.100000 0.133333
1 0.546875 0.904167 0.100000 0.133333
1 0.351562 0.291667 0.100000 0.133333
1 0.531250 0.464583 0.100000 0.133333
1 0.329688 0.068750 0.100000 0.133333
