0 0.378125 0.075000 0.100000 0.133333
0 0.798438 0.462500 0.100000 0.133333
0 0.379688 0.397917 0.100000 0.133333
0 0.384375 0.587500 0.100000 0.133333
0 0.762500 0.266667 0.100000 0.133333
0 0.498437 0.775000 0.100000 0.133333
0 0.704688 0.179167 0.100000 0.133333
0 0.282813 0.318750 0.100000 0.133333
0 0.323437 0.333333 0.100000 0.133333
0 0.240625 0.485417 0.100000 0.133333
0 0.221875 0.677083 0.100000 0.133333
0 0.212500 0.683333 0.100000 0.133333
0 0.490625 0.847917 0.100000 0.133333
0 0.620313 0.356250 0.100000 0.133333
0 0.862500 0.110417 0.100000 0.133333
0 0.787500 0.087500 0.100000 0.133333
0 0.535937 0.452083 0.100000 0.133333
0 0.285938 0.108333 0.100000 0.133333
0 0.754687 0.693750 0.100000 0.133333
0 0.759375 0.837500 0.100000 0.133333
0 0.595313 0.729167 0.100000 0.133333
0 0.840625 0.689583 0.100000 0.133333
0 0.806250 0.702083 0.100000 0.133333
0 0.343750 0.833333 0.100000 0.133333
0 0.892188 0.439583 0.100000 0.133333
0 0.892188 0.514583 0.100000 0.133333
0 0.245312 0.120833 0.100000 0.133333
0 0.228125 0.804167 0.100000 0.133333
0 0.559375 0.116667 0.100000 0.133333
0 0.682813 0.239583 0.100000 0.133333
0 0.195312 0.493750 0.100000 0.133333
0 0.570312 0.779167 0.100000 0.133333
0 0.237500 0.133333 0.100000 0.133333
0 0.648438 0.320833 0.100000 0.133333
0 0.775000 0.112500 0.100000 0.133333
0 0.396875 0.260417 0.100000 0.133333
0 0.568750 0.206250 0.100000 0.133333
0 0.493750 0.885417 0.100000 0.133333
0 0.851562 0.345833 0.100000 0.133333
0 0.490625 0.750000 0.100000 0.133333
0 0.531250 0.383333 0.100000 0.133333
0 0.139063 0.154167 0.100000 0.133333
0 0.593750 0.658333 0.100000 0.133333
0 0.676562 0.287500 0.100000 0.133333
0 0.550000 0.281250 0.100000 0.133333
0 0.478125 0.766667 0.100000 0.133333
0 0.315625 0.320833 0.100000 0.133333
0 0.768750 0.839583 0.100000 0.133333
0 0.742188 0.245833 0.100000 0.133333
0 0.696875 0.083333 0.100000 0.133333
0 0.803125 0.410417 0.100000 0.133333
0 0.171875 0.235417 0.100000 0.133333
0 0.160938 0.841667 0.100000 0.133333
0 0.665625 0.575000 0.100000 0.133333
0 0.617188 0.666667 0.100000 0.133333
0 0.756250 0.710417 0.100000 0.133333
0 0.592187 0.243750 0.100000 0.133333
0 0.123438 0.179167 0.100000 0.133333
0 0.800000 0.293750 0.100000 0.133333
0 0.160938 0.858333 0.100000 0.133333
0 0.845313 0.352083 0.100000 0.133333
0 0.431250 0.600000 0.100000 0.133333
0 0.526563 0.189583 0.100000 0.133333
0 0.312500 0.468750 0.100000 0.133333
0 0.231250 0.641667 0.100000 0.133333
0 0.498437 0.179167 0.100000 0.133333
0 0.365625 0.854167 0.100000 0.133333
0 0.496875 0.587500 0.100000 0.133333
0 0.304688 0.450000 0.100000 0.133333
0 0.739062 0.820833 0.100000 0.133333
0 0.584375 0.504167 0.100000 0.133333
0 0.709375 0.670833 0.100000 0.133333
0 0.506250 0.720833 0.100000 0.133333
0 0.690625 0.760417 0.100000 0.133333
0 0.564063 0.654167 0.100000 0.133333
0 0.359375 0.577083 0.100000 0.133333
0 0.476562 0.412500 0.100000 0.133333
0 0.848437 0.354167 0.100000 0.133333
0 0.779687 0.277083 0.100000 0.133333
0 0.314063 0.247917 0.100000 0.133333
0 0.815625 0.537500 0.100000 0.133333
0 0.467187 0.454167 0.100000 0.133333
0 0.860938 0.672917 0.100000 0.133333
0 0.640625 0.077083 0.100000 0.133333
0 0.796875 0.668750 0.100000 0.133333
0 0.162500 0.806250 0.100000 0.133333
0 0.282813 0.216667 0.100000 0.133333
0 0.671875 0.133333 0.100000 0.133333
0 0.676562 0.231250 0.100000 0.133333
0 0.334375 0.831250 0.100000 0.133333
0 0.300000 0.762500 0.100000 0.133333
0 0.131250 0.402083 0.100000 0.133333
0 0.753125 0.147917 0.100000 0.133333
0 0.114062 0.702083 0.100000 0.133333
0 0.546875 0.339583 0.100000 0.133333
0 0.593750 0.431250 0.100000 0.133333
0 0.798438 0.589583 0.100000 0.133333
0 0.257812 0.183333 0.100000 0.133333
0 0.464062 0.133333 0.100000 0.133333
0 0.873437 0.387500 0.100000 0.133333
0 0.715625 0.600000 0.100000 0.133333
0 0.298438 0.270833 0.100000 0.133333
0 0.278125 0.593750 0.100000 0.133333
0 0.618750 0.704167 0.100000 0.133333
0 0.523438 0.170833 0.100000 0.133333
0 0.760938 0.454167 0.100000 0.133333
0 0.775000 0.358333 0.100000 0.133333
0 0.145313 0.650000 0.100000 0.133333
0 0.451562 0.614583 0.100000 0.133333
0 0.712500 0.610417 0.100000 0.133333
0 0.210938 0.306250 0.100000 0.133333
0 0.487500 0.150000 0.100000 0.133333
0 0.900000 0.252083 0.100000 0.133333
0 0.518750 0.768750 0.100000 0.133333
0 0.229687 0.720833 0.100000 0.133333
0 0.559375 0.791667 0.100000 0.133333
0 0.560937 0.410417 0.100000 0.133333
0 0.156250 0.752083 0.100000 0.133333
0 0.700000 0.581250 0.100000 0.133333
0 0.851562 0.695833 0.100000 0.133333
0 0.815625 0.400000 0.100000 0.133333
0 0.734375 0.737500 0.100000 0.133333
0 0.187500 0.827083 0.100000 0.133333
0 0.109375 0.343750 0.100000 0.133333
0 0.504687 0.081250 0.100000 0.133333
0 0.654687 0.270833 0.100000 0.133333
0 0.756250 0.666667 0.100000 0.133333
0 0.543750 0.150000 0.100000 0.133333
0 0.448437 0.495833 0.100000 0.133333
0 0.139063 0.762500 0.100000 0.133333
0 0.301563 0.679167 0.100000 0.133333
0 0.104688 0.843750 0.100000 0.133333
0 0.476562 0.583333 0.100000 0.133333
0 0.453125 0.466667 0.100000 0.133333
0 0.337500 0.181250 0.100000 0.133333
0 0.848437 0.472917 0.100000 0.133333
0 0.600000 0.770833 0.100000 0.133333
0 0.600000 0.339583 0.100000 0.133333
0 0.807813 0.833333 0.100000 0.133333
0 0.300000 0.460417 0.100000 0.133333
0 0.332813 0.575000 0.100000 0.133333
0 0.629687 0.858333 0.100000 0.133333
0 0.810937 0.870833 0.100000 0.133333
0 0.437500 0.195833 0.100000 0.133333
0 0.584375 0.618750 0.100000 0.133333
0 0.218750 0.125000 0.100000 0.133333
0 0.706250 0.385417 0.100000 0.133333
0 0.620313 0.758333 0.100000 0.133333
0 0.304688 0.350000 0.100000 0.133333
0 0.457813 0.872917 0.100000 0.133333
1 0.432812 0.331250 0.100000 0.133333
1 0.895312 0.906250 0.100000 0.133333
1 0.712500 0.827083 0.100000 0.133333
1 0.220312 0.110417 0.100000 0.133333
1 0.640625 0.314583 0.100000 0.133333
