0 0.400000 0.529167 0.100000 0.133333
0 0.678125 0.189583 0.100000 0.133333
0 0.831250 0.162500 0.100000 0.133333
0 0.821875 0.681250 0.100000 0.133333
0 0.284375 0.191667 0.100000 0.133333
0 0.879687 0.235417 0.100000 0.133333
0 0.660937 0.260417 0.100000 0.133333
0 0.235937 0.691667 0.100000 0.133333
0 0.359375 0.718750 0.100000 0.133333
0 0.123438 0.118750 0.100000 0.133333
0 0.842187 0.612500 0.100000 0.133333
0 0.120313 0.304167 0.100000 0.133333
0 0.103125 0.089583 0.100000 0.133333
0 0.153125 0.835417 0.100000 0.133333
0 0.450000 0.710417 0.100000 0.133333
0 0.217188 0.608333 0.100000 0.133333
0 0.775000 0.295833 0.100000 0.133333
0 0.665625 0.656250 0.100000 0.133333
0 0.256250 0.691667 0.100000 0.133333
0 0.171875 0.212500 0.100000 0.133333
0 0.476562 0.370833 0.100000 0.133333
0 0.650000 0.514583 0.100000 0.133333
0 0.212500 0.714583 0.100000 0.133333
0 0.514062 0.681250 0.100000 0.133333
0 0.329688 0.568750 0.100000 0.133333
0 0.810937 0.139583 0.100000 0.133333
0 0.179688 0.820833 0.100000 0.133333
0 0.392188 0.706250 0.100000 0.133333
0 0.753125 0.110417 0.100000 0.133333
0 0.703125 0.168750 0.100000 0.133333
0 0.784375 0.722917 0.100000 0.133333
0 0.279687 0.852083 0.100000 0.133333
0 0.292187 0.727083 0.100000 0.133333
0 0.357812 0.116667 0.100000 0.133333
0 0.645312 0.829167 0.100000 0.133333
0 0.696875 0.491667 0.100000 0.133333
0 0.765625 0.806250 0.100000 0.133333
0 0.514062 0.581250 0.100000 0.133333
0 0.725000 0.235417 0.100000 0.133333
0 0.821875 0.764583 0.100000 0.133333
0 0.512500 0.131250 0.100000 0.133333
0 0.753125 0.310417 0.100000 0.133333
0 0.735938 0.497917 0.100000 0.133333
0 0.470313 0.187500 0.100000 0.133333
0 0.464062 0.293750 0.100000 0.133333
0 0.190625 0.100000 0.100000 0.133333
0 0.510938 0.258333 0.100000 0.133333
0 0.584375 0.570833 0.100000 0.133333
0 0.864062 0.341667 0.100000 0.133333
0 0.140625 0.827083 0.100000 0.133333
0 0.229687 0.791667 0.100000 0.133333
0 0.317188 0.502083 0.100000 0.133333
0 0.746875 0.850000 0.100000 0.133333
0 0.285938 0.829167 0.100000 0.133333
0 0.454688 0.770833 0.100000 0.133333
0 0.801562 0.881250 0.100000 0.133333
0 0.446875 0.764583 0.100000 0.133333
0 0.595313 0.593750 0.100000 0.133333
0 0.660937 0.254167 0.100000 0.133333
0 0.806250 0.077083 0.100000 0.133333
0 0.685937 0.206250 0.100000 0.133333
0 0.290625 0.466667 0.100000 0.133333
0 0.432812 0.429167 0.100000 0.133333
0 0.514062 0.758333 0.100000 0.133333
0 0.770312 0.291667 0.100000 0.133333
0 0.543750 0.481250 0.100000 0.133333
0 0.495312 0.779167 0.100000 0.133333
0 0.175000 0.435417 0.100000 0.133333
0 0.171875 0.229167 0.100000 0.133333
0 0.650000 0.702083 0.100000 0.133333
0 0.125000 0.816667 0.100000 0.133333
0 0.178125 0.604167 0.100000 0.133333
0 0.596875 0.850000 0.100000 0.133333
0 0.279687 0.437500 0.100000 0.133333
0 0.767188 0.877083 0.100000 0.133333
0 0.267188 0.633333 0.100000 0.133333
0 0.670312 0.643750 0.100000 0.133333
0 0.506250 0.695833 0.100000 0.133333
0 0.401562 0.706250 0.100000 0.133333
0 0.553125 0.345833 0.100000 0.133333
0 0.529687 0.568750 0.100000 0.133333
0 0.421875 0.879167 0.100000 0.133333
0 0.225000 0.260417 0.100000 0.133333
0 0.195312 0.143750 0.100000 0.133333
0 0.821875 0.137500 0.100000 0.133333
0 0.625000 0.410417 0.100000 0.133333
0 0.879687 0.735417 0.100000 0.133333
0 0.228125 0.339583 0.100000 0.133333
0 0.742188 0.852083 0.100000 0.133333
0 0.850000 0.241667 0.100000 0.133333
0 0.814063 0.672917 0.100000 0.133333
0 0.534375 0.868750 0.100000 0.133333
0 0.346875 0.516667 0.100000 0.133333
0 0.464062 0.831250 0.100000 0.133333
0 0.512500 0.289583 0.100000 0.133333
0 0.267188 0.475000 0.100000 0.133333
0 0.332813 0.822917 0.100000 0.133333
0 0.531250 0.352083 0.100000 0.133333
0 0.687500 0.139583 0.100000 0.133333
0 0.709375 0.866667 0.100000 0.133333
0 0.190625 0.625000 0.100000 0.133333
0 0.898438 0.381250 0.100000 0.133333
0 0.268750 0.247917 0.100000 0.133333
0 0.659375 0.552083 0.100000 0.133333
0 0.617188 0.212500 0.100000 0.133333
0 0.621875 0.345833 0.100000 0.133333
0 0.203125 0.366667 0.100000 0.133333
0 0.437500 0.350000 0.100000 0.133333
0 0.159375 0.120833 0.100000 0.133333
0 0.754687 0.406250 0.100000 0.133333
0 0.723437 0.162500 0.100000 0.133333
0 0.614062 0.168750 0.100000 0.133333
0 0.507812 0.262500 0.100000 0.133333
0 0.476562 0.327083 0.100000 0.133333
0 0.881250 0.641667 0.100000 0.133333
0 0.523438 0.100000 0.100000 0.133333
0 0.240625 0.195833 0.100000 0.133333
0 0.654687 0.272917 0.100000 0.133333
0 0.628125 0.854167 0.100000 0.133333
0 0.315625 0.337500 0.100000 0.133333
0 0.578125 0.341667 0.100000 0.133333
0 0.646875 0.210417 0.100000 0.133333
0 0.492188 0.341667 0.100000 0.133333
0 0.850000 0.652083 0.100000 0.133333
0 0.262500 0.247917 0.100000 0.133333
0 0.404687 0.250000 0.100000 0.133333
0 0.209375 0.270833 0.100000 0.133333
0 0.715625 0.545833 0.100000 0.133333
0 0.331250 0.814583 0.100000 0.133333
0 0.242188 0.675000 0.100000 0.133333
0 0.723437 0.343750 0.100000 0.133333
0 0.350000 0.270833 0.100000 0.133333
0 0.807813 0.266667 0.100000 0.133333
0 0.603125 0.283333 0.100000 0.133333
0 0.257812 0.552083 0.100000 0.133333
0 0.482812 0.164583 0.100000 0.133333
0 0.553125 0.687500 0.100000 0.133333
0 0.609375 0.500000 0.100000 0.133333
0 0.285938 0.777083 0.100000 0.133333
0 0.709375 0.716667 0.100000 0.133333
0 0.581250 0.554167 0.100000 0.133333
0 0.760938 0.316667 0.100000 0.133333
0 0.881250 0.377083 0.100000 0.133333
0 0.832812 0.325000 0.100000 0.133333
0 0.784375 0.531250 0.100000 0.133333
0 0.443750 0.766667 0.100000 0.133333
0 0.728125 0.272917 0.100000 0.133333
0 0.257812 0.870833 0.100000 0.133333
0 0.206250 0.402083 0.100000 0.133333
0 0.529687 0.395833 0.100000 0.133333
1 0.325000 0.220833 0.100000 0.133333
1 0.332813 0.454167 0.100000 0.133333
1 0.828125 0.175000 0.100000 0.133333
1 0.204687 0.760417 0.100000 0.133333
1 0.196875 0.120833 0.100000 0.133333
