0 0.240625 0.270833 0.100000 0.133333
0 0.275000 0.606250 0.100000 0.133333
0 0.235937 0.450000 0.100000 0.133333
0 0.840625 0.433333 0.100000 0.133333
0 0.125000 0.700000 0.100000 0.133333
0 0.178125 0.635417 0.100000 0.133333
0 0.537500 0.831250 0.100000 0.133333
0 0.609375 0.708333 0.100000 0.133333
0 0.517188 0.606250 0.100000 0.133333
0 0.835938 0.472917 0.100000 0.133333
0 0.712500 0.297917 0.100000 0.133333
0 0.542188 0.152083 0.100000 0.133333
0 0.175000 0.191667 0.100000 0.133333
0 0.639062 0.672917 0.100000 0.133333
0 0.889062 0.595833 0.100000 0.133333
0 0.582812 0.583333 0.100000 0.133333
0 0.689063 0.133333 0.100000 0.133333
0 0.503125 0.493750 0.100000 0.133333
0 0.229687 0.533333 0.100000 0.133333
0 0.570312 0.779167 0.100000 0.133333
0 0.371875 0.639583 0.100000 0.133333
0 0.165625 0.331250 0.100000 0.133333
0 0.887500 0.200000 0.100000 0.133333
0 0.889062 0.741667 0.100000 0.133333
0 0.662500 0.833333 0.100000 0.133333
0 0.598437 0.264583 0.100000 0.133333
0 0.814063 0.354167 0.100000 0.133333
0 0.839063 0.725000 0.100000 0.133333
0 0.875000 0.852083 0.100000 0.133333
0 0.707812 0.541667 0.100000 0.133333
0 0.684375 0.147917 0.100000 0.133333
0 0.639062 0.495833 0.100000 0.133333
0 0.350000 0.804167 0.100000 0.133333
0 0.759375 0.460417 0.100000 0.133333
0 0.740625 0.887500 0.100000 0.133333
0 0.282813 0.610417 0.100000 0.133333
0 0.296875 0.272917 0.100000 0.133333
0 0.482812 0.647917 0.100000 0.133333
0 0.746875 0.093750 0.100000 0.133333
0 0.173437 0.579167 0.100000 0.133333
0 0.743750 0.158333 0.100000 0.133333
0 0.754687 0.847917 0.100000 0.133333
0 0.487500 0.241667 0.100000 0.133333
0 0.782813 0.443750 0.100000 0.133333
0 0.225000 0.864583 0.100000 0.133333
0 0.671875 0.635417 0.100000 0.133333
0 0.148438 0.591667 0.100000 0.133333
0 0.645312 0.097917 0.100000 0.133333
0 0.548438 0.179167 0.100000 0.133333
0 0.606250 0.243750 0.100000 0.133333
0 0.803125 0.412500 0.100000 0.133333
0 0.570312 0.258333 0.100000 0.133333
0 0.317188 0.352083 0.100000 0.133333
0 0.575000 0.872917 0.100000 0.133333
0 0.640625 0.754167 0.100000 0.133333
0 0.176563 0.506250 0.100000 0.133333
0 0.465625 0.522917 0.100000 0.133333
0 0.565625 0.820833 0.100000 0.133333
0 0.681250 0.243750 0.100000 0.133333
0 0.820312 0.479167 0.100000 0.133333
0 0.289062 0.833333 0.100000 0.133333
0 0.829688 0.829167 0.100000 0.133333
0 0.200000 0.804167 0.100000 0.133333
0 0.137500 0.866667 0.100000 0.133333
0 0.290625 0.647917 0.100000 0.133333
0 0.576562 0.850000 0.100000 0.133333
0 0.660937 0.822917 0.100000 0.133333
0 0.223438 0.310417 0.100000 0.133333
0 0.839063 0.887500 0.100000 0.133333
0 0.685937 0.702083 0.100000 0.133333
0 0.240625 0.229167 0.100000 0.133333
0 0.142187 0.077083 0.100000 0.133333
0 0.256250 0.106250 0.100000 0.133333
0 0.171875 0.758333 0.100000 0.133333
0 0.182812 0.756250 0.100000 0.133333
0 0.456250 0.722917 0.100000 0.133333
0 0.128125 0.562500 0.100000 0.133333
0 0.101562 0.093750 0.100000 0.133333
0 0.481250 0.654167 0.100000 0.133333
0 0.285938 0.181250 0.100000 0.133333
0 0.285938 0.252083 0.100000 0.133333
0 0.685937 0.160417 0.100000 0.133333
0 0.729688 0.410417 0.100000 0.133333
0 0.178125 0.681250 0.100000 0.133333
0 0.893750 0.475000 0.100000 0.133333
0 0.565625 0.658333 0.100000 0.133333
0 0.885938 0.639583 0.100000 0.133333
0 0.114062 0.191667 0.100000 0.133333
0 0.325000 0.712500 0.100000 0.133333
0 0.654687 0.518750 0.100000 0.133333
0 0.859375 0.743750 0.100000 0.133333
0 0.895312 0.862500 0.100000 0.133333
0 0.226562 0.675000 0.100000 0.133333
0 0.468750 0.183333 0.100000 0.133333
0 0.371875 0.789583 0.100000 0.133333
0 0.632812 0.433333 0.100000 0.133333
0 0.160938 0.270833 0.100000 0.133333
0 0.409375 0.756250 0.100000 0.133333
0 0.370312 0.883333 0.100000 0.133333
0 0.657813 0.337500 0.100000 0.133333
0 0.692187 0.310417 0.100000 0.133333
0 0.581250 0.418750 0.100000 0.133333
0 0.528125 0.425000 0.100000 0.133333
0 0.690625 0.818750 0.100000 0.133333
0 0.450000 0.402083 0.100000 0.133333
0 0.500000 0.845833 0.100000 0.133333
0 0.853125 0.668750 0.100000 0.133333
0 0.637500 0.789583 0.100000 0.133333
0 0.689063 0.681250 0.100000 0.133333
0 0.843750 0.391667 0.100000 0.133333
0 0.790625 0.218750 0.100000 0.133333
0 0.490625 0.758333 0.100000 0.133333
0 0.545312 0.183333 0.100000 0.133333
0 0.670312 0.141667 0.100000 0.133333
0 0.198437 0.387500 0.100000 0.133333
0 0.831250 0.362500 0.100000 0.133333
0 0.642188 0.741667 0.100000 0.133333
0 0.207813 0.250000 0.100000 0.133333
0 0.535937 0.320833 0.100000 0.133333
0 0.376563 0.404167 0.100000 0.133333
0 0.504687 0.777083 0.100000 0.133333
0 0.315625 0.512500 0.100000 0.133333
0 0.189062 0.683333 0.100000 0.133333
0 0.312500 0.670833 0.100000 0.133333
0 0.764062 0.808333 0.100000 0.133333
0 0.342187 0.764583 0.100000 0.133333
0 0.221875 0.708333 0.100000 0.133333
0 0.431250 0.118750 0.100000 0.133333
0 0.321875 0.668750 0.100000 0.133333
0 0.101562 0.760417 0.100000 0.133333
0 0.279687 0.229167 0.100000 0.133333
0 0.773438 0.762500 0.100000 0.133333
0 0.720313 0.112500 0.100000 0.133333
0 0.634375 0.485417 0.100000 0.133333
0 0.767188 0.860417 0.100000 0.133333
0 0.803125 0.512500 0.100000 0.133333
0 0.198437 0.289583 0.100000 0.133333
0 0.142187 0.891667 0.100000 0.133333
0 0.693750 0.562500 0.100000 0.133333
0 0.760938 0.545833 0.100000 0.133333
0 0.193750 0.891667 0.100000 0.133333
0 0.896875 0.214583 0.100000 0.133333
0 0.390625 0.860417 0.100000 0.133333
0 0.179688 0.493750 0.100000 0.133333
0 0.751563 0.243750 0.100000 0.133333
0 0.840625 0.739583 0.100000 0.133333
0 0.246875 0.427083 0.100000 0.133333
0 0.417187 0.175000 0.100000 0.133333
0 0.673438 0.312500 0.100000 0.133333
0 0.765625 0.625000 0.100000 0.133333
1 0.850000 0.564583 0.100000 0.133333
1 0.503125 0.381250 0.100000 0.133333
1 0.814063 0.910417 0.100000 0.133333
1 0.882812 0.183333 0.100000 0.133333
1 0.065625 0.320833 0.100000 0.133333
