0 0.284375 0.129167 0.100000 0.133333
0 0.817187 0.100000 0.100000 0.133333
0 0.314063 0.327083 0.100000 0.133333
0 0.379688 0.725000 0.100000 0.133333
0 0.590625 0.156250 0.100000 0.133333
0 0.160938 0.452083 0.100000 0.133333
0 0.725000 0.316667 0.100000 0.133333
0 0.598437 0.687500 0.100000 0.133333
0 0.814063 0.183333 0.100000 0.133333
0 0.729688 0.327083 0.100000 0.133333
0 0.554688 0.306250 0.100000 0.133333
0 0.590625 0.583333 0.100000 0.133333
0 0.718750 0.733333 0.100000 0.133333
0 0.635938 0.183333 0.100000 0.133333
0 0.550000 0.891667 0.100000 0.133333
0 0.871875 0.754167 0.100000 0.133333
0 0.520312 0.685417 0.100000 0.133333
0 0.407813 0.635417 0.100000 0.133333
0 0.650000 0.850000 0.100000 0.133333
0 0.825000 0.887500 0.100000 0.133333
0 0.860938 0.739583 0.100000 0.133333
0 0.857812 0.812500 0.100000 0.133333
0 0.251563 0.681250 0.100000 0.133333
0 0.598437 0.800000 0.100000 0.133333
0 0.585938 0.175000 0.100000 0.133333
0 0.642188 0.283333 0.100000 0.133333
0 0.678125 0.695833 0.100000 0.133333
0 0.103125 0.772917 0.100000 0.133333
0 0.295312 0.331250 0.100000 0.133333
0 0.487500 0.810417 0.100000 0.133333
0 0.698438 0.458333 0.100000 0.133333
0 0.753125 0.718750 0.100000 0.133333
0 0.676562 0.160417 0.100000 0.133333
0 0.500000 0.883333 0.100000 0.133333
0 0.750000 0.116667 0.100000 0.133333
0 0.428125 0.720833 0.100000 0.133333
0 0.103125 0.212500 0.100000 0.133333
0 0.529687 0.114583 0.100000 0.133333
0 0.492188 0.079167 0.100000 0.133333
0 0.615625 0.629167 0.100000 0.133333
0 0.867188 0.266667 0.100000 0.133333
0 0.317188 0.635417 0.100000 0.133333
0 0.276562 0.810417 0.100000 0.133333
0 0.614062 0.279167 0.100000 0.133333
0 0.629687 0.870833 0.100000 0.133333
0 0.667188 0.627083 0.100000 0.133333
0 0.631250 0.835417 0.100000 0.133333
0 0.540625 0.731250 0.100000 0.133333
0 0.659375 0.616667 0.100000 0.133333
0 0.893750 0.414583 0.100000 0.133333
0 0.278125 0.822917 0.100000 0.133333
0 0.653125 0.427083 0.100000 0.133333
0 0.735938 0.350000 0.100000 0.133333
0 0.882812 0.418750 0.100000 0.133333
0 0.876563 0.681250 0.100000 0.133333
0 0.337500 0.335417 0.100000 0.133333
0 0.159375 0.885417 0.100000 0.133333
0 0.639062 0.866667 0.100000 0.133333
0 0.743750 0.160417 0.100000 0.133333
0 0.534375 0.460417 0.100000 0.133333
0 0.814063 0.222917 0.100000 0.133333
0 0.629687 0.241667 0.100000 0.133333
0 0.384375 0.760417 0.100000 0.133333
0 0.529687 0.268750 0.100000 0.133333
0 0.557813 0.250000 0.100000 0.133333
0 0.239063 0.214583 0.100000 0.133333
0 0.771875 0.489583 0.100000 0.133333
0 0.642188 0.779167 0.100000 0.133333
0 0.387500 0.097917 0.100000 0.133333
0 0.396875 0.106250 0.100000 0.133333
0 0.595313 0.304167 0.100000 0.133333
0 0.787500 0.079167 0.100000 0.133333
0 0.692187 0.091667 0.100000 0.133333
0 0.573438 0.808333 0.100000 0.133333
0 0.315625 0.356250 0.100000 0.133333
0 0.790625 0.491667 0.100000 0.133333
0 0.640625 0.641667 0.100000 0.133333
0 0.473438 0.175000 0.100000 0.133333
0 0.423438 0.218750 0.100000 0.133333
0 0.250000 0.404167 0.100000 0.133333
0 0.371875 0.235417 0.100000 0.133333
0 0.679688 0.397917 0.100000 0.133333
0 0.845313 0.260417 0.100000 0.133333
0 0.373437 0.414583 0.100000 0.133333
0 0.789062 0.750000 0.100000 0.133333
0 0.339062 0.635417 0.100000 0.133333
0 0.387500 0.181250 0.100000 0.133333
0 0.529687 0.672917 0.100000 0.133333
0 0.868750 0.510417 0.100000 0.133333
0 0.806250 0.570833 0.100000 0.133333
0 0.854688 0.510417 0.100000 0.133333
0 0.534375 0.466667 0.100000 0.133333
0 0.754687 0.514583 0.100000 0.133333
0 0.103125 0.856250 0.100000 0.133333
0 0.825000 0.141667 0.100000 0.133333
0 0.276562 0.345833 0.100000 0.133333
0 0.815625 0.545833 0.100000 0.133333
0 0.785937 0.772917 0.100000 0.133333
0 0.631250 0.316667 0.100000 0.133333
0 0.504687 0.452083 0.100000 0.133333
0 0.326562 0.352083 0.100000 0.133333
0 0.676562 0.431250 0.100000 0.133333
0 0.287500 0.816667 0.100000 0.133333
0 0.743750 0.606250 0.100000 0.133333
0 0.709375 0.735417 0.100000 0.133333
0 0.637500 0.402083 0.100000 0.133333
0 0.846875 0.075000 0.100000 0.133333
0 0.132812 0.383333 0.100000 0.133333
0 0.598437 0.077083 0.100000 0.133333
0 0.698438 0.685417 0.100000 0.133333
0 0.157812 0.564583 0.100000 0.133333
0 0.723437 0.118750 0.100000 0.133333
0 0.732812 0.808333 0.100000 0.133333
0 0.687500 0.839583 0.100000 0.133333
0 0.685937 0.579167 0.100000 0.133333
0 0.487500 0.393750 0.100000 0.133333
0 0.123438 0.841667 0.100000 0.133333
0 0.154688 0.193750 0.100000 0.133333
0 0.529687 0.768750 0.100000 0.133333
0 0.404687 0.627083 0.100000 0.133333
0 0.103125 0.504167 0.100000 0.133333
0 0.215625 0.341667 0.100000 0.133333
0 0.245312 0.445833 0.100000 0.133333
0 0.114062 0.325000 0.100000 0.133333
0 0.834375 0.379167 0.100000 0.133333
0 0.504687 0.497917 0.100000 0.133333
0 0.273438 0.110417 0.100000 0.133333
0 0.173437 0.779167 0.100000 0.133333
0 0.542188 0.887500 0.100000 0.133333
0 0.720313 0.733333 0.100000 0.133333
0 0.326562 0.622917 0.100000 0.133333
0 0.870313 0.597917 0.100000 0.133333
0 0.348438 0.652083 0.100000 0.133333
0 0.746875 0.827083 0.100000 0.133333
0 0.812500 0.845833 0.100000 0.133333
0 0.440625 0.881250 0.100000 0.133333
0 0.768750 0.308333 0.100000 0.133333
0 0.198437 0.837500 0.100000 0.133333
0 0.187500 0.425000 0.100000 0.133333
0 0.760938 0.547917 0.100000 0.133333
0 0.653125 0.304167 0.100000 0.133333
0 0.362500 0.872917 0.100000 0.133333
0 0.201563 0.602083 0.100000 0.133333
0 0.510938 0.147917 0.100000 0.133333
0 0.550000 0.570833 0.100000 0.133333
0 0.385937 0.745833 0.100000 0.133333
0 0.546875 0.287500 0.100000 0.133333
0 0.385937 0.520833 0.100000 0.133333
0 0.220312 0.685417 0.100000 0.133333
0 0.529687 0.658333 0.100000 0.133333
1 0.679688 0.345833 0.100000 0.133333
1 0.523438 0.579167 0.100000 0.133333
1 0.123438 0.804167 0.100000 0.133333
1 0.145313 0.768750 0.100000 0.133333
1 0.495312 0.558333 0.100000 0.133333
