0 0.753125 0.306250 0.100000 0.133333
0 0.706250 0.156250 0.100000 0.133333
0 0.523438 0.781250 0.100000 0.133333
0 0.220312 0.252083 0.100000 0.133333
0 0.882812 0.556250 0.100000 0.133333
0 0.454688 0.225000 0.100000 0.133333
0 0.868750 0.508333 0.100000 0.133333
0 0.407813 0.331250 0.100000 0.133333
0 0.825000 0.091667 0.100000 0.133333
0 0.612500 0.175000 0.100000 0.133333
0 0.801562 0.120833 0.100000 0.133333
0 0.293750 0.339583 0.100000 0.133333
0 0.465625 0.347917 0.100000 0.133333
0 0.103125 0.135417 0.100000 0.133333
0 0.395313 0.277083 0.100000 0.133333
0 0.575000 0.256250 0.100000 0.133333
0 0.245312 0.212500 0.100000 0.133333
0 0.425000 0.568750 0.100000 0.133333
0 0.285938 0.858333 0.100000 0.133333
0 0.173437 0.737500 0.100000 0.133333
0 0.557813 0.881250 0.100000 0.133333
0 0.859375 0.166667 0.100000 0.133333
0 0.492188 0.289583 0.100000 0.133333
0 0.340625 0.652083 0.100000 0.133333
0 0.315625 0.714583 0.100000 0.133333
0 0.421875 0.385417 0.100000 0.133333
0 0.425000 0.372917 0.100000 0.133333
0 0.875000 0.425000 0.100000 0.133333
0 0.495312 0.506250 0.100000 0.133333
0 0.125000 0.231250 0.100000 0.133333
0 0.478125 0.470833 0.100000 0.133333
0 0.362500 0.639583 0.100000 0.133333
0 0.184375 0.754167 0.100000 0.133333
0 0.468750 0.716667 0.100000 0.133333
0 0.795312 0.212500 0.100000 0.133333
0 0.609375 0.166667 0.100000 0.133333
0 0.337500 0.541667 0.100000 0.133333
0 0.179688 0.508333 0.100000 0.133333
0 0.865625 0.356250 0.100000 0.133333
0 0.764062 0.614583 0.100000 0.133333
0 0.614062 0.545833 0.100000 0.133333
0 0.451562 0.445833 0.100000 0.133333
0 0.234375 0.429167 0.100000 0.133333
0 0.853125 0.697917 0.100000 0.133333
0 0.629687 0.525000 0.100000 0.133333
0 0.165625 0.479167 0.100000 0.133333
0 0.201563 0.589583 0.100000 0.133333
0 0.495312 0.610417 0.100000 0.133333
0 0.393750 0.250000 0.100000 0.133333
0 0.193750 0.533333 0.100000 0.133333
0 0.439063 0.347917 0.100000 0.133333
0 0.646875 0.500000 0.100000 0.133333
0 0.773438 0.195833 0.100000 0.133333
0 0.206250 0.162500 0.100000 0.133333
0 0.476562 0.310417 0.100000 0.133333
0 0.470313 0.558333 0.100000 0.133333
0 0.146875 0.572917 0.100000 0.133333
0 0.885938 0.458333 0.100000 0.133333
0 0.414062 0.764583 0.100000 0.133333
0 0.340625 0.397917 0.100000 0.133333
0 0.637500 0.854167 0.100000 0.133333
0 0.101562 0.677083 0.100000 0.133333
0 0.293750 0.379167 0.100000 0.133333
0 0.678125 0.318750 0.100000 0.133333
0 0.339062 0.560417 0.100000 0.133333
0 0.146875 0.497917 0.100000 0.133333
0 0.235937 0.825000 0.100000 0.133333
0 0.640625 0.129167 0.100000 0.133333
0 0.353125 0.470833 0.100000 0.133333
0 0.640625 0.345833 0.100000 0.133333
0 0.832812 0.731250 0.100000 0.133333
0 0.553125 0.387500 0.100000 0.133333
0 0.689063 0.258333 0.100000 0.133333
0 0.700000 0.395833 0.100000 0.133333
0 0.617188 0.218750 0.100000 0.133333
0 0.115625 0.395833 0.100000 0.133333
0 0.823438 0.675000 0.100000 0.133333
0 0.234375 0.810417 0.100000 0.133333
0 0.300000 0.858333 0.100000 0.133333
0 0.332813 0.391667 0.100000 0.133333
0 0.596875 0.435417 0.100000 0.133333
0 0.267188 0.439583 0.100000 0.133333
0 0.664062 0.606250 0.100000 0.133333
0 0.564063 0.779167 0.100000 0.133333
0 0.817187 0.837500 0.100000 0.133333
0 0.389062 0.562500 0.100000 0.133333
0 0.898438 0.837500 0.100000 0.133333
0 0.545312 0.366667 0.100000 0.133333
0 0.159375 0.329167 0.100000 0.133333
0 0.753125 0.639583 0.100000 0.133333
0 0.548438 0.400000 0.100000 0.133333
0 0.400000 0.237500 0.100000 0.133333
0 0.329688 0.477083 0.100000 0.133333
0 0.579688 0.308333 0.100000 0.133333
0 0.326562 0.070833 0.100000 0.133333
0 0.614062 0.883333 0.100000 0.133333
0 0.131250 0.806250 0.100000 0.133333
0 0.826562 0.139583 0.100000 0.133333
0 0.267188 0.793750 0.100000 0.133333
0 0.589063 0.168750 0.100000 0.133333
0 0.318750 0.806250 0.100000 0.133333
0 0.851562 0.487500 0.100000 0.133333
0 0.829688 0.643750 0.100000 0.133333
0 0.626563 0.120833 0.100000 0.133333
0 0.171875 0.635417 0.100000 0.133333
0 0.781250 0.881250 0.100000 0.133333
0 0.889062 0.760417 0.100000 0.133333
0 0.500000 0.241667 0.100000 0.133333
0 0.175000 0.385417 0.100000 0.133333
0 0.482812 0.725000 0.100000 0.133333
0 0.506250 0.291667 0.100000 0.133333
0 0.210938 0.658333 0.100000 0.133333
0 0.164062 0.618750 0.100000 0.133333
0 0.390625 0.664583 0.100000 0.133333
0 0.718750 0.633333 0.100000 0.133333
0 0.110937 0.785417 0.100000 0.133333
0 0.873437 0.235417 0.100000 0.133333
0 0.475000 0.543750 0.100000 0.133333
0 0.406250 0.218750 0.100000 0.133333
0 0.306250 0.200000 0.100000 0.133333
0 0.357812 0.714583 0.100000 0.133333
0 0.515625 0.197917 0.100000 0.133333
0 0.575000 0.458333 0.100000 0.133333
0 0.776563 0.168750 0.100000 0.133333
0 0.539062 0.104167 0.100000 0.133333
0 0.809375 0.347917 0.100000 0.133333
0 0.414062 0.735417 0.100000 0.133333
0 0.814063 0.785417 0.100000 0.133333
0 0.840625 0.889583 0.100000 0.133333
0 0.112500 0.697917 0.100000 0.133333
0 0.775000 0.535417 0.100000 0.133333
0 0.718750 0.322917 0.100000 0.133333
0 0.668750 0.595833 0.100000 0.133333
0 0.815625 0.689583 0.100000 0.133333
0 0.793750 0.422917 0.100000 0.133333
0 0.173437 0.510417 0.100000 0.133333
0 0.867188 0.404167 0.100000 0.133333
0 0.751563 0.339583 0.100000 0.133333
0 0.657813 0.756250 0.100000 0.133333
0 0.559375 0.483333 0.100000 0.133333
0 0.257812 0.381250 0.100000 0.133333
0 0.871875 0.485417 0.100000 0.133333
0 0.589063 0.729167 0.100000 0.133333
0 0.412500 0.683333 0.100000 0.133333
0 0.789062 0.585417 0.100000 0.133333
0 0.265625 0.439583 0.100000 0.133333
0 0.642188 0.120833 0.100000 0.133333
0 0.550000 0.695833 0.100000 0.133333
0 0.635938 0.756250 0.100000 0.133333
0 0.732812 0.787500 0.100000 0.133333
1 0.928125 0.795833 0.100000 0.133333
1 0.226562 0.462500 0.100000 0.133333
1 0.559375 0.833333 0.100000 0.133333
1 0.710938 0.227083 0.100000 0.133333
1 0.075000 0.581250 0.100000 0.133333
