0 0.717187 0.666667 0.100000 0.133333
0 0.510938 0.329167 0.100000 0.133333
0 0.839063 0.120833 0.100000 0.133333
0 0.406250 0.785417 0.100000 0.133333
0 0.332813 0.737500 0.100000 0.133333
0 0.900000 0.520833 0.100000 0.133333
0 0.787500 0.233333 0.100000 0.133333
0 0.315625 0.093750 0.100000 0.133333
0 0.678125 0.489583 0.100000 0.133333
0 0.279687 0.454167 0.100000 0.133333
0 0.876563 0.858333 0.100000 0.133333
0 0.704688 0.681250 0.100000 0.133333
0 0.248438 0.593750 0.100000 0.133333
0 0.504687 0.218750 0.100000 0.133333
0 0.606250 0.743750 0.100000 0.133333
0 0.828125 0.754167 0.100000 0.133333
0 0.382812 0.525000 0.100000 0.133333
0 0.246875 0.535417 0.100000 0.133333
0 0.448437 0.597917 0.100000 0.133333
0 0.490625 0.756250 0.100000 0.133333
0 0.209375 0.502083 0.100000 0.133333
0 0.300000 0.877083 0.100000 0.133333
0 0.860938 0.875000 0.100000 0.133333
0 0.228125 0.725000 0.100000 0.133333
0 0.640625 0.425000 0.100000 0.133333
0 0.896875 0.075000 0.100000 0.133333
0 0.657813 0.777083 0.100000 0.133333
0 0.206250 0.820833 0.100000 0.133333
0 0.745313 0.685417 0.100000 0.133333
0 0.520312 0.783333 0.100000 0.133333
0 0.396875 0.420833 0.100000 0.133333
0 0.773438 0.520833 0.100000 0.133333
0 0.268750 0.702083 0.100000 0.133333
0 0.695312 0.337500 0.100000 0.133333
0 0.860938 0.302083 0.100000 0.133333
0 0.389062 0.318750 0.100000 0.133333
0 0.251563 0.791667 0.100000 0.133333
0 0.850000 0.679167 0.100000 0.133333
0 0.465625 0.847917 0.100000 0.133333
0 0.565625 0.468750 0.100000 0.133333
0 0.618750 0.404167 0.100000 0.133333
0 0.759375 0.560417 0.100000 0.133333
0 0.670312 0.810417 0.100000 0.133333
0 0.842187 0.650000 0.100000 0.133333
0 0.831250 0.487500 0.100000 0.133333
0 0.303125 0.352083 0.100000 0.133333
0 0.135937 0.270833 0.100000 0.133333
0 0.756250 0.162500 0.100000 0.133333
0 0.678125 0.270833 0.100000 0.133333
0 0.265625 0.481250 0.100000 0.133333
0 0.490625 0.210417 0.100000 0.133333
0 0.229687 0.793750 0.100000 0.133333
0 0.898438 0.502083 0.100000 0.133333
0 0.623437 0.795833 0.100000 0.133333
0 0.114062 0.491667 0.100000 0.133333
0 0.278125 0.810417 0.100000 0.133333
0 0.400000 0.627083 0.100000 0.133333
0 0.489063 0.297917 0.100000 0.133333
0 0.864062 0.802083 0.100000 0.133333
0 0.821875 0.235417 0.100000 0.133333
0 0.637500 0.104167 0.100000 0.133333
0 0.264062 0.868750 0.100000 0.133333
0 0.295312 0.400000 0.100000 0.133333
0 0.117188 0.397917 0.100000 0.133333
0 0.312500 0.422917 0.100000 0.133333
0 0.743750 0.616667 0.100000 0.133333
0 0.543750 0.479167 0.100000 0.133333
0 0.590625 0.733333 0.100000 0.133333
0 0.898438 0.537500 0.100000 0.133333
0 0.245312 0.720833 0.100000 0.133333
0 0.442188 0.668750 0.100000 0.133333
0 0.175000 0.150000 0.100000 0.133333
0 0.593750 0.075000 0.100000 0.133333
0 0.260937 0.135417 0.100000 0.133333
0 0.490625 0.587500 0.100000 0.133333
0 0.490625 0.564583 0.100000 0.133333
0 0.492188 0.777083 0.100000 0.133333
0 0.829688 0.570833 0.100000 0.133333
0 0.332813 0.716667 0.100000 0.133333
0 0.512500 0.672917 0.100000 0.133333
0 0.296875 0.145833 0.100000 0.133333
0 0.620313 0.804167 0.100000 0.133333
0 0.562500 0.089583 0.100000 0.133333
0 0.879687 0.797917 0.100000 0.133333
0 0.692187 0.529167 0.100000 0.133333
0 0.646875 0.691667 0.100000 0.133333
0 0.445312 0.254167 0.100000 0.133333
0 0.493750 0.506250 0.100000 0.133333
0 0.670312 0.325000 0.100000 0.133333
0 0.815625 0.352083 0.100000 0.133333
0 0.550000 0.585417 0.100000 0.133333
0 0.325000 0.739583 0.100000 0.133333
0 0.825000 0.791667 0.100000 0.133333
0 0.354687 0.643750 0.100000 0.133333
0 0.396875 0.195833 0.100000 0.133333
0 0.518750 0.287500 0.100000 0.133333
0 0.710938 0.352083 0.100000 0.133333
0 0.250000 0.212500 0.100000 0.133333
0 0.232813 0.527083 0.100000 0.133333
0 0.192188 0.631250 0.100000 0.133333
0 0.318750 0.210417 0.100000 0.133333
0 0.512500 0.389583 0.100000 0.133333
0 0.178125 0.664583 0.100000 0.133333
0 0.648438 0.204167 0.100000 0.133333
0 0.515625 0.531250 0.100000 0.133333
0 0.834375 0.820833 0.100000 0.133333
0 0.631250 0.731250 0.100000 0.133333
0 0.225000 0.181250 0.100000 0.133333
0 0.125000 0.572917 0.100000 0.133333
0 0.856250 0.208333 0.100000 0.133333
0 0.867188 0.541667 0.100000 0.133333
0 0.479687 0.277083 0.100000 0.133333
0 0.620313 0.739583 0.100000 0.133333
0 0.687500 0.250000 0.100000 0.133333
0 0.675000 0.868750 0.100000 0.133333
0 0.721875 0.743750 0.100000 0.133333
0 0.832812 0.145833 0.100000 0.133333
0 0.304688 0.450000 0.100000 0.133333
0 0.379688 0.202083 0.100000 0.133333
0 0.707812 0.100000 0.100000 0.133333
0 0.473438 0.504167 0.100000 0.133333
0 0.260937 0.350000 0.100000 0.133333
0 0.790625 0.877083 0.100000 0.133333
0 0.735938 0.485417 0.100000 0.133333
0 0.168750 0.152083 0.100000 0.133333
0 0.587500 0.256250 0.100000 0.133333
0 0.685937 0.370833 0.100000 0.133333
0 0.503125 0.145833 0.100000 0.133333
0 0.767188 0.860417 0.100000 0.133333
0 0.725000 0.504167 0.100000 0.133333
0 0.590625 0.281250 0.100000 0.133333
0 0.107813 0.645833 0.100000 0.133333
0 0.671875 0.333333 0.100000 0.133333
0 0.768750 0.572917 0.100000 0.133333
0 0.292187 0.881250 0.100000 0.133333
0 0.126562 0.877083 0.100000 0.133333
0 0.359375 0.518750 0.100000 0.133333
0 0.796875 0.533333 0.100000 0.133333
0 0.706250 0.250000 0.100000 0.133333
0 0.579688 0.085417 0.100000 0.133333
0 0.575000 0.179167 0.100000 0.133333
0 0.434375 0.250000 0.100000 0.133333
0 0.857812 0.233333 0.100000 0.133333
0 0.173437 0.881250 0.100000 0.133333
0 0.157812 0.791667 0.100000 0.133333
0 0.510938 0.772917 0.100000 0.133333
0 0.239063 0.741667 0.100000 0.133333
0 0.465625 0.870833 0.100000 0.133333
0 0.368750 0.577083 0.100000 0.133333
0 0.450000 0.850000 0.100000 0.133333
1 0.162500 0.387500 0.100000 0.133333
1 0.789062 0.227083 0.100000 0.133333
1 0.232813 0.239583 0.100000 0.133333
1 0.501563 0.181250 0.100000 0.133333
1 0.625000 0.477083 0.100000 0.133333
