0 0.265625 0.558333 0.100000 0.133333
0 0.804688 0.750000 0.100000 0.133333
0 0.485938 0.395833 0.100000 0.133333
0 0.585938 0.379167 0.100000 0.133333
0 0.718750 0.187500 0.100000 0.133333
0 0.682813 0.358333 0.100000 0.133333
0 0.460938 0.872917 0.100000 0.133333
0 0.275000 0.291667 0.100000 0.133333
0 0.282813 0.385417 0.100000 0.133333
0 0.726562 0.566667 0.100000 0.133333
0 0.765625 0.760417 0.100000 0.133333
0 0.142187 0.847917 0.100000 0.133333
0 0.271875 0.406250 0.100000 0.133333
0 0.329688 0.822917 0.100000 0.133333
0 0.320312 0.352083 0.100000 0.133333
0 0.201563 0.341667 0.100000 0.133333
0 0.401562 0.087500 0.100000 0.133333
0 0.846875 0.168750 0.100000 0.133333
0 0.239063 0.675000 0.100000 0.133333
0 0.471875 0.487500 0.100000 0.133333
0 0.351562 0.831250 0.100000 0.133333
0 0.609375 0.633333 0.100000 0.133333
0 0.556250 0.466667 0.100000 0.133333
0 0.210938 0.472917 0.100000 0.133333
0 0.526563 0.085417 0.100000 0.133333
0 0.876563 0.508333 0.100000 0.133333
0 0.221875 0.191667 0.100000 0.133333
0 0.148438 0.733333 0.100000 0.133333
0 0.215625 0.443750 0.100000 0.133333
0 0.229687 0.329167 0.100000 0.133333
0 0.839063 0.620833 0.100000 0.133333
0 0.420312 0.193750 0.100000 0.133333
0 0.564063 0.372917 0.100000 0.133333
0 0.453125 0.516667 0.100000 0.133333
0 0.225000 0.845833 0.100000 0.133333
0 0.182812 0.456250 0.100000 0.133333
0 0.865625 0.622917 0.100000 0.133333
0 0.139063 0.685417 0.100000 0.133333
0 0.360938 0.779167 0.100000 0.133333
0 0.237500 0.258333 0.100000 0.133333
0 0.832812 0.400000 0.100000 0.133333
0 0.268750 0.633333 0.100000 0.133333
0 0.229687 0.468750 0.100000 0.133333
0 0.193750 0.622917 0.100000 0.133333
0 0.145313 0.412500 0.100000 0.133333
0 0.782813 0.620833 0.100000 0.133333
0 0.518750 0.331250 0.100000 0.133333
0 0.267188 0.270833 0.100000 0.133333
0 0.507812 0.225000 0.100000 0.133333
0 0.478125 0.341667 0.100000 0.133333
0 0.767188 0.341667 0.100000 0.133333
0 0.106250 0.747917 0.100000 0.133333
0 0.826562 0.500000 0.100000 0.133333
0 0.489063 0.587500 0.100000 0.133333
0 0.156250 0.389583 0.100000 0.133333
0 0.184375 0.727083 0.100000 0.133333
0 0.504687 0.083333 0.100000 0.133333
0 0.368750 0.641667 0.100000 0.133333
0 0.378125 0.643750 0.100000 0.133333
0 0.304688 0.397917 0.100000 0.133333
0 0.232813 0.116667 0.100000 0.133333
0 0.229687 0.858333 0.100000 0.133333
0 0.254688 0.168750 0.100000 0.133333
0 0.637500 0.112500 0.100000 0.133333
0 0.881250 0.683333 0.100000 0.133333
0 0.442188 0.458333 0.100000 0.133333
0 0.845313 0.264583 0.100000 0.133333
0 0.601562 0.820833 0.100000 0.133333
0 0.556250 0.704167 0.100000 0.133333
0 0.407813 0.427083 0.100000 0.133333
0 0.495312 0.779167 0.100000 0.133333
0 0.112500 0.506250 0.100000 0.133333
0 0.620313 0.391667 0.100000 0.133333
0 0.395313 0.083333 0.100000 0.133333
0 0.153125 0.779167 0.100000 0.133333
0 0.515625 0.222917 0.100000 0.133333
0 0.559375 0.289583 0.100000 0.133333
0 0.220312 0.260417 0.100000 0.133333
0 0.317188 0.308333 0.100000 0.133333
0 0.859375 0.850000 0.100000 0.133333
0 0.768750 0.579167 0.100000 0.133333
0 0.482812 0.487500 0.100000 0.133333
0 0.570312 0.570833 0.100000 0.133333
0 0.712500 0.783333 0.100000 0.133333
0 0.162500 0.585417 0.100000 0.133333
0 0.760938 0.445833 0.100000 0.133333
0 0.360938 0.110417 0.100000 0.133333
0 0.429688 0.758333 0.100000 0.133333
0 0.451562 0.241667 0.100000 0.133333
0 0.246875 0.489583 0.100000 0.133333
0 0.301563 0.347917 0.100000 0.133333
0 0.703125 0.360417 0.100000 0.133333
0 0.398438 0.262500 0.100000 0.133333
0 0.423438 0.187500 0.100000 0.133333
0 0.189062 0.827083 0.100000 0.133333
0 0.259375 0.827083 0.100000 0.133333
0 0.604688 0.268750 0.100000 0.133333
0 0.235937 0.714583 0.100000 0.133333
0 0.401562 0.883333 0.100000 0.133333
0 0.107813 0.112500 0.100000 0.133333
0 0.617188 0.127083 0.100000 0.133333
0 0.831250 0.566667 0.100000 0.133333
0 0.485938 0.429167 0.100000 0.133333
0 0.867188 0.850000 0.100000 0.133333
0 0.604688 0.320833 0.100000 0.133333
0 0.610938 0.825000 0.100000 0.133333
0 0.675000 0.820833 0.100000 0.133333
0 0.628125 0.787500 0.100000 0.133333
0 0.153125 0.568750 0.100000 0.133333
0 0.193750 0.600000 0.100000 0.133333
0 0.690625 0.806250 0.100000 0.133333
0 0.268750 0.352083 0.100000 0.133333
0 0.285938 0.641667 0.100000 0.133333
0 0.400000 0.512500 0.100000 0.133333
0 0.239063 0.833333 0.100000 0.133333
0 0.604688 0.529167 0.100000 0.133333
0 0.273438 0.764583 0.100000 0.133333
0 0.714063 0.395833 0.100000 0.133333
0 0.140625 0.387500 0.100000 0.133333
0 0.548438 0.602083 0.100000 0.133333
0 0.832812 0.427083 0.100000 0.133333
0 0.481250 0.341667 0.100000 0.133333
0 0.879687 0.662500 0.100000 0.133333
0 0.460938 0.104167 0.100000 0.133333
0 0.604688 0.181250 0.100000 0.133333
0 0.525000 0.710417 0.100000 0.133333
0 0.418750 0.383333 0.100000 0.133333
0 0.353125 0.279167 0.100000 0.133333
0 0.453125 0.239583 0.100000 0.133333
0 0.256250 0.558333 0.100000 0.133333
0 0.120313 0.739583 0.100000 0.133333
0 0.654687 0.385417 0.100000 0.133333
0 0.835938 0.500000 0.100000 0.133333
0 0.796875 0.150000 0.100000 0.133333
0 0.339062 0.572917 0.100000 0.133333
0 0.710938 0.883333 0.100000 0.133333
0 0.671875 0.270833 0.100000 0.133333
0 0.643750 0.708333 0.100000 0.133333
0 0.415625 0.812500 0.100000 0.133333
0 0.867188 0.600000 0.100000 0.133333
0 0.128125 0.222917 0.100000 0.133333
0 0.842187 0.883333 0.100000 0.133333
0 0.106250 0.764583 0.100000 0.133333
0 0.735938 0.245833 0.100000 0.133333
0 0.446875 0.472917 0.100000 0.133333
0 0.392188 0.852083 0.100000 0.133333
0 0.746875 0.606250 0.100000 0.133333
0 0.864062 0.795833 0.100000 0.133333
0 0.645312 0.247917 0.100000 0.133333
0 0.643750 0.489583 0.100000 0.133333
1 0.639062 0.650000 0.100000 0.133333
1 0.151562 0.079167 0.100000 0.133333
1 0.621875 0.489583 0.100000 0.133333
1 0.293750 0.433333 0.100000 0.133333
1 0.420312 0.104167 0.100000 0.133333
