0 0.632812 0.245833 0.100000 0.133333
0 0.456250 0.216667 0.100000 0.133333
0 0.414062 0.329167 0.100000 0.133333
0 0.304688 0.754167 0.100000 0.133333
0 0.762500 0.072917 0.100000 0.133333
0 0.751563 0.418750 0.100000 0.133333
0 0.312500 0.245833 0.100000 0.133333
0 0.825000 0.339583 0.100000 0.133333
0 0.818750 0.264583 0.100000 0.133333
0 0.396875 0.393750 0.100000 0.133333
0 0.248438 0.533333 0.100000 0.133333
0 0.446875 0.439583 0.100000 0.133333
0 0.467187 0.581250 0.100000 0.133333
0 0.867188 0.583333 0.100000 0.133333
0 0.176563 0.385417 0.100000 0.133333
0 0.868750 0.520833 0.100000 0.133333
0 0.445312 0.179167 0.100000 0.133333
0 0.210938 0.587500 0.100000 0.133333
0 0.526563 0.637500 0.100000 0.133333
0 0.289062 0.172917 0.100000 0.133333
0 0.215625 0.118750 0.100000 0.133333
0 0.171875 0.172917 0.100000 0.133333
0 0.814063 0.420833 0.100000 0.133333
0 0.479687 0.800000 0.100000 0.133333
0 0.245312 0.068750 0.100000 0.133333
0 0.617188 0.764583 0.100000 0.133333
0 0.735938 0.564583 0.100000 0.133333
0 0.195312 0.593750 0.100000 0.133333
0 0.240625 0.689583 0.100000 0.133333
0 0.859375 0.681250 0.100000 0.133333
0 0.795312 0.162500 0.100000 0.133333
0 0.873437 0.277083 0.100000 0.133333
0 0.500000 0.322917 0.100000 0.133333
0 0.871875 0.341667 0.100000 0.133333
0 0.335938 0.629167 0.100000 0.133333
0 0.678125 0.343750 0.100000 0.133333
0 0.523438 0.806250 0.100000 0.133333
0 0.168750 0.329167 0.100000 0.133333
0 0.712500 0.660417 0.100000 0.133333
0 0.779687 0.512500 0.100000 0.133333
0 0.514062 0.156250 0.100000 0.133333
0 0.160938 0.618750 0.100000 0.133333
0 0.370312 0.806250 0.100000 0.133333
0 0.885938 0.495833 0.100000 0.133333
0 0.121875 0.300000 0.100000 0.133333
0 0.112500 0.427083 0.100000 0.133333
0 0.109375 0.191667 0.100000 0.133333
0 0.210938 0.510417 0.100000 0.133333
0 0.893750 0.070833 0.100000 0.133333
0 0.182812 0.435417 0.100000 0.133333
0 0.465625 0.102083 0.100000 0.133333
0 0.528125 0.758333 0.100000 0.133333
0 0.170313 0.260417 0.100000 0.133333
0 0.831250 0.487500 0.100000 0.133333
0 0.629687 0.368750 0.100000 0.133333
0 0.810937 0.447917 0.100000 0.133333
0 0.859375 0.789583 0.100000 0.133333
0 0.267188 0.187500 0.100000 0.133333
0 0.790625 0.620833 0.100000 0.133333
0 0.848437 0.495833 0.100000 0.133333
0 0.812500 0.306250 0.100000 0.133333
0 0.665625 0.791667 0.100000 0.133333
0 0.115625 0.587500 0.100000 0.133333
0 0.107813 0.483333 0.100000 0.133333
0 0.696875 0.602083 0.100000 0.133333
0 0.418750 0.722917 0.100000 0.133333
0 0.185938 0.841667 0.100000 0.133333
0 0.140625 0.364583 0.100000 0.133333
0 0.845313 0.579167 0.100000 0.133333
0 0.218750 0.143750 0.100000 0.133333
0 0.796875 0.508333 0.100000 0.133333
0 0.159375 0.572917 0.100000 0.133333
0 0.773438 0.741667 0.100000 0.133333
0 0.595313 0.402083 0.100000 0.133333
0 0.328125 0.547917 0.100000 0.133333
0 0.348438 0.295833 0.100000 0.133333
0 0.403125 0.766667 0.100000 0.133333
0 0.182812 0.385417 0.100000 0.133333
0 0.285938 0.220833 0.100000 0.133333
0 0.403125 0.620833 0.100000 0.133333
0 0.654687 0.762500 0.100000 0.133333
0 0.615625 0.472917 0.100000 0.133333
0 0.301563 0.152083 0.100000 0.133333
0 0.256250 0.212500 0.100000 0.133333
0 0.598437 0.564583 0.100000 0.133333
0 0.900000 0.129167 0.100000 0.133333
0 0.600000 0.718750 0.100000 0.133333
0 0.110937 0.854167 0.100000 0.133333
0 0.196875 0.514583 0.100000 0.133333
0 0.892188 0.568750 0.100000 0.133333
0 0.898438 0.520833 0.100000 0.133333
0 0.671875 0.766667 0.100000 0.133333
0 0.685937 0.422917 0.100000 0.133333
0 0.896875 0.825000 0.100000 0.133333
0 0.242188 0.858333 0.100000 0.133333
0 0.123438 0.831250 0.100000 0.133333
0 0.454688 0.162500 0.100000 0.133333
0 0.859375 0.777083 0.100000 0.133333
0 0.212500 0.718750 0.100000 0.133333
0 0.760938 0.106250 0.100000 0.133333
0 0.159375 0.839583 0.100000 0.133333
0 0.326562 0.231250 0.100000 0.133333
0 0.565625 0.629167 0.100000 0.133333
0 0.467187 0.629167 0.100000 0.133333
0 0.400000 0.645833 0.100000 0.133333
0 0.318750 0.239583 0.100000 0.133333
0 0.259375 0.089583 0.100000 0.133333
0 0.489063 0.537500 0.100000 0.133333
0 0.825000 0.710417 0.100000 0.133333
0 0.296875 0.072917 0.100000 0.133333
0 0.610938 0.522917 0.100000 0.133333
0 0.192188 0.779167 0.100000 0.133333
0 0.495312 0.125000 0.100000 0.133333
0 0.806250 0.231250 0.100000 0.133333
0 0.867188 0.181250 0.100000 0.133333
0 0.506250 0.552083 0.100000 0.133333
0 0.471875 0.241667 0.100000 0.133333
0 0.434375 0.079167 0.100000 0.133333
0 0.617188 0.629167 0.100000 0.133333
0 0.164062 0.472917 0.100000 0.133333
0 0.176563 0.306250 0.100000 0.133333
0 0.212500 0.535417 0.100000 0.133333
0 0.307812 0.500000 0.100000 0.133333
0 0.267188 0.077083 0.100000 0.133333
0 0.185938 0.491667 0.100000 0.133333
0 0.125000 0.370833 0.100000 0.133333
0 0.264062 0.129167 0.100000 0.133333
0 0.784375 0.247917 0.100000 0.133333
0 0.473438 0.766667 0.100000 0.133333
0 0.181250 0.789583 0.100000 0.133333
0 0.165625 0.120833 0.100000 0.133333
0 0.121875 0.535417 0.100000 0.133333
0 0.420312 0.195833 0.100000 0.133333
0 0.154688 0.381250 0.100000 0.133333
0 0.573438 0.272917 0.100000 0.133333
0 0.809375 0.718750 0.100000 0.133333
0 0.851562 0.583333 0.100000 0.133333
0 0.584375 0.125000 0.100000 0.133333
0 0.173437 0.220833 0.100000 0.133333
0 0.271875 0.489583 0.100000 0.133333
0 0.226562 0.733333 0.100000 0.133333
0 0.267188 0.764583 0.100000 0.133333
0 0.581250 0.572917 0.100000 0.133333
0 0.321875 0.085417 0.100000 0.133333
0 0.371875 0.318750 0.100000 0.133333
0 0.714063 0.683333 0.100000 0.133333
0 0.217188 0.354167 0.100000 0.133333
0 0.492188 0.668750 0.100000 0.133333
0 0.862500 0.197917 0.100000 0.133333
0 0.440625 0.681250 0.100000 0.133333
1 0.329688 0.731250 0.100000 0.133333
1 0.500000 0.347917 0.100000 0.133333
1 0.884375 0.664583 0.100000 0.133333
1 0.643750 0.435417 0.100000 0.133333
1 0.125000 0.908333 0.100000 0.133333
