0 0.317188 0.760417 0.100000 0.133333
0 0.796875 0.350000 0.100000 0.133333
0 0.101562 0.485417 0.100000 0.133333
0 0.328125 0.245833 0.100000 0.133333
0 0.142187 0.777083 0.100000 0.133333
0 0.185938 0.412500 0.100000 0.133333
0 0.203125 0.702083 0.100000 0.133333
0 0.510938 0.729167 0.100000 0.133333
0 0.784375 0.331250 0.100000 0.133333
0 0.570312 0.827083 0.100000 0.133333
0 0.560937 0.670833 0.100000 0.133333
0 0.264062 0.202083 0.100000 0.133333
0 0.207813 0.397917 0.100000 0.133333
0 0.637500 0.252083 0.100000 0.133333
0 0.392188 0.772917 0.100000 0.133333
0 0.534375 0.179167 0.100000 0.133333
0 0.895312 0.577083 0.100000 0.133333
0 0.325000 0.202083 0.100000 0.133333
0 0.209375 0.768750 0.100000 0.133333
0 0.454688 0.266667 0.100000 0.133333
0 0.765625 0.135417 0.100000 0.133333
0 0.412500 0.510417 0.100000 0.133333
0 0.835938 0.708333 0.100000 0.133333
0 0.428125 0.641667 0.100000 0.133333
0 0.453125 0.131250 0.100000 0.133333
0 0.882812 0.143750 0.100000 0.133333
0 0.535937 0.816667 0.100000 0.133333
0 0.832812 0.156250 0.100000 0.133333
0 0.604688 0.218750 0.100000 0.133333
0 0.537500 0.739583 0.100000 0.133333
0 0.125000 0.764583 0.100000 0.133333
0 0.254688 0.270833 0.100000 0.133333
0 0.490625 0.158333 0.100000 0.133333
0 0.560937 0.768750 0.100000 0.133333
0 0.710938 0.716667 0.100000 0.133333
0 0.284375 0.456250 0.100000 0.133333
0 0.895312 0.735417 0.100000 0.133333
0 0.228125 0.650000 0.100000 0.133333
0 0.790625 0.497917 0.100000 0.133333
0 0.396875 0.475000 0.100000 0.133333
0 0.895312 0.777083 0.100000 0.133333
0 0.218750 0.518750 0.100000 0.133333
0 0.751563 0.139583 0.100000 0.133333
0 0.656250 0.654167 0.100000 0.133333
0 0.621875 0.837500 0.100000 0.133333
0 0.893750 0.702083 0.100000 0.133333
0 0.482812 0.820833 0.100000 0.133333
0 0.834375 0.070833 0.100000 0.133333
0 0.332813 0.818750 0.100000 0.133333
0 0.228125 0.235417 0.100000 0.133333
0 0.860938 0.495833 0.100000 0.133333
0 0.310937 0.670833 0.100000 0.133333
0 0.712500 0.583333 0.100000 0.133333
0 0.785937 0.575000 0.100000 0.133333
0 0.834375 0.739583 0.100000 0.133333
0 0.151562 0.527083 0.100000 0.133333
0 0.685937 0.652083 0.100000 0.133333
0 0.739062 0.795833 0.100000 0.133333
0 0.543750 0.814583 0.100000 0.133333
0 0.520312 0.656250 0.100000 0.133333
0 0.220312 0.872917 0.100000 0.133333
0 0.332813 0.825000 0.100000 0.133333
0 0.601562 0.489583 0.100000 0.133333
0 0.375000 0.729167 0.100000 0.133333
0 0.400000 0.581250 0.100000 0.133333
0 0.156250 0.391667 0.100000 0.133333
0 0.659375 0.497917 0.100000 0.133333
0 0.635938 0.150000 0.100000 0.133333
0 0.884375 0.625000 0.100000 0.133333
0 0.356250 0.547917 0.100000 0.133333
0 0.235937 0.158333 0.100000 0.133333
0 0.487500 0.512500 0.100000 0.133333
0 0.790625 0.593750 0.100000 0.133333
0 0.679688 0.481250 0.100000 0.133333
0 0.471875 0.704167 0.100000 0.133333
0 0.407813 0.289583 0.100000 0.133333
0 0.200000 0.518750 0.100000 0.133333
0 0.556250 0.285417 0.100000 0.133333
0 0.540625 0.595833 0.100000 0.133333
0 0.487500 0.158333 0.100000 0.133333
0 0.228125 0.604167 0.100000 0.133333
0 0.468750 0.462500 0.100000 0.133333
0 0.251563 0.606250 0.100000 0.133333
0 0.584375 0.291667 0.100000 0.133333
0 0.234375 0.220833 0.100000 0.133333
0 0.528125 0.122917 0.100000 0.133333
0 0.648438 0.633333 0.100000 0.133333
0 0.753125 0.600000 0.100000 0.133333
0 0.178125 0.789583 0.100000 0.133333
0 0.375000 0.097917 0.100000 0.133333
0 0.851562 0.431250 0.100000 0.133333
0 0.496875 0.110417 0.100000 0.133333
0 0.589063 0.468750 0.100000 0.133333
0 0.542188 0.287500 0.100000 0.133333
0 0.534375 0.358333 0.100000 0.133333
0 0.621875 0.408333 0.100000 0.133333
0 0.812500 0.275000 0.100000 0.133333
0 0.571875 0.362500 0.100000 0.133333
0 0.153125 0.758333 0.100000 0.133333
0 0.187500 0.287500 0.100000 0.133333
0 0.134375 0.641667 0.100000 0.133333
0 0.537500 0.587500 0.100000 0.133333
0 0.835938 0.522917 0.100000 0.133333
0 0.445312 0.527083 0.100000 0.133333
0 0.809375 0.268750 0.100000 0.133333
0 0.157812 0.441667 0.100000 0.133333
0 0.604688 0.679167 0.100000 0.133333
0 0.489063 0.170833 0.100000 0.133333
0 0.190625 0.752083 0.100000 0.133333
0 0.312500 0.097917 0.100000 0.133333
0 0.821875 0.650000 0.100000 0.133333
0 0.606250 0.475000 0.100000 0.133333
0 0.407813 0.262500 0.100000 0.133333
0 0.132812 0.154167 0.100000 0.133333
0 0.465625 0.891667 0.100000 0.133333
0 0.478125 0.602083 0.100000 0.133333
0 0.623437 0.325000 0.100000 0.133333
0 0.754687 0.110417 0.100000 0.133333
0 0.473438 0.372917 0.100000 0.133333
0 0.756250 0.262500 0.100000 0.133333
0 0.568750 0.520833 0.100000 0.133333
0 0.753125 0.120833 0.100000 0.133333
0 0.512500 0.233333 0.100000 0.133333
0 0.115625 0.704167 0.100000 0.133333
0 0.279687 0.743750 0.100000 0.133333
0 0.573438 0.470833 0.100000 0.133333
0 0.770312 0.297917 0.100000 0.133333
0 0.835938 0.504167 0.100000 0.133333
0 0.135937 0.772917 0.100000 0.133333
0 0.703125 0.335417 0.100000 0.133333
0 0.859375 0.170833 0.100000 0.133333
0 0.618750 0.312500 0.100000 0.133333
0 0.165625 0.341667 0.100000 0.133333
0 0.900000 0.175000 0.100000 0.133333
0 0.442188 0.247917 0.100000 0.133333
0 0.815625 0.685417 0.100000 0.133333
0 0.834375 0.260417 0.100000 0.133333
0 0.771875 0.337500 0.100000 0.133333
0 0.253125 0.256250 0.100000 0.133333
0 0.204687 0.854167 0.100000 0.133333
0 0.795312 0.850000 0.100000 0.133333
0 0.379688 0.747917 0.100000 0.133333
0 0.806250 0.464583 0.100000 0.133333
0 0.884375 0.252083 0.100000 0.133333
0 0.507812 0.197917 0.100000 0.133333
0 0.864062 0.366667 0.100000 0.133333
0 0.223438 0.710417 0.100000 0.133333
0 0.684375 0.852083 0.100000 0.133333
0 0.857812 0.816667 0.100000 0.133333
0 0.603125 0.360417 0.100000 0.133333
1 0.937500 0.387500 0.100000 0.133333
1 0.632812 0.339583 0.100000 0.133333
1 0.792188 0.260417 0.100000 0.133333
1 0.265625 0.560417 0.100000 0.133333
1 0.270313 0.072917 0.100000 0.133333
