0 0.153125 0.185417 0.100000 0.133333
0 0.310937 0.150000 0.100000 0.133333
0 0.682813 0.116667 0.100000 0.133333
0 0.884375 0.556250 0.100000 0.133333
0 0.460938 0.666667 0.100000 0.133333
0 0.384375 0.706250 0.100000 0.133333
0 0.209375 0.250000 0.100000 0.133333
0 0.215625 0.643750 0.100000 0.133333
0 0.745313 0.810417 0.100000 0.133333
0 0.582812 0.583333 0.100000 0.133333
0 0.428125 0.872917 0.100000 0.133333
0 0.246875 0.541667 0.100000 0.133333
0 0.734375 0.606250 0.100000 0.133333
0 0.506250 0.258333 0.100000 0.133333
0 0.470313 0.837500 0.100000 0.133333
0 0.457813 0.679167 0.100000 0.133333
0 0.618750 0.247917 0.100000 0.133333
0 0.187500 0.668750 0.100000 0.133333
0 0.404687 0.452083 0.100000 0.133333
0 0.129688 0.125000 0.100000 0.133333
0 0.748437 0.177083 0.100000 0.133333
0 0.412500 0.483333 0.100000 0.133333
0 0.481250 0.720833 0.100000 0.133333
0 0.403125 0.191667 0.100000 0.133333
0 0.226562 0.839583 0.100000 0.133333
0 0.267188 0.383333 0.100000 0.133333
0 0.115625 0.677083 0.100000 0.133333
0 0.676562 0.620833 0.100000 0.133333
0 0.712500 0.745833 0.100000 0.133333
0 0.645312 0.245833 0.100000 0.133333
0 0.864062 0.622917 0.100000 0.133333
0 0.892188 0.410417 0.100000 0.133333
0 0.659375 0.554167 0.100000 0.133333
0 0.184375 0.077083 0.100000 0.133333
0 0.576562 0.595833 0.100000 0.133333
0 0.671875 0.604167 0.100000 0.133333
0 0.273438 0.287500 0.100000 0.133333
0 0.320312 0.672917 0.100000 0.133333
0 0.281250 0.347917 0.100000 0.133333
0 0.337500 0.175000 0.100000 0.133333
0 0.585938 0.597917 0.100000 0.133333
0 0.629687 0.539583 0.100000 0.133333
0 0.884375 0.887500 0.100000 0.133333
0 0.590625 0.483333 0.100000 0.133333
0 0.365625 0.154167 0.100000 0.133333
0 0.350000 0.850000 0.100000 0.133333
0 0.579688 0.535417 0.100000 0.133333
0 0.895312 0.170833 0.100000 0.133333
0 0.535937 0.604167 0.100000 0.133333
0 0.893750 0.550000 0.100000 0.133333
0 0.445312 0.591667 0.100000 0.133333
0 0.215625 0.145833 0.100000 0.133333
0 0.378125 0.383333 0.100000 0.133333
0 0.698438 0.370833 0.100000 0.133333
0 0.518750 0.800000 0.100000 0.133333
0 0.504687 0.081250 0.100000 0.133333
0 0.440625 0.675000 0.100000 0.133333
0 0.531250 0.672917 0.100000 0.133333
0 0.826562 0.406250 0.100000 0.133333
0 0.101562 0.139583 0.100000 0.133333
0 0.218750 0.868750 0.100000 0.133333
0 0.696875 0.572917 0.100000 0.133333
0 0.431250 0.808333 0.100000 0.133333
0 0.729688 0.418750 0.100000 0.133333
0 0.607812 0.147917 0.100000 0.133333
0 0.135937 0.602083 0.100000 0.133333
0 0.868750 0.654167 0.100000 0.133333
0 0.315625 0.502083 0.100000 0.133333
0 0.657813 0.491667 0.100000 0.133333
0 0.364063 0.227083 0.100000 0.133333
0 0.234375 0.610417 0.100000 0.133333
0 0.607812 0.760417 0.100000 0.133333
0 0.575000 0.114583 0.100000 0.133333
0 0.118750 0.118750 0.100000 0.133333
0 0.498437 0.177083 0.100000 0.133333
0 0.867188 0.677083 0.100000 0.133333
0 0.668750 0.797917 0.100000 0.133333
0 0.712500 0.070833 0.100000 0.133333
0 0.510938 0.479167 0.100000 0.133333
0 0.420312 0.322917 0.100000 0.133333
0 0.117188 0.429167 0.100000 0.133333
0 0.817187 0.722917 0.100000 0.133333
0 0.353125 0.568750 0.100000 0.133333
0 0.885938 0.177083 0.100000 0.133333
0 0.534375 0.189583 0.100000 0.133333
0 0.665625 0.241667 0.100000 0.133333
0 0.801562 0.856250 0.100000 0.133333
0 0.775000 0.081250 0.100000 0.133333
0 0.190625 0.397917 0.100000 0.133333
0 0.487500 0.762500 0.100000 0.133333
0 0.509375 0.854167 0.100000 0.133333
0 0.820312 0.270833 0.100000 0.133333
0 0.448437 0.202083 0.100000 0.133333
0 0.414062 0.125000 0.100000 0.133333
0 0.210938 0.789583 0.100000 0.133333
0 0.473438 0.679167 0.100000 0.133333
0 0.434375 0.139583 0.100000 0.133333
0 0.732812 0.227083 0.100000 0.133333
0 0.801562 0.731250 0.100000 0.133333
0 0.104688 0.522917 0.100000 0.133333
0 0.542188 0.427083 0.100000 0.133333
0 0.840625 0.472917 0.100000 0.133333
0 0.448437 0.533333 0.100000 0.133333
0 0.607812 0.854167 0.100000 0.133333
0 0.503125 0.129167 0.100000 0.133333
0 0.534375 0.839583 0.100000 0.133333
0 0.895312 0.325000 0.100000 0.133333
0 0.345313 0.181250 0.100000 0.133333
0 0.773438 0.493750 0.100000 0.133333
0 0.290625 0.168750 0.100000 0.133333
0 0.184375 0.875000 0.100000 0.133333
0 0.295312 0.118750 0.100000 0.133333
0 0.585938 0.664583 0.100000 0.133333
0 0.750000 0.820833 0.100000 0.133333
0 0.462500 0.333333 0.100000 0.133333
0 0.481250 0.806250 0.100000 0.133333
0 0.748437 0.695833 0.100000 0.133333
0 0.103125 0.508333 0.100000 0.133333
0 0.368750 0.525000 0.100000 0.133333
0 0.189062 0.827083 0.100000 0.133333
0 0.143750 0.656250 0.100000 0.133333
0 0.235937 0.316667 0.100000 0.133333
0 0.364063 0.860417 0.100000 0.133333
0 0.259375 0.422917 0.100000 0.133333
0 0.198437 0.254167 0.100000 0.133333
0 0.362500 0.350000 0.100000 0.133333
0 0.373437 0.462500 0.100000 0.133333
0 0.728125 0.579167 0.100000 0.133333
0 0.137500 0.154167 0.100000 0.133333
0 0.384375 0.325000 0.100000 0.133333
0 0.379688 0.316667 0.100000 0.133333
0 0.360938 0.177083 0.100000 0.133333
0 0.700000 0.158333 0.100000 0.133333
0 0.651563 0.502083 0.100000 0.133333
0 0.631250 0.787500 0.100000 0.133333
0 0.696875 0.364583 0.100000 0.133333
0 0.601562 0.220833 0.100000 0.133333
0 0.260937 0.425000 0.100000 0.133333
0 0.428125 0.783333 0.100000 0.133333
0 0.217188 0.322917 0.100000 0.133333
0 0.551562 0.827083 0.100000 0.133333
0 0.676562 0.654167 0.100000 0.133333
0 0.362500 0.833333 0.100000 0.133333
0 0.220312 0.777083 0.100000 0.133333
0 0.481250 0.275000 0.100000 0.133333
0 0.385937 0.139583 0.100000 0.133333
0 0.745313 0.550000 0.100000 0.133333
0 0.753125 0.147917 0.100000 0.133333
0 0.831250 0.768750 0.100000 0.133333
0 0.468750 0.502083 0.100000 0.133333
1 0.420312 0.316667 0.100000 0.133333
1 0.560937 0.677083 0.100000 0.133333
1 0.635938 0.508333 0.100000 0.133333
1 0.882812 0.466667 0.100000 0.133333
1 0.287500 0.850000 0.100000 0.133333
