0 0.440625 0.689583 0.100000 0.133333
0 0.770312 0.868750 0.100000 0.133333
0 0.287500 0.604167 0.100000 0.133333
0 0.492188 0.835417 0.100000 0.133333
0 0.228125 0.697917 0.100000 0.133333
0 0.326562 0.097917 0.100000 0.133333
0 0.340625 0.183333 0.100000 0.133333
0 0.618750 0.485417 0.100000 0.133333
0 0.725000 0.131250 0.100000 0.133333
0 0.404687 0.729167 0.100000 0.133333
0 0.407813 0.687500 0.100000 0.133333
0 0.898438 0.752083 0.100000 0.133333
0 0.725000 0.741667 0.100000 0.133333
0 0.646875 0.387500 0.100000 0.133333
0 0.103125 0.587500 0.100000 0.133333
0 0.675000 0.850000 0.100000 0.133333
0 0.589063 0.614583 0.100000 0.133333
0 0.395313 0.095833 0.100000 0.133333
0 0.240625 0.179167 0.100000 0.133333
0 0.414062 0.577083 0.100000 0.133333
0 0.748437 0.268750 0.100000 0.133333
0 0.687500 0.518750 0.100000 0.133333
0 0.295312 0.079167 0.100000 0.133333
0 0.200000 0.604167 0.100000 0.133333
0 0.760938 0.677083 0.100000 0.133333
0 0.750000 0.552083 0.100000 0.133333
0 0.325000 0.460417 0.100000 0.133333
0 0.115625 0.622917 0.100000 0.133333
0 0.543750 0.291667 0.100000 0.133333
0 0.468750 0.712500 0.100000 0.133333
0 0.520312 0.381250 0.100000 0.133333
0 0.648438 0.487500 0.100000 0.133333
0 0.718750 0.166667 0.100000 0.133333
0 0.120313 0.631250 0.100000 0.133333
0 0.817187 0.160417 0.100000 0.133333
0 0.300000 0.562500 0.100000 0.133333
0 0.215625 0.625000 0.100000 0.133333
0 0.651563 0.508333 0.100000 0.133333
0 0.432812 0.075000 0.100000 0.133333
0 0.370312 0.477083 0.100000 0.133333
0 0.375000 0.385417 0.100000 0.133333
0 0.298438 0.206250 0.100000 0.133333
0 0.154688 0.822917 0.100000 0.133333
0 0.114062 0.785417 0.100000 0.133333
0 0.373437 0.325000 0.100000 0.133333
0 0.701562 0.666667 0.100000 0.133333
0 0.560937 0.493750 0.100000 0.133333
0 0.507812 0.662500 0.100000 0.133333
0 0.303125 0.810417 0.100000 0.133333
0 0.384375 0.747917 0.100000 0.133333
0 0.728125 0.356250 0.100000 0.133333
0 0.748437 0.829167 0.100000 0.133333
0 0.332813 0.700000 0.100000 0.133333
0 0.312500 0.085417 0.100000 0.133333
0 0.114062 0.493750 0.100000 0.133333
0 0.768750 0.206250 0.100000 0.133333
0 0.235937 0.862500 0.100000 0.133333
0 0.654687 0.633333 0.100000 0.133333
0 0.223438 0.310417 0.100000 0.133333
0 0.404687 0.372917 0.100000 0.133333
0 0.575000 0.177083 0.100000 0.133333
0 0.657813 0.397917 0.100000 0.133333
0 0.154688 0.189583 0.100000 0.133333
0 0.367188 0.860417 0.100000 0.133333
0 0.714063 0.802083 0.100000 0.133333
0 0.476562 0.739583 0.100000 0.133333
0 0.139063 0.339583 0.100000 0.133333
0 0.448437 0.768750 0.100000 0.133333
0 0.353125 0.766667 0.100000 0.133333
0 0.196875 0.110417 0.100000 0.133333
0 0.600000 0.862500 0.100000 0.133333
0 0.867188 0.283333 0.100000 0.133333
0 0.639062 0.804167 0.100000 0.133333
0 0.600000 0.341667 0.100000 0.133333
0 0.856250 0.281250 0.100000 0.133333
0 0.723437 0.589583 0.100000 0.133333
0 0.462500 0.237500 0.100000 0.133333
0 0.650000 0.670833 0.100000 0.133333
0 0.335938 0.485417 0.100000 0.133333
0 0.221875 0.512500 0.100000 0.133333
0 0.175000 0.629167 0.100000 0.133333
0 0.157812 0.279167 0.100000 0.133333
0 0.523438 0.722917 0.100000 0.133333
0 0.590625 0.672917 0.100000 0.133333
0 0.328125 0.427083 0.100000 0.133333
0 0.148438 0.800000 0.100000 0.133333
0 0.539062 0.631250 0.100000 0.133333
0 0.307812 0.700000 0.100000 0.133333
0 0.248438 0.600000 0.100000 0.133333
0 0.401562 0.470833 0.100000 0.133333
0 0.475000 0.860417 0.100000 0.133333
0 0.564063 0.079167 0.100000 0.133333
0 0.154688 0.847917 0.100000 0.133333
0 0.153125 0.854167 0.100000 0.133333
0 0.664062 0.833333 0.100000 0.133333
0 0.362500 0.237500 0.100000 0.133333
0 0.473438 0.312500 0.100000 0.133333
0 0.854688 0.770833 0.100000 0.133333
0 0.704688 0.329167 0.100000 0.133333
0 0.612500 0.402083 0.100000 0.133333
0 0.300000 0.406250 0.100000 0.133333
0 0.700000 0.441667 0.100000 0.133333
0 0.356250 0.304167 0.100000 0.133333
0 0.770312 0.625000 0.100000 0.133333
0 0.217188 0.816667 0.100000 0.133333
0 0.196875 0.302083 0.100000 0.133333
0 0.610938 0.418750 0.100000 0.133333
0 0.334375 0.800000 0.100000 0.133333
0 0.234375 0.587500 0.100000 0.133333
0 0.842187 0.545833 0.100000 0.133333
0 0.503125 0.660417 0.100000 0.133333
0 0.484375 0.833333 0.100000 0.133333
0 0.435937 0.631250 0.100000 0.133333
0 0.495312 0.333333 0.100000 0.133333
0 0.356250 0.195833 0.100000 0.133333
0 0.715625 0.506250 0.100000 0.133333
0 0.554688 0.164583 0.100000 0.133333
0 0.221875 0.262500 0.100000 0.133333
0 0.375000 0.227083 0.100000 0.133333
0 0.206250 0.200000 0.100000 0.133333
0 0.429688 0.183333 0.100000 0.133333
0 0.879687 0.825000 0.100000 0.133333
0 0.667188 0.122917 0.100000 0.133333
0 0.892188 0.875000 0.100000 0.133333
0 0.789062 0.772917 0.100000 0.133333
0 0.353125 0.768750 0.100000 0.133333
0 0.660937 0.118750 0.100000 0.133333
0 0.184375 0.364583 0.100000 0.133333
0 0.620313 0.622917 0.100000 0.133333
0 0.529687 0.275000 0.100000 0.133333
0 0.809375 0.166667 0.100000 0.133333
0 0.771875 0.662500 0.100000 0.133333
0 0.145313 0.716667 0.100000 0.133333
0 0.770312 0.700000 0.100000 0.133333
0 0.393750 0.093750 0.100000 0.133333
0 0.193750 0.158333 0.100000 0.133333
0 0.662500 0.737500 0.100000 0.133333
0 0.625000 0.431250 0.100000 0.133333
0 0.748437 0.381250 0.100000 0.133333
0 0.865625 0.147917 0.100000 0.133333
0 0.196875 0.660417 0.100000 0.133333
0 0.773438 0.697917 0.100000 0.133333
0 0.425000 0.885417 0.100000 0.133333
0 0.812500 0.104167 0.100000 0.133333
0 0.139063 0.152083 0.100000 0.133333
0 0.525000 0.100000 0.100000 0.133333
0 0.568750 0.743750 0.100000 0.133333
0 0.715625 0.545833 0.100000 0.133333
0 0.514062 0.129167 0.100000 0.133333
0 0.140625 0.741667 0.100000 0.133333
1 0.754687 0.679167 0.100000 0.133333
1 0.364063 0.683333 0.100000 0.133333
1 0.335938 0.220833 0.100000 0.133333
1 0.529687 0.412500 0.100000 0.133333
1 0.771875 0.777083 0.100000 0.133333
