0 0.246875 0.137500 0.100000 0.133333
0 0.350000 0.239583 0.100000 0.133333
0 0.795312 0.104167 0.100000 0.133333
0 0.162500 0.481250 0.100000 0.133333
0 0.687500 0.293750 0.100000 0.133333
0 0.895312 0.779167 0.100000 0.133333
0 0.542188 0.333333 0.100000 0.133333
0 0.184375 0.395833 0.100000 0.133333
0 0.501563 0.252083 0.100000 0.133333
0 0.434375 0.643750 0.100000 0.133333
0 0.176563 0.227083 0.100000 0.133333
0 0.137500 0.750000 0.100000 0.133333
0 0.567187 0.879167 0.100000 0.133333
0 0.704688 0.102083 0.100000 0.133333
0 0.689063 0.562500 0.100000 0.133333
0 0.300000 0.627083 0.100000 0.133333
0 0.482812 0.452083 0.100000 0.133333
0 0.493750 0.437500 0.100000 0.133333
0 0.401562 0.581250 0.100000 0.133333
0 0.326562 0.422917 0.100000 0.133333
0 0.445312 0.068750 0.100000 0.133333
0 0.784375 0.427083 0.100000 0.133333
0 0.864062 0.766667 0.100000 0.133333
0 0.726562 0.089583 0.100000 0.133333
0 0.842187 0.537500 0.100000 0.133333
0 0.809375 0.618750 0.100000 0.133333
0 0.782813 0.714583 0.100000 0.133333
0 0.148438 0.643750 0.100000 0.133333
0 0.165625 0.383333 0.100000 0.133333
0 0.812500 0.102083 0.100000 0.133333
0 0.764062 0.677083 0.100000 0.133333
0 0.203125 0.108333 0.100000 0.133333
0 0.642188 0.302083 0.100000 0.133333
0 0.559375 0.402083 0.100000 0.133333
0 0.460938 0.277083 0.100000 0.133333
0 0.712500 0.629167 0.100000 0.133333
0 0.554688 0.800000 0.100000 0.133333
0 0.665625 0.143750 0.100000 0.133333
0 0.134375 0.791667 0.100000 0.133333
0 0.650000 0.787500 0.100000 0.133333
0 0.345313 0.512500 0.100000 0.133333
0 0.293750 0.091667 0.100000 0.133333
0 0.723437 0.800000 0.100000 0.133333
0 0.626563 0.225000 0.100000 0.133333
0 0.137500 0.447917 0.100000 0.133333
0 0.212500 0.237500 0.100000 0.133333
0 0.384375 0.072917 0.100000 0.133333
0 0.260937 0.718750 0.100000 0.133333
0 0.173437 0.812500 0.100000 0.133333
0 0.817187 0.533333 0.100000 0.133333
0 0.176563 0.254167 0.100000 0.133333
0 0.859375 0.197917 0.100000 0.133333
0 0.731250 0.675000 0.100000 0.133333
0 0.367188 0.483333 0.100000 0.133333
0 0.198437 0.456250 0.100000 0.133333
0 0.482812 0.768750 0.100000 0.133333
0 0.107813 0.762500 0.100000 0.133333
0 0.559375 0.541667 0.100000 0.133333
0 0.617188 0.858333 0.100000 0.133333
0 0.637500 0.145833 0.100000 0.133333
0 0.884375 0.891667 0.100000 0.133333
0 0.346875 0.389583 0.100000 0.133333
0 0.306250 0.731250 0.100000 0.133333
0 0.312500 0.585417 0.100000 0.133333
0 0.745313 0.362500 0.100000 0.133333
0 0.557813 0.720833 0.100000 0.133333
0 0.251563 0.558333 0.100000 0.133333
0 0.289062 0.162500 0.100000 0.133333
0 0.871875 0.658333 0.100000 0.133333
0 0.156250 0.797917 0.100000 0.133333
0 0.326562 0.518750 0.100000 0.133333
0 0.132812 0.679167 0.100000 0.133333
0 0.803125 0.533333 0.100000 0.133333
0 0.126562 0.310417 0.100000 0.133333
0 0.870313 0.343750 0.100000 0.133333
0 0.101562 0.331250 0.100000 0.133333
0 0.570312 0.881250 0.100000 0.133333
0 0.159375 0.335417 0.100000 0.133333
0 0.479687 0.479167 0.100000 0.133333
0 0.631250 0.104167 0.100000 0.133333
0 0.348438 0.127083 0.100000 0.133333
0 0.714063 0.875000 0.100000 0.133333
0 0.632812 0.493750 0.100000 0.133333
0 0.239063 0.197917 0.100000 0.133333
0 0.742188 0.643750 0.100000 0.133333
0 0.781250 0.222917 0.100000 0.133333
0 0.234375 0.845833 0.100000 0.133333
0 0.439063 0.570833 0.100000 0.133333
0 0.425000 0.566667 0.100000 0.133333
0 0.671875 0.868750 0.100000 0.133333
0 0.173437 0.672917 0.100000 0.133333
0 0.543750 0.295833 0.100000 0.133333
0 0.131250 0.385417 0.100000 0.133333
0 0.387500 0.218750 0.100000 0.133333
0 0.193750 0.516667 0.100000 0.133333
0 0.545312 0.252083 0.100000 0.133333
0 0.607812 0.833333 0.100000 0.133333
0 0.628125 0.320833 0.100000 0.133333
0 0.626563 0.154167 0.100000 0.133333
0 0.882812 0.795833 0.100000 0.133333
0 0.253125 0.537500 0.100000 0.133333
0 0.518750 0.275000 0.100000 0.133333
0 0.789062 0.777083 0.100000 0.133333
0 0.684375 0.620833 0.100000 0.133333
0 0.365625 0.510417 0.100000 0.133333
0 0.579688 0.583333 0.100000 0.133333
0 0.406250 0.112500 0.100000 0.133333
0 0.278125 0.631250 0.100000 0.133333
0 0.320312 0.441667 0.100000 0.133333
0 0.790625 0.189583 0.100000 0.133333
0 0.720313 0.685417 0.100000 0.133333
0 0.281250 0.243750 0.100000 0.133333
0 0.423438 0.589583 0.100000 0.133333
0 0.801562 0.527083 0.100000 0.133333
0 0.275000 0.539583 0.100000 0.133333
0 0.107813 0.168750 0.100000 0.133333
0 0.142187 0.443750 0.100000 0.133333
0 0.367188 0.718750 0.100000 0.133333
0 0.118750 0.597917 0.100000 0.133333
0 0.754687 0.718750 0.100000 0.133333
0 0.820312 0.177083 0.100000 0.133333
0 0.326562 0.254167 0.100000 0.133333
0 0.389062 0.262500 0.100000 0.133333
0 0.848437 0.277083 0.100000 0.133333
0 0.389062 0.164583 0.100000 0.133333
0 0.762500 0.856250 0.100000 0.133333
0 0.848437 0.518750 0.100000 0.133333
0 0.401562 0.364583 0.100000 0.133333
0 0.748437 0.410417 0.100000 0.133333
0 0.840625 0.279167 0.100000 0.133333
0 0.271875 0.293750 0.100000 0.133333
0 0.728125 0.500000 0.100000 0.133333
0 0.832812 0.858333 0.100000 0.133333
0 0.192188 0.820833 0.100000 0.133333
0 0.270313 0.241667 0.100000 0.133333
0 0.437500 0.379167 0.100000 0.133333
0 0.556250 0.306250 0.100000 0.133333
0 0.257812 0.839583 0.100000 0.133333
0 0.792188 0.600000 0.100000 0.133333
0 0.728125 0.604167 0.100000 0.133333
0 0.487500 0.422917 0.100000 0.133333
0 0.314063 0.593750 0.100000 0.133333
0 0.457813 0.293750 0.100000 0.133333
0 0.739062 0.562500 0.100000 0.133333
0 0.251563 0.141667 0.100000 0.133333
0 0.526563 0.377083 0.100000 0.133333
0 0.182812 0.452083 0.100000 0.133333
0 0.156250 0.622917 0.100000 0.133333
0 0.648438 0.431250 0.100000 0.133333
0 0.665625 0.177083 0.100000 0.133333
1 0.131250 0.314583 0.100000 0.133333
1 0.471875 0.739583 0.100000 0.133333
1 0.681250 0.725000 0.100000 0.133333
1 0.904687 0.241667 0.100000 0.133333
1 0.451562 0.093750 0.100000 0.133333
