0 0.240625 0.085417 0.100000 0.133333
0 0.457813 0.147917 0.100000 0.133333
0 0.364063 0.283333 0.100000 0.133333
0 0.557813 0.870833 0.100000 0.133333
0 0.179688 0.514583 0.100000 0.133333
0 0.737500 0.841667 0.100000 0.133333
0 0.331250 0.891667 0.100000 0.133333
0 0.396875 0.597917 0.100000 0.133333
0 0.643750 0.606250 0.100000 0.133333
0 0.810937 0.439583 0.100000 0.133333
0 0.829688 0.729167 0.100000 0.133333
0 0.707812 0.295833 0.100000 0.133333
0 0.118750 0.497917 0.100000 0.133333
0 0.743750 0.293750 0.100000 0.133333
0 0.648438 0.412500 0.100000 0.133333
0 0.693750 0.170833 0.100000 0.133333
0 0.337500 0.258333 0.100000 0.133333
0 0.673438 0.125000 0.100000 0.133333
0 0.537500 0.475000 0.100000 0.133333
0 0.426563 0.529167 0.100000 0.133333
0 0.778125 0.079167 0.100000 0.133333
0 0.673438 0.577083 0.100000 0.133333
0 0.373437 0.187500 0.100000 0.133333
0 0.854688 0.216667 0.100000 0.133333
0 0.304688 0.660417 0.100000 0.133333
0 0.637500 0.677083 0.100000 0.133333
0 0.789062 0.466667 0.100000 0.133333
0 0.396875 0.768750 0.100000 0.133333
0 0.282813 0.577083 0.100000 0.133333
0 0.890625 0.158333 0.100000 0.133333
0 0.153125 0.610417 0.100000 0.133333
0 0.698438 0.635417 0.100000 0.133333
0 0.689063 0.220833 0.100000 0.133333
0 0.107813 0.372917 0.100000 0.133333
0 0.393750 0.727083 0.100000 0.133333
0 0.754687 0.760417 0.100000 0.133333
0 0.218750 0.229167 0.100000 0.133333
0 0.850000 0.552083 0.100000 0.133333
0 0.232813 0.675000 0.100000 0.133333
0 0.267188 0.389583 0.100000 0.133333
0 0.725000 0.677083 0.100000 0.133333
0 0.818750 0.433333 0.100000 0.133333
0 0.260937 0.770833 0.100000 0.133333
0 0.384375 0.158333 0.100000 0.133333
0 0.368750 0.791667 0.100000 0.133333
0 0.401562 0.737500 0.100000 0.133333
0 0.685937 0.779167 0.100000 0.133333
0 0.112500 0.412500 0.100000 0.133333
0 0.234375 0.541667 0.100000 0.133333
0 0.307812 0.412500 0.100000 0.133333
0 0.129688 0.087500 0.100000 0.133333
0 0.873437 0.587500 0.100000 0.133333
0 0.418750 0.402083 0.100000 0.133333
0 0.646875 0.252083 0.100000 0.133333
0 0.385937 0.658333 0.100000 0.133333
0 0.118750 0.750000 0.100000 0.133333
0 0.460938 0.754167 0.100000 0.133333
0 0.232813 0.395833 0.100000 0.133333
0 0.823438 0.600000 0.100000 0.133333
0 0.121875 0.535417 0.100000 0.133333
0 0.632812 0.758333 0.100000 0.133333
0 0.460938 0.070833 0.100000 0.133333
0 0.406250 0.254167 0.100000 0.133333
0 0.118750 0.806250 0.100000 0.133333
0 0.779687 0.647917 0.100000 0.133333
0 0.357812 0.447917 0.100000 0.133333
0 0.220312 0.583333 0.100000 0.133333
0 0.700000 0.320833 0.100000 0.133333
0 0.893750 0.610417 0.100000 0.133333
0 0.593750 0.427083 0.100000 0.133333
0 0.518750 0.270833 0.100000 0.133333
0 0.298438 0.533333 0.100000 0.133333
0 0.703125 0.887500 0.100000 0.133333
0 0.450000 0.252083 0.100000 0.133333
0 0.760938 0.122917 0.100000 0.133333
0 0.540625 0.104167 0.100000 0.133333
0 0.539062 0.389583 0.100000 0.133333
0 0.589063 0.727083 0.100000 0.133333
0 0.867188 0.879167 0.100000 0.133333
0 0.398438 0.577083 0.100000 0.133333
0 0.728125 0.531250 0.100000 0.133333
0 0.482812 0.322917 0.100000 0.133333
0 0.579688 0.206250 0.100000 0.133333
0 0.323437 0.633333 0.100000 0.133333
0 0.450000 0.747917 0.100000 0.133333
0 0.375000 0.758333 0.100000 0.133333
0 0.359375 0.637500 0.100000 0.133333
0 0.303125 0.360417 0.100000 0.133333
0 0.523438 0.566667 0.100000 0.133333
0 0.739062 0.397917 0.100000 0.133333
0 0.700000 0.241667 0.100000 0.133333
0 0.281250 0.258333 0.100000 0.133333
0 0.267188 0.281250 0.100000 0.133333
0 0.757812 0.368750 0.100000 0.133333
0 0.837500 0.256250 0.100000 0.133333
0 0.876563 0.516667 0.100000 0.133333
0 0.217188 0.768750 0.100000 0.133333
0 0.556250 0.364583 0.100000 0.133333
0 0.320312 0.772917 0.100000 0.133333
0 0.634375 0.297917 0.100000 0.133333
0 0.187500 0.458333 0.100000 0.133333
0 0.143750 0.766667 0.100000 0.133333
0 0.606250 0.137500 0.100000 0.133333
0 0.284375 0.777083 0.100000 0.133333
0 0.432812 0.375000 0.100000 0.133333
0 0.626563 0.302083 0.100000 0.133333
0 0.562500 0.645833 0.100000 0.133333
0 0.693750 0.204167 0.100000 0.133333
0 0.832812 0.750000 0.100000 0.133333
0 0.853125 0.535417 0.100000 0.133333
0 0.290625 0.752083 0.100000 0.133333
0 0.503125 0.612500 0.100000 0.133333
0 0.278125 0.489583 0.100000 0.133333
0 0.800000 0.604167 0.100000 0.133333
0 0.507812 0.447917 0.100000 0.133333
0 0.670312 0.683333 0.100000 0.133333
0 0.854688 0.075000 0.100000 0.133333
0 0.825000 0.668750 0.100000 0.133333
0 0.725000 0.866667 0.100000 0.133333
0 0.653125 0.097917 0.100000 0.133333
0 0.453125 0.335417 0.100000 0.133333
0 0.104688 0.647917 0.100000 0.133333
0 0.273438 0.600000 0.100000 0.133333
0 0.695312 0.314583 0.100000 0.133333
0 0.732812 0.164583 0.100000 0.133333
0 0.500000 0.702083 0.100000 0.133333
0 0.500000 0.285417 0.100000 0.133333
0 0.698438 0.102083 0.100000 0.133333
0 0.432812 0.185417 0.100000 0.133333
0 0.301563 0.762500 0.100000 0.133333
0 0.801562 0.160417 0.100000 0.133333
0 0.462500 0.672917 0.100000 0.133333
0 0.260937 0.322917 0.100000 0.133333
0 0.540625 0.787500 0.100000 0.133333
0 0.664062 0.227083 0.100000 0.133333
0 0.646875 0.885417 0.100000 0.133333
0 0.332813 0.325000 0.100000 0.133333
0 0.868750 0.283333 0.100000 0.133333
0 0.875000 0.416667 0.100000 0.133333
0 0.521875 0.100000 0.100000 0.133333
0 0.523438 0.379167 0.100000 0.133333
0 0.768750 0.870833 0.100000 0.133333
0 0.629687 0.472917 0.100000 0.133333
0 0.115625 0.122917 0.100000 0.133333
0 0.217188 0.433333 0.100000 0.133333
0 0.409375 0.139583 0.100000 0.133333
0 0.384375 0.312500 0.100000 0.133333
0 0.809375 0.306250 0.100000 0.133333
0 0.101562 0.070833 0.100000 0.133333
0 0.487500 0.747917 0.100000 0.133333
1 0.835938 0.602083 0.100000 0.133333
1 0.854688 0.862500 0.100000 0.133333
1 0.621875 0.787500 0.100000 0.133333
1 0.442188 0.756250 0.100000 0.133333
1 0.184375 0.562500 0.100000 0.133333
