0 0.771875 0.089583 0.100000 0.133333
0 0.285938 0.327083 0.100000 0.133333
0 0.489063 0.329167 0.100000 0.133333
0 0.175000 0.147917 0.100000 0.133333
0 0.678125 0.108333 0.100000 0.133333
0 0.840625 0.537500 0.100000 0.133333
0 0.712500 0.493750 0.100000 0.133333
0 0.479687 0.325000 0.100000 0.133333
0 0.451562 0.441667 0.100000 0.133333
0 0.353125 0.585417 0.100000 0.133333
0 0.712500 0.404167 0.100000 0.133333
0 0.793750 0.425000 0.100000 0.133333
0 0.528125 0.491667 0.100000 0.133333
0 0.779687 0.275000 0.100000 0.133333
0 0.109375 0.706250 0.100000 0.133333
0 0.317188 0.364583 0.100000 0.133333
0 0.162500 0.602083 0.100000 0.133333
0 0.181250 0.468750 0.100000 0.133333
0 0.301563 0.704167 0.100000 0.133333
0 0.473438 0.695833 0.100000 0.133333
0 0.660937 0.691667 0.100000 0.133333
0 0.148438 0.864583 0.100000 0.133333
0 0.284375 0.633333 0.100000 0.133333
0 0.350000 0.758333 0.100000 0.133333
0 0.567187 0.075000 0.100000 0.133333
0 0.717187 0.439583 0.100000 0.133333
0 0.646875 0.770833 0.100000 0.133333
0 0.182812 0.325000 0.100000 0.133333
0 0.654687 0.747917 0.100000 0.133333
0 0.775000 0.268750 0.100000 0.133333
0 0.678125 0.664583 0.100000 0.133333
0 0.134375 0.206250 0.100000 0.133333
0 0.767188 0.420833 0.100000 0.133333
0 0.500000 0.739583 0.100000 0.133333
0 0.607812 0.260417 0.100000 0.133333
0 0.354687 0.350000 0.100000 0.133333
0 0.254688 0.108333 0.100000 0.133333
0 0.298438 0.783333 0.100000 0.133333
0 0.540625 0.879167 0.100000 0.133333
0 0.262500 0.181250 0.100000 0.133333
0 0.325000 0.422917 0.100000 0.133333
0 0.364063 0.387500 0.100000 0.133333
0 0.832812 0.231250 0.100000 0.133333
0 0.514062 0.483333 0.100000 0.133333
0 0.560937 0.356250 0.100000 0.133333
0 0.153125 0.291667 0.100000 0.133333
0 0.157812 0.139583 0.100000 0.133333
0 0.570312 0.387500 0.100000 0.133333
0 0.226562 0.504167 0.100000 0.133333
0 0.146875 0.339583 0.100000 0.133333
0 0.739062 0.722917 0.100000 0.133333
0 0.553125 0.681250 0.100000 0.133333
0 0.687500 0.216667 0.100000 0.133333
0 0.389062 0.158333 0.100000 0.133333
0 0.506250 0.510417 0.100000 0.133333
0 0.734375 0.756250 0.100000 0.133333
0 0.564063 0.135417 0.100000 0.133333
0 0.448437 0.883333 0.100000 0.133333
0 0.106250 0.772917 0.100000 0.133333
0 0.378125 0.787500 0.100000 0.133333
0 0.134375 0.475000 0.100000 0.133333
0 0.120313 0.383333 0.100000 0.133333
0 0.531250 0.862500 0.100000 0.133333
0 0.406250 0.122917 0.100000 0.133333
0 0.639062 0.727083 0.100000 0.133333
0 0.271875 0.087500 0.100000 0.133333
0 0.685937 0.129167 0.100000 0.133333
0 0.750000 0.618750 0.100000 0.133333
0 0.253125 0.366667 0.100000 0.133333
0 0.187500 0.158333 0.100000 0.133333
0 0.400000 0.175000 0.100000 0.133333
0 0.651563 0.247917 0.100000 0.133333
0 0.165625 0.820833 0.100000 0.133333
0 0.490625 0.466667 0.100000 0.133333
0 0.889062 0.839583 0.100000 0.133333
0 0.195312 0.256250 0.100000 0.133333
0 0.160938 0.781250 0.100000 0.133333
0 0.412500 0.279167 0.100000 0.133333
0 0.846875 0.127083 0.100000 0.133333
0 0.281250 0.568750 0.100000 0.133333
0 0.382812 0.833333 0.100000 0.133333
0 0.387500 0.456250 0.100000 0.133333
0 0.434375 0.541667 0.100000 0.133333
0 0.606250 0.768750 0.100000 0.133333
0 0.642188 0.547917 0.100000 0.133333
0 0.840625 0.762500 0.100000 0.133333
0 0.610938 0.110417 0.100000 0.133333
0 0.370312 0.431250 0.100000 0.133333
0 0.434375 0.854167 0.100000 0.133333
0 0.718750 0.604167 0.100000 0.133333
0 0.823438 0.383333 0.100000 0.133333
0 0.173437 0.537500 0.100000 0.133333
0 0.446875 0.641667 0.100000 0.133333
0 0.634375 0.889583 0.100000 0.133333
0 0.129688 0.852083 0.100000 0.133333
0 0.129688 0.364583 0.100000 0.133333
0 0.671875 0.233333 0.100000 0.133333
0 0.560937 0.093750 0.100000 0.133333
0 0.671875 0.841667 0.100000 0.133333
0 0.529687 0.616667 0.100000 0.133333
0 0.845313 0.154167 0.100000 0.133333
0 0.514062 0.737500 0.100000 0.133333
0 0.431250 0.322917 0.100000 0.133333
0 0.632812 0.539583 0.100000 0.133333
0 0.318750 0.302083 0.100000 0.133333
0 0.323437 0.475000 0.100000 0.133333
0 0.275000 0.097917 0.100000 0.133333
0 0.775000 0.139583 0.100000 0.133333
0 0.329688 0.431250 0.100000 0.133333
0 0.832812 0.150000 0.100000 0.133333
0 0.214062 0.252083 0.100000 0.133333
0 0.685937 0.422917 0.100000 0.133333
0 0.770312 0.700000 0.100000 0.133333
0 0.445312 0.593750 0.100000 0.133333
0 0.823438 0.179167 0.100000 0.133333
0 0.856250 0.291667 0.100000 0.133333
0 0.345313 0.825000 0.100000 0.133333
0 0.739062 0.787500 0.100000 0.133333
0 0.745313 0.581250 0.100000 0.133333
0 0.478125 0.837500 0.100000 0.133333
0 0.368750 0.531250 0.100000 0.133333
0 0.256250 0.275000 0.100000 0.133333
0 0.260937 0.110417 0.100000 0.133333
0 0.464062 0.452083 0.100000 0.133333
0 0.882812 0.485417 0.100000 0.133333
0 0.278125 0.360417 0.100000 0.133333
0 0.703125 0.075000 0.100000 0.133333
0 0.162500 0.777083 0.100000 0.133333
0 0.385937 0.452083 0.100000 0.133333
0 0.584375 0.735417 0.100000 0.133333
0 0.625000 0.089583 0.100000 0.133333
0 0.531250 0.764583 0.100000 0.133333
0 0.620313 0.720833 0.100000 0.133333
0 0.234375 0.129167 0.100000 0.133333
0 0.409375 0.485417 0.100000 0.133333
0 0.810937 0.070833 0.100000 0.133333
0 0.631250 0.781250 0.100000 0.133333
0 0.628125 0.720833 0.100000 0.133333
0 0.434375 0.225000 0.100000 0.133333
0 0.323437 0.695833 0.100000 0.133333
0 0.535937 0.381250 0.100000 0.133333
0 0.665625 0.181250 0.100000 0.133333
0 0.315625 0.481250 0.100000 0.133333
0 0.234375 0.691667 0.100000 0.133333
0 0.390625 0.770833 0.100000 0.133333
0 0.678125 0.333333 0.100000 0.133333
0 0.390625 0.220833 0.100000 0.133333
0 0.434375 0.710417 0.100000 0.133333
0 0.434375 0.608333 0.100000 0.133333
0 0.204687 0.687500 0.100000 0.133333
1 0.606250 0.843750 0.100000 0.133333
1 0.364063 0.143750 0.100000 0.133333
1 0.475000 0.802083 0.100000 0.133333
1 0.170313 0.258333 0.100000 0.133333
1 0.398438 0.500000 0.100000 0.133333
