0 0.226562 0.687500 0.100000 0.133333
0 0.154688 0.118750 0.100000 0.133333
0 0.550000 0.139583 0.100000 0.133333
0 0.628125 0.318750 0.100000 0.133333
0 0.750000 0.500000 0.100000 0.133333
0 0.826562 0.077083 0.100000 0.133333
0 0.600000 0.727083 0.100000 0.133333
0 0.696875 0.214583 0.100000 0.133333
0 0.682813 0.643750 0.100000 0.133333
0 0.767188 0.291667 0.100000 0.133333
0 0.465625 0.566667 0.100000 0.133333
0 0.551562 0.772917 0.100000 0.133333
0 0.501563 0.289583 0.100000 0.133333
0 0.137500 0.714583 0.100000 0.133333
0 0.471875 0.629167 0.100000 0.133333
0 0.820312 0.250000 0.100000 0.133333
0 0.112500 0.693750 0.100000 0.133333
0 0.240625 0.445833 0.100000 0.133333
0 0.542188 0.241667 0.100000 0.133333
0 0.228125 0.506250 0.100000 0.133333
0 0.303125 0.104167 0.100000 0.133333
0 0.142187 0.402083 0.100000 0.133333
0 0.170313 0.614583 0.100000 0.133333
0 0.179688 0.631250 0.100000 0.133333
0 0.843750 0.318750 0.100000 0.133333
0 0.370312 0.756250 0.100000 0.133333
0 0.468750 0.341667 0.100000 0.133333
0 0.628125 0.552083 0.100000 0.133333
0 0.687500 0.081250 0.100000 0.133333
0 0.142187 0.791667 0.100000 0.133333
0 0.576562 0.231250 0.100000 0.133333
0 0.446875 0.656250 0.100000 0.133333
0 0.637500 0.239583 0.100000 0.133333
0 0.339062 0.820833 0.100000 0.133333
0 0.167187 0.508333 0.100000 0.133333
0 0.504687 0.110417 0.100000 0.133333
0 0.832812 0.406250 0.100000 0.133333
0 0.693750 0.487500 0.100000 0.133333
0 0.884375 0.397917 0.100000 0.133333
0 0.335938 0.697917 0.100000 0.133333
0 0.175000 0.364583 0.100000 0.133333
0 0.515625 0.220833 0.100000 0.133333
0 0.609375 0.287500 0.100000 0.133333
0 0.282813 0.110417 0.100000 0.133333
0 0.571875 0.300000 0.100000 0.133333
0 0.353125 0.339583 0.100000 0.133333
0 0.662500 0.306250 0.100000 0.133333
0 0.776563 0.387500 0.100000 0.133333
0 0.617188 0.481250 0.100000 0.133333
0 0.885938 0.712500 0.100000 0.133333
0 0.326562 0.354167 0.100000 0.133333
0 0.882812 0.575000 0.100000 0.133333
0 0.848437 0.245833 0.100000 0.133333
0 0.828125 0.366667 0.100000 0.133333
0 0.806250 0.227083 0.100000 0.133333
0 0.748437 0.756250 0.100000 0.133333
0 0.334375 0.668750 0.100000 0.133333
0 0.232813 0.506250 0.100000 0.133333
0 0.704688 0.233333 0.100000 0.133333
0 0.543750 0.737500 0.100000 0.133333
0 0.232813 0.289583 0.100000 0.133333
0 0.303125 0.429167 0.100000 0.133333
0 0.731250 0.664583 0.100000 0.133333
0 0.582812 0.383333 0.100000 0.133333
0 0.396875 0.400000 0.100000 0.133333
0 0.562500 0.783333 0.100000 0.133333
0 0.607812 0.531250 0.100000 0.133333
0 0.210938 0.756250 0.100000 0.133333
0 0.279687 0.258333 0.100000 0.133333
0 0.776563 0.104167 0.100000 0.133333
0 0.201563 0.737500 0.100000 0.133333
0 0.856250 0.845833 0.100000 0.133333
0 0.896875 0.829167 0.100000 0.133333
0 0.489063 0.552083 0.100000 0.133333
0 0.448437 0.320833 0.100000 0.133333
0 0.337500 0.156250 0.100000 0.133333
0 0.331250 0.229167 0.100000 0.133333
0 0.417187 0.081250 0.100000 0.133333
0 0.478125 0.506250 0.100000 0.133333
0 0.696875 0.156250 0.100000 0.133333
0 0.670312 0.745833 0.100000 0.133333
0 0.357812 0.589583 0.100000 0.133333
0 0.212500 0.606250 0.100000 0.133333
0 0.312500 0.193750 0.100000 0.133333
0 0.826562 0.456250 0.100000 0.133333
0 0.757812 0.262500 0.100000 0.133333
0 0.431250 0.254167 0.100000 0.133333
0 0.782813 0.485417 0.100000 0.133333
0 0.375000 0.652083 0.100000 0.133333
0 0.371875 0.729167 0.100000 0.133333
0 0.531250 0.789583 0.100000 0.133333
0 0.353125 0.402083 0.100000 0.133333
0 0.170313 0.695833 0.100000 0.133333
0 0.639062 0.891667 0.100000 0.133333
0 0.879687 0.662500 0.100000 0.133333
0 0.535937 0.777083 0.100000 0.133333
0 0.814063 0.147917 0.100000 0.133333
0 0.468750 0.589583 0.100000 0.133333
0 0.465625 0.297917 0.100000 0.133333
0 0.773438 0.239583 0.100000 0.133333
0 0.403125 0.202083 0.100000 0.133333
0 0.617188 0.087500 0.100000 0.133333
0 0.240625 0.827083 0.100000 0.133333
0 0.864062 0.866667 0.100000 0.133333
0 0.709375 0.283333 0.100000 0.133333
0 0.137500 0.147917 0.100000 0.133333
0 0.356250 0.131250 0.100000 0.133333
0 0.106250 0.672917 0.100000 0.133333
0 0.237500 0.593750 0.100000 0.133333
0 0.550000 0.114583 0.100000 0.133333
0 0.475000 0.750000 0.100000 0.133333
0 0.525000 0.187500 0.100000 0.133333
0 0.278125 0.504167 0.100000 0.133333
0 0.445312 0.070833 0.100000 0.133333
0 0.701562 0.833333 0.100000 0.133333
0 0.126562 0.320833 0.100000 0.133333
0 0.692187 0.775000 0.100000 0.133333
0 0.550000 0.600000 0.100000 0.133333
0 0.351562 0.166667 0.100000 0.133333
0 0.453125 0.741667 0.100000 0.133333
0 0.778125 0.468750 0.100000 0.133333
0 0.190625 0.293750 0.100000 0.133333
0 0.346875 0.500000 0.100000 0.133333
0 0.740625 0.502083 0.100000 0.133333
0 0.198437 0.093750 0.100000 0.133333
0 0.250000 0.712500 0.100000 0.133333
0 0.207813 0.468750 0.100000 0.133333
0 0.237500 0.154167 0.100000 0.133333
0 0.867188 0.137500 0.100000 0.133333
0 0.189062 0.454167 0.100000 0.133333
0 0.293750 0.477083 0.100000 0.133333
0 0.181250 0.360417 0.100000 0.133333
0 0.365625 0.504167 0.100000 0.133333
0 0.575000 0.816667 0.100000 0.133333
0 0.759375 0.431250 0.100000 0.133333
0 0.673438 0.245833 0.100000 0.133333
0 0.189062 0.685417 0.100000 0.133333
0 0.101562 0.789583 0.100000 0.133333
0 0.223438 0.110417 0.100000 0.133333
0 0.698438 0.154167 0.100000 0.133333
0 0.221875 0.102083 0.100000 0.133333
0 0.625000 0.627083 0.100000 0.133333
0 0.234375 0.093750 0.100000 0.133333
0 0.248438 0.643750 0.100000 0.133333
0 0.685937 0.810417 0.100000 0.133333
0 0.346875 0.531250 0.100000 0.133333
0 0.779687 0.510417 0.100000 0.133333
0 0.417187 0.375000 0.100000 0.133333
0 0.300000 0.810417 0.100000 0.133333
0 0.181250 0.208333 0.100000 0.133333
1 0.396875 0.095833 0.100000 0.133333
1 0.671875 0.158333 0.100000 0.133333
1 0.584375 0.416667 0.100000 0.133333
1 0.721875 0.841667 0.100000 0.133333
1 0.648438 0.783333 0.100000 0.133333
