0 0.900000 0.645833 0.100000 0.133333
0 0.164062 0.652083 0.100000 0.133333
0 0.301563 0.293750 0.100000 0.133333
0 0.303125 0.570833 0.100000 0.133333
0 0.242188 0.550000 0.100000 0.133333
0 0.778125 0.768750 0.100000 0.133333
0 0.242188 0.714583 0.100000 0.133333
0 0.562500 0.568750 0.100000 0.133333
0 0.662500 0.370833 0.100000 0.133333
0 0.523438 0.160417 0.100000 0.133333
0 0.768750 0.737500 0.100000 0.133333
0 0.598437 0.431250 0.100000 0.133333
0 0.462500 0.081250 0.100000 0.133333
0 0.517188 0.606250 0.100000 0.133333
0 0.759375 0.297917 0.100000 0.133333
0 0.106250 0.233333 0.100000 0.133333
0 0.525000 0.554167 0.100000 0.133333
0 0.535937 0.683333 0.100000 0.133333
0 0.457813 0.089583 0.100000 0.133333
0 0.400000 0.233333 0.100000 0.133333
0 0.770312 0.835417 0.100000 0.133333
0 0.129688 0.287500 0.100000 0.133333
0 0.284375 0.708333 0.100000 0.133333
0 0.440625 0.370833 0.100000 0.133333
0 0.218750 0.283333 0.100000 0.133333
0 0.782813 0.258333 0.100000 0.133333
0 0.385937 0.350000 0.100000 0.133333
0 0.185938 0.289583 0.100000 0.133333
0 0.662500 0.679167 0.100000 0.133333
0 0.831250 0.722917 0.100000 0.133333
0 0.545312 0.795833 0.100000 0.133333
0 0.407813 0.533333 0.100000 0.133333
0 0.825000 0.533333 0.100000 0.133333
0 0.332813 0.610417 0.100000 0.133333
0 0.682813 0.662500 0.100000 0.133333
0 0.171875 0.100000 0.100000 0.133333
0 0.285938 0.270833 0.100000 0.133333
0 0.198437 0.477083 0.100000 0.133333
0 0.145313 0.589583 0.100000 0.133333
0 0.268750 0.720833 0.100000 0.133333
0 0.182812 0.831250 0.100000 0.133333
0 0.654687 0.525000 0.100000 0.133333
0 0.585938 0.537500 0.100000 0.133333
0 0.529687 0.314583 0.100000 0.133333
0 0.439063 0.497917 0.100000 0.133333
0 0.381250 0.854167 0.100000 0.133333
0 0.639062 0.260417 0.100000 0.133333
0 0.243750 0.885417 0.100000 0.133333
0 0.206250 0.675000 0.100000 0.133333
0 0.503125 0.375000 0.100000 0.133333
0 0.876563 0.741667 0.100000 0.133333
0 0.706250 0.872917 0.100000 0.133333
0 0.110937 0.541667 0.100000 0.133333
0 0.898438 0.435417 0.100000 0.133333
0 0.809375 0.456250 0.100000 0.133333
0 0.495312 0.793750 0.100000 0.133333
0 0.712500 0.485417 0.100000 0.133333
0 0.557813 0.112500 0.100000 0.133333
0 0.210938 0.372917 0.100000 0.133333
0 0.184375 0.147917 0.100000 0.133333
0 0.157812 0.372917 0.100000 0.133333
0 0.767188 0.304167 0.100000 0.133333
0 0.150000 0.118750 0.100000 0.133333
0 0.214062 0.481250 0.100000 0.133333
0 0.567187 0.591667 0.100000 0.133333
0 0.885938 0.658333 0.100000 0.133333
0 0.276562 0.254167 0.100000 0.133333
0 0.300000 0.575000 0.100000 0.133333
0 0.643750 0.164583 0.100000 0.133333
0 0.817187 0.302083 0.100000 0.133333
0 0.410938 0.556250 0.100000 0.133333
0 0.696875 0.400000 0.100000 0.133333
0 0.160938 0.162500 0.100000 0.133333
0 0.420312 0.879167 0.100000 0.133333
0 0.404687 0.379167 0.100000 0.133333
0 0.801562 0.375000 0.100000 0.133333
0 0.495312 0.477083 0.100000 0.133333
0 0.328125 0.164583 0.100000 0.133333
0 0.182812 0.550000 0.100000 0.133333
0 0.579688 0.220833 0.100000 0.133333
0 0.170313 0.750000 0.100000 0.133333
0 0.773438 0.102083 0.100000 0.133333
0 0.418750 0.077083 0.100000 0.133333
0 0.301563 0.714583 0.100000 0.133333
0 0.492188 0.368750 0.100000 0.133333
0 0.432812 0.820833 0.100000 0.133333
0 0.607812 0.350000 0.100000 0.133333
0 0.600000 0.793750 0.100000 0.133333
0 0.526563 0.489583 0.100000 0.133333
0 0.648438 0.302083 0.100000 0.133333
0 0.256250 0.508333 0.100000 0.133333
0 0.362500 0.427083 0.100000 0.133333
0 0.381250 0.552083 0.100000 0.133333
0 0.632812 0.687500 0.100000 0.133333
0 0.295312 0.691667 0.100000 0.133333
0 0.193750 0.772917 0.100000 0.133333
0 0.207813 0.162500 0.100000 0.133333
0 0.506250 0.393750 0.100000 0.133333
0 0.576562 0.137500 0.100000 0.133333
0 0.767188 0.718750 0.100000 0.133333
0 0.826562 0.852083 0.100000 0.133333
0 0.262500 0.612500 0.100000 0.133333
0 0.535937 0.514583 0.100000 0.133333
0 0.856250 0.866667 0.100000 0.133333
0 0.317188 0.747917 0.100000 0.133333
0 0.331250 0.464583 0.100000 0.133333
0 0.520312 0.839583 0.100000 0.133333
0 0.237500 0.133333 0.100000 0.133333
0 0.742188 0.295833 0.100000 0.133333
0 0.387500 0.193750 0.100000 0.133333
0 0.645312 0.068750 0.100000 0.133333
0 0.332813 0.622917 0.100000 0.133333
0 0.542188 0.891667 0.100000 0.133333
0 0.473438 0.725000 0.100000 0.133333
0 0.345313 0.672917 0.100000 0.133333
0 0.765625 0.510417 0.100000 0.133333
0 0.443750 0.464583 0.100000 0.133333
0 0.171875 0.756250 0.100000 0.133333
0 0.554688 0.270833 0.100000 0.133333
0 0.550000 0.291667 0.100000 0.133333
0 0.342187 0.391667 0.100000 0.133333
0 0.145313 0.212500 0.100000 0.133333
0 0.818750 0.625000 0.100000 0.133333
0 0.398438 0.277083 0.100000 0.133333
0 0.165625 0.708333 0.100000 0.133333
0 0.809375 0.414583 0.100000 0.133333
0 0.406250 0.191667 0.100000 0.133333
0 0.742188 0.595833 0.100000 0.133333
0 0.704688 0.329167 0.100000 0.133333
0 0.165625 0.445833 0.100000 0.133333
0 0.437500 0.216667 0.100000 0.133333
0 0.768750 0.268750 0.100000 0.133333
0 0.579688 0.220833 0.100000 0.133333
0 0.370312 0.262500 0.100000 0.133333
0 0.560937 0.708333 0.100000 0.133333
0 0.431250 0.077083 0.100000 0.133333
0 0.650000 0.566667 0.100000 0.133333
0 0.190625 0.695833 0.100000 0.133333
0 0.759375 0.350000 0.100000 0.133333
0 0.159375 0.529167 0.100000 0.133333
0 0.564063 0.118750 0.100000 0.133333
0 0.714063 0.702083 0.100000 0.133333
0 0.226562 0.789583 0.100000 0.133333
0 0.526563 0.131250 0.100000 0.133333
0 0.582812 0.633333 0.100000 0.133333
0 0.603125 0.245833 0.100000 0.133333
0 0.851562 0.287500 0.100000 0.133333
0 0.746875 0.356250 0.100000 0.133333
0 0.462500 0.135417 0.100000 0.133333
0 0.107813 0.556250 0.100000 0.133333
1 0.053125 0.237500 0.100000 0.133333
1 0.692187 0.450000 0.100000 0.133333
1 0.667188 0.145833 0.100000 0.133333
1 0.592187 0.841667 0.100000 0.133333
1 0.906250 0.504167 0.100000 0.133333
