0 0.614062 0.206250 0.100000 0.133333
0 0.767188 0.437500 0.100000 0.133333
0 0.801562 0.164583 0.100000 0.133333
0 0.810937 0.114583 0.100000 0.133333
0 0.340625 0.195833 0.100000 0.133333
0 0.175000 0.697917 0.100000 0.133333
0 0.376563 0.754167 0.100000 0.133333
0 0.425000 0.081250 0.100000 0.133333
0 0.623437 0.100000 0.100000 0.133333
0 0.464062 0.172917 0.100000 0.133333
0 0.840625 0.702083 0.100000 0.133333
0 0.140625 0.193750 0.100000 0.133333
0 0.864062 0.833333 0.100000 0.133333
0 0.260937 0.170833 0.100000 0.133333
0 0.600000 0.202083 0.100000 0.133333
0 0.718750 0.337500 0.100000 0.133333
0 0.517188 0.564583 0.100000 0.133333
0 0.295312 0.791667 0.100000 0.133333
0 0.650000 0.254167 0.100000 0.133333
0 0.531250 0.779167 0.100000 0.133333
0 0.771875 0.375000 0.100000 0.133333
0 0.173437 0.593750 0.100000 0.133333
0 0.460938 0.520833 0.100000 0.133333
0 0.240625 0.445833 0.100000 0.133333
0 0.457813 0.883333 0.100000 0.133333
0 0.312500 0.706250 0.100000 0.133333
0 0.284375 0.756250 0.100000 0.133333
0 0.687500 0.091667 0.100000 0.133333
0 0.146875 0.591667 0.100000 0.133333
0 0.515625 0.631250 0.100000 0.133333
0 0.395313 0.716667 0.100000 0.133333
0 0.439063 0.243750 0.100000 0.133333
0 0.142187 0.364583 0.100000 0.133333
0 0.670312 0.812500 0.100000 0.133333
0 0.818750 0.889583 0.100000 0.133333
0 0.243750 0.493750 0.100000 0.133333
0 0.226562 0.150000 0.100000 0.133333
0 0.531250 0.295833 0.100000 0.133333
0 0.315625 0.854167 0.100000 0.133333
0 0.882812 0.683333 0.100000 0.133333
0 0.546875 0.587500 0.100000 0.133333
0 0.246875 0.710417 0.100000 0.133333
0 0.493750 0.656250 0.100000 0.133333
0 0.210938 0.141667 0.100000 0.133333
0 0.298438 0.750000 0.100000 0.133333
0 0.370312 0.395833 0.100000 0.133333
0 0.335938 0.468750 0.100000 0.133333
0 0.590625 0.797917 0.100000 0.133333
0 0.601562 0.479167 0.100000 0.133333
0 0.850000 0.370833 0.100000 0.133333
0 0.428125 0.597917 0.100000 0.133333
0 0.235937 0.416667 0.100000 0.133333
0 0.785937 0.375000 0.100000 0.133333
0 0.796875 0.268750 0.100000 0.133333
0 0.781250 0.702083 0.100000 0.133333
0 0.729688 0.635417 0.100000 0.133333
0 0.806250 0.481250 0.100000 0.133333
0 0.357812 0.768750 0.100000 0.133333
0 0.846875 0.639583 0.100000 0.133333
0 0.810937 0.414583 0.100000 0.133333
0 0.359375 0.135417 0.100000 0.133333
0 0.789062 0.441667 0.100000 0.133333
0 0.396875 0.810417 0.100000 0.133333
0 0.750000 0.795833 0.100000 0.133333
0 0.290625 0.166667 0.100000 0.133333
0 0.275000 0.179167 0.100000 0.133333
0 0.146875 0.681250 0.100000 0.133333
0 0.173437 0.670833 0.100000 0.133333
0 0.429688 0.202083 0.100000 0.133333
0 0.295312 0.291667 0.100000 0.133333
0 0.759375 0.118750 0.100000 0.133333
0 0.328125 0.512500 0.100000 0.133333
0 0.585938 0.300000 0.100000 0.133333
0 0.281250 0.433333 0.100000 0.133333
0 0.492188 0.187500 0.100000 0.133333
0 0.839063 0.079167 0.100000 0.133333
0 0.778125 0.806250 0.100000 0.133333
0 0.204687 0.797917 0.100000 0.133333
0 0.246875 0.754167 0.100000 0.133333
0 0.742188 0.787500 0.100000 0.133333
0 0.492188 0.631250 0.100000 0.133333
0 0.270313 0.545833 0.100000 0.133333
0 0.723437 0.720833 0.100000 0.133333
0 0.354687 0.729167 0.100000 0.133333
0 0.664062 0.106250 0.100000 0.133333
0 0.725000 0.795833 0.100000 0.133333
0 0.568750 0.779167 0.100000 0.133333
0 0.493750 0.789583 0.100000 0.133333
0 0.640625 0.652083 0.100000 0.133333
0 0.606250 0.860417 0.100000 0.133333
0 0.365625 0.433333 0.100000 0.133333
0 0.806250 0.222917 0.100000 0.133333
0 0.700000 0.635417 0.100000 0.133333
0 0.340625 0.360417 0.100000 0.133333
0 0.346875 0.114583 0.100000 0.133333
0 0.420312 0.475000 0.100000 0.133333
0 0.603125 0.622917 0.100000 0.133333
0 0.693750 0.218750 0.100000 0.133333
0 0.868750 0.262500 0.100000 0.133333
0 0.196875 0.356250 0.100000 0.133333
0 0.846875 0.672917 0.100000 0.133333
0 0.595313 0.525000 0.100000 0.133333
0 0.726562 0.075000 0.100000 0.133333
0 0.196875 0.258333 0.100000 0.133333
0 0.704688 0.629167 0.100000 0.133333
0 0.748437 0.508333 0.100000 0.133333
0 0.179688 0.297917 0.100000 0.133333
0 0.431250 0.825000 0.100000 0.133333
0 0.487500 0.862500 0.100000 0.133333
0 0.718750 0.095833 0.100000 0.133333
0 0.600000 0.883333 0.100000 0.133333
0 0.121875 0.237500 0.100000 0.133333
0 0.731250 0.308333 0.100000 0.133333
0 0.432812 0.412500 0.100000 0.133333
0 0.409375 0.568750 0.100000 0.133333
0 0.678125 0.700000 0.100000 0.133333
0 0.203125 0.718750 0.100000 0.133333
0 0.593750 0.529167 0.100000 0.133333
0 0.145313 0.870833 0.100000 0.133333
0 0.735938 0.579167 0.100000 0.133333
0 0.617188 0.225000 0.100000 0.133333
0 0.298438 0.202083 0.100000 0.133333
0 0.182812 0.666667 0.100000 0.133333
0 0.314063 0.481250 0.100000 0.133333
0 0.237500 0.639583 0.100000 0.133333
0 0.720313 0.275000 0.100000 0.133333
0 0.653125 0.550000 0.100000 0.133333
0 0.517188 0.647917 0.100000 0.133333
0 0.262500 0.860417 0.100000 0.133333
0 0.225000 0.100000 0.100000 0.133333
0 0.553125 0.154167 0.100000 0.133333
0 0.389062 0.825000 0.100000 0.133333
0 0.726562 0.697917 0.100000 0.133333
0 0.742188 0.710417 0.100000 0.133333
0 0.106250 0.170833 0.100000 0.133333
0 0.818750 0.508333 0.100000 0.133333
0 0.657813 0.539583 0.100000 0.133333
0 0.539062 0.068750 0.100000 0.133333
0 0.109375 0.372917 0.100000 0.133333
0 0.435937 0.633333 0.100000 0.133333
0 0.620313 0.237500 0.100000 0.133333
0 0.410938 0.068750 0.100000 0.133333
0 0.317188 0.729167 0.100000 0.133333
0 0.235937 0.391667 0.100000 0.133333
0 0.845313 0.116667 0.100000 0.133333
0 0.429688 0.172917 0.100000 0.133333
0 0.842187 0.095833 0.100000 0.133333
0 0.760938 0.137500 0.100000 0.133333
0 0.137500 0.106250 0.100000 0.133333
0 0.900000 0.847917 0.100000 0.133333
1 0.365625 0.183333 0.100000 0.133333
1 0.342187 0.289583 0.100000 0.133333
1 0.642188 0.739583 0.100000 0.133333
1 0.723437 0.185417 0.100000 0.133333
1 0.293750 0.133333 0.100000 0.133333
