0 0.796875 0.835417 0.100000 0.133333
0 0.529687 0.775000 0.100000 0.133333
0 0.390625 0.672917 0.100000 0.133333
0 0.823438 0.245833 0.100000 0.133333
0 0.765625 0.535417 0.100000 0.133333
0 0.517188 0.150000 0.100000 0.133333
0 0.876563 0.220833 0.100000 0.133333
0 0.529687 0.731250 0.100000 0.133333
0 0.884375 0.654167 0.100000 0.133333
0 0.112500 0.260417 0.100000 0.133333
0 0.760938 0.539583 0.100000 0.133333
0 0.125000 0.777083 0.100000 0.133333
0 0.215625 0.443750 0.100000 0.133333
0 0.443750 0.622917 0.100000 0.133333
0 0.317188 0.839583 0.100000 0.133333
0 0.812500 0.520833 0.100000 0.133333
0 0.618750 0.352083 0.100000 0.133333
0 0.529687 0.558333 0.100000 0.133333
0 0.364063 0.475000 0.100000 0.133333
0 0.359375 0.552083 0.100000 0.133333
0 0.659375 0.860417 0.100000 0.133333
0 0.281250 0.095833 0.100000 0.133333
0 0.448437 0.216667 0.100000 0.133333
0 0.806250 0.891667 0.100000 0.133333
0 0.526563 0.581250 0.100000 0.133333
0 0.843750 0.445833 0.100000 0.133333
0 0.220312 0.175000 0.100000 0.133333
0 0.234375 0.327083 0.100000 0.133333
0 0.203125 0.264583 0.100000 0.133333
0 0.718750 0.154167 0.100000 0.133333
0 0.587500 0.885417 0.100000 0.133333
0 0.679688 0.762500 0.100000 0.133333
0 0.842187 0.706250 0.100000 0.133333
0 0.798438 0.504167 0.100000 0.133333
0 0.270313 0.139583 0.100000 0.133333
0 0.264062 0.537500 0.100000 0.133333
0 0.498437 0.433333 0.100000 0.133333
0 0.231250 0.650000 0.100000 0.133333
0 0.653125 0.612500 0.100000 0.133333
0 0.456250 0.493750 0.100000 0.133333
0 0.550000 0.525000 0.100000 0.133333
0 0.635938 0.564583 0.100000 0.133333
0 0.360938 0.654167 0.100000 0.133333
0 0.431250 0.189583 0.100000 0.133333
0 0.628125 0.589583 0.100000 0.133333
0 0.173437 0.831250 0.100000 0.133333
0 0.429688 0.356250 0.100000 0.133333
0 0.396875 0.229167 0.100000 0.133333
0 0.643750 0.070833 0.100000 0.133333
0 0.757812 0.775000 0.100000 0.133333
0 0.171875 0.622917 0.100000 0.133333
0 0.264062 0.804167 0.100000 0.133333
0 0.232813 0.362500 0.100000 0.133333
0 0.264062 0.408333 0.100000 0.133333
0 0.581250 0.343750 0.100000 0.133333
0 0.837500 0.608333 0.100000 0.133333
0 0.551562 0.193750 0.100000 0.133333
0 0.534375 0.170833 0.100000 0.133333
0 0.557813 0.093750 0.100000 0.133333
0 0.271875 0.833333 0.100000 0.133333
0 0.139063 0.281250 0.100000 0.133333
0 0.875000 0.175000 0.100000 0.133333
0 0.696875 0.656250 0.100000 0.133333
0 0.756250 0.706250 0.100000 0.133333
0 0.832812 0.775000 0.100000 0.133333
0 0.342187 0.391667 0.100000 0.133333
0 0.345313 0.379167 0.100000 0.133333
0 0.781250 0.325000 0.100000 0.133333
0 0.431250 0.675000 0.100000 0.133333
0 0.815625 0.808333 0.100000 0.133333
0 0.284375 0.322917 0.100000 0.133333
0 0.615625 0.250000 0.100000 0.133333
0 0.139063 0.889583 0.100000 0.133333
0 0.785937 0.125000 0.100000 0.133333
0 0.407813 0.552083 0.100000 0.133333
0 0.445312 0.602083 0.100000 0.133333
0 0.682813 0.614583 0.100000 0.133333
0 0.279687 0.160417 0.100000 0.133333
0 0.204687 0.343750 0.100000 0.133333
0 0.573438 0.289583 0.100000 0.133333
0 0.843750 0.495833 0.100000 0.133333
0 0.410938 0.341667 0.100000 0.133333
0 0.785937 0.110417 0.100000 0.133333
0 0.792188 0.879167 0.100000 0.133333
0 0.776563 0.300000 0.100000 0.133333
0 0.215625 0.177083 0.100000 0.133333
0 0.479687 0.668750 0.100000 0.133333
0 0.353125 0.160417 0.100000 0.133333
0 0.678125 0.360417 0.100000 0.133333
0 0.345313 0.252083 0.100000 0.133333
0 0.809375 0.781250 0.100000 0.133333
0 0.443750 0.293750 0.100000 0.133333
0 0.157812 0.522917 0.100000 0.133333
0 0.821875 0.120833 0.100000 0.133333
0 0.656250 0.689583 0.100000 0.133333
0 0.487500 0.214583 0.100000 0.133333
0 0.220312 0.672917 0.100000 0.133333
0 0.882812 0.435417 0.100000 0.133333
0 0.695312 0.450000 0.100000 0.133333
0 0.346875 0.237500 0.100000 0.133333
0 0.607812 0.160417 0.100000 0.133333
0 0.143750 0.775000 0.100000 0.133333
0 0.218750 0.285417 0.100000 0.133333
0 0.275000 0.629167 0.100000 0.133333
0 0.262500 0.777083 0.100000 0.133333
0 0.557813 0.191667 0.100000 0.133333
0 0.900000 0.310417 0.100000 0.133333
0 0.771875 0.622917 0.100000 0.133333
0 0.520312 0.416667 0.100000 0.133333
0 0.195312 0.168750 0.100000 0.133333
0 0.720313 0.235417 0.100000 0.133333
0 0.532813 0.254167 0.100000 0.133333
0 0.804688 0.312500 0.100000 0.133333
0 0.168750 0.879167 0.100000 0.133333
0 0.395313 0.214583 0.100000 0.133333
0 0.146875 0.143750 0.100000 0.133333
0 0.340625 0.237500 0.100000 0.133333
0 0.376563 0.381250 0.100000 0.133333
0 0.343750 0.127083 0.100000 0.133333
0 0.189062 0.333333 0.100000 0.133333
0 0.678125 0.539583 0.100000 0.133333
0 0.151562 0.706250 0.100000 0.133333
0 0.228125 0.325000 0.100000 0.133333
0 0.618750 0.458333 0.100000 0.133333
0 0.681250 0.729167 0.100000 0.133333
0 0.670312 0.637500 0.100000 0.133333
0 0.673438 0.806250 0.100000 0.133333
0 0.637500 0.539583 0.100000 0.133333
0 0.457813 0.652083 0.100000 0.133333
0 0.676562 0.433333 0.100000 0.133333
0 0.421875 0.616667 0.100000 0.133333
0 0.726562 0.339583 0.100000 0.133333
0 0.464062 0.627083 0.100000 0.133333
0 0.214062 0.858333 0.100000 0.133333
0 0.831250 0.135417 0.100000 0.133333
0 0.442188 0.122917 0.100000 0.133333
0 0.428125 0.729167 0.100000 0.133333
0 0.659375 0.166667 0.100000 0.133333
0 0.145313 0.535417 0.100000 0.133333
0 0.418750 0.479167 0.100000 0.133333
0 0.795312 0.356250 0.100000 0.133333
0 0.540625 0.277083 0.100000 0.133333
0 0.543750 0.450000 0.100000 0.133333
0 0.320312 0.139583 0.100000 0.133333
0 0.217188 0.158333 0.100000 0.133333
0 0.592187 0.716667 0.100000 0.133333
0 0.689063 0.343750 0.100000 0.133333
0 0.103125 0.447917 0.100000 0.133333
0 0.823438 0.843750 0.100000 0.133333
0 0.701562 0.752083 0.100000 0.133333
1 0.123438 0.470833 0.100000 0.133333
1 0.228125 0.627083 0.100000 0.133333
1 0.732812 0.704167 0.100000 0.133333
1 0.784375 0.197917 0.100000 0.133333
1 0.195312 0.670833 0.100000 0.133333
