0 0.503125 0.700000 0.100000 0.133333
0 0.685937 0.837500 0.100000 0.133333
0 0.429688 0.279167 0.100000 0.133333
0 0.457813 0.368750 0.100000 0.133333
0 0.203125 0.535417 0.100000 0.133333
0 0.307812 0.210417 0.100000 0.133333
0 0.556250 0.322917 0.100000 0.133333
0 0.851562 0.835417 0.100000 0.133333
0 0.739062 0.737500 0.100000 0.133333
0 0.739062 0.364583 0.100000 0.133333
0 0.728125 0.139583 0.100000 0.133333
0 0.645312 0.606250 0.100000 0.133333
0 0.440625 0.283333 0.100000 0.133333
0 0.637500 0.312500 0.100000 0.133333
0 0.675000 0.391667 0.100000 0.133333
0 0.162500 0.414583 0.100000 0.133333
0 0.184375 0.622917 0.100000 0.133333
0 0.535937 0.822917 0.100000 0.133333
0 0.739062 0.306250 0.100000 0.133333
0 0.548438 0.110417 0.100000 0.133333
0 0.103125 0.422917 0.100000 0.133333
0 0.623437 0.672917 0.100000 0.133333
0 0.148438 0.337500 0.100000 0.133333
0 0.885938 0.589583 0.100000 0.133333
0 0.765625 0.712500 0.100000 0.133333
0 0.789062 0.791667 0.100000 0.133333
0 0.717187 0.114583 0.100000 0.133333
0 0.384375 0.312500 0.100000 0.133333
0 0.726562 0.643750 0.100000 0.133333
0 0.126562 0.858333 0.100000 0.133333
0 0.164062 0.435417 0.100000 0.133333
0 0.431250 0.743750 0.100000 0.133333
0 0.846875 0.702083 0.100000 0.133333
0 0.476562 0.862500 0.100000 0.133333
0 0.162500 0.200000 0.100000 0.133333
0 0.676562 0.433333 0.100000 0.133333
0 0.410938 0.168750 0.100000 0.133333
0 0.618750 0.483333 0.100000 0.133333
0 0.307812 0.189583 0.100000 0.133333
0 0.275000 0.202083 0.100000 0.133333
0 0.815625 0.147917 0.100000 0.133333
0 0.332813 0.395833 0.100000 0.133333
0 0.246875 0.581250 0.100000 0.133333
0 0.628125 0.514583 0.100000 0.133333
0 0.248438 0.889583 0.100000 0.133333
0 0.429688 0.297917 0.100000 0.133333
0 0.240625 0.560417 0.100000 0.133333
0 0.821875 0.575000 0.100000 0.133333
0 0.639062 0.354167 0.100000 0.133333
0 0.656250 0.591667 0.100000 0.133333
0 0.756250 0.739583 0.100000 0.133333
0 0.445312 0.147917 0.100000 0.133333
0 0.148438 0.868750 0.100000 0.133333
0 0.735938 0.329167 0.100000 0.133333
0 0.821875 0.766667 0.100000 0.133333
0 0.582812 0.310417 0.100000 0.133333
0 0.376563 0.404167 0.100000 0.133333
0 0.614062 0.252083 0.100000 0.133333
0 0.568750 0.252083 0.100000 0.133333
0 0.482812 0.710417 0.100000 0.133333
0 0.814063 0.693750 0.100000 0.133333
0 0.746875 0.197917 0.100000 0.133333
0 0.139063 0.191667 0.100000 0.133333
0 0.771875 0.393750 0.100000 0.133333
0 0.278125 0.250000 0.100000 0.133333
0 0.376563 0.514583 0.100000 0.133333
0 0.467187 0.579167 0.100000 0.133333
0 0.748437 0.641667 0.100000 0.133333
0 0.156250 0.418750 0.100000 0.133333
0 0.171875 0.729167 0.100000 0.133333
0 0.546875 0.502083 0.100000 0.133333
0 0.296875 0.268750 0.100000 0.133333
0 0.846875 0.718750 0.100000 0.133333
0 0.709375 0.297917 0.100000 0.133333
0 0.182812 0.712500 0.100000 0.133333
0 0.393750 0.685417 0.100000 0.133333
0 0.778125 0.452083 0.100000 0.133333
0 0.684375 0.845833 0.100000 0.133333
0 0.870313 0.877083 0.100000 0.133333
0 0.679688 0.314583 0.100000 0.133333
0 0.864062 0.097917 0.100000 0.133333
0 0.315625 0.764583 0.100000 0.133333
0 0.845313 0.666667 0.100000 0.133333
0 0.418750 0.802083 0.100000 0.133333
0 0.875000 0.356250 0.100000 0.133333
0 0.550000 0.250000 0.100000 0.133333
0 0.884375 0.847917 0.100000 0.133333
0 0.478125 0.245833 0.100000 0.133333
0 0.325000 0.633333 0.100000 0.133333
0 0.275000 0.727083 0.100000 0.133333
0 0.756250 0.814583 0.100000 0.133333
0 0.715625 0.587500 0.100000 0.133333
0 0.539062 0.100000 0.100000 0.133333
0 0.882812 0.493750 0.100000 0.133333
0 0.537500 0.431250 0.100000 0.133333
0 0.437500 0.727083 0.100000 0.133333
0 0.459375 0.772917 0.100000 0.133333
0 0.784375 0.762500 0.100000 0.133333
0 0.110937 0.189583 0.100000 0.133333
0 0.190625 0.412500 0.100000 0.133333
0 0.493750 0.195833 0.100000 0.133333
0 0.896875 0.539583 0.100000 0.133333
0 0.187500 0.877083 0.100000 0.133333
0 0.820312 0.754167 0.100000 0.133333
0 0.326562 0.162500 0.100000 0.133333
0 0.525000 0.375000 0.100000 0.133333
0 0.484375 0.179167 0.100000 0.133333
0 0.560937 0.260417 0.100000 0.133333
0 0.368750 0.579167 0.100000 0.133333
0 0.568750 0.102083 0.100000 0.133333
0 0.801562 0.750000 0.100000 0.133333
0 0.450000 0.368750 0.100000 0.133333
0 0.262500 0.672917 0.100000 0.133333
0 0.193750 0.845833 0.100000 0.133333
0 0.825000 0.081250 0.100000 0.133333
0 0.507812 0.708333 0.100000 0.133333
0 0.545312 0.087500 0.100000 0.133333
0 0.279687 0.158333 0.100000 0.133333
0 0.218750 0.333333 0.100000 0.133333
0 0.550000 0.172917 0.100000 0.133333
0 0.306250 0.375000 0.100000 0.133333
0 0.350000 0.600000 0.100000 0.133333
0 0.267188 0.097917 0.100000 0.133333
0 0.659375 0.145833 0.100000 0.133333
0 0.271875 0.397917 0.100000 0.133333
0 0.184375 0.587500 0.100000 0.133333
0 0.298438 0.441667 0.100000 0.133333
0 0.664062 0.410417 0.100000 0.133333
0 0.517188 0.354167 0.100000 0.133333
0 0.481250 0.508333 0.100000 0.133333
0 0.354687 0.281250 0.100000 0.133333
0 0.264062 0.791667 0.100000 0.133333
0 0.403125 0.687500 0.100000 0.133333
0 0.600000 0.795833 0.100000 0.133333
0 0.678125 0.443750 0.100000 0.133333
0 0.614062 0.856250 0.100000 0.133333
0 0.246875 0.866667 0.100000 0.133333
0 0.445312 0.795833 0.100000 0.133333
0 0.179688 0.425000 0.100000 0.133333
0 0.892188 0.466667 0.100000 0.133333
0 0.496875 0.710417 0.100000 0.133333
0 0.454688 0.670833 0.100000 0.133333
0 0.831250 0.222917 0.100000 0.133333
0 0.540625 0.652083 0.100000 0.133333
0 0.515625 0.472917 0.100000 0.133333
0 0.162500 0.737500 0.100000 0.133333
0 0.229687 0.087500 0.100000 0.133333
0 0.787500 0.402083 0.100000 0.133333
0 0.253125 0.825000 0.100000 0.133333
0 0.848437 0.518750 0.100000 0.133333
1 0.478125 0.170833 0.100000 0.133333
1 0.706250 0.875000 0.100000 0.133333
1 0.720313 0.185417 0.100000 0.133333
1 0.610938 0.902083 0.100000 0.133333
1 0.520312 0.741667 0.100000 0.133333
