0 0.117188 0.329167 0.100000 0.133333
0 0.367188 0.277083 0.100000 0.133333
0 0.173437 0.600000 0.100000 0.133333
0 0.256250 0.302083 0.100000 0.133333
0 0.128125 0.216667 0.100000 0.133333
0 0.873437 0.147917 0.100000 0.133333
0 0.842187 0.441667 0.100000 0.133333
0 0.689063 0.404167 0.100000 0.133333
0 0.821875 0.522917 0.100000 0.133333
0 0.401562 0.612500 0.100000 0.133333
0 0.671875 0.518750 0.100000 0.133333
0 0.628125 0.570833 0.100000 0.133333
0 0.865625 0.222917 0.100000 0.133333
0 0.215625 0.508333 0.100000 0.133333
0 0.190625 0.456250 0.100000 0.133333
0 0.670312 0.756250 0.100000 0.133333
0 0.664062 0.775000 0.100000 0.133333
0 0.828125 0.722917 0.100000 0.133333
0 0.278125 0.783333 0.100000 0.133333
0 0.578125 0.089583 0.100000 0.133333
0 0.403125 0.308333 0.100000 0.133333
0 0.143750 0.627083 0.100000 0.133333
0 0.728125 0.258333 0.100000 0.133333
0 0.135937 0.368750 0.100000 0.133333
0 0.768750 0.860417 0.100000 0.133333
0 0.404687 0.750000 0.100000 0.133333
0 0.796875 0.614583 0.100000 0.133333
0 0.889062 0.077083 0.100000 0.133333
0 0.812500 0.800000 0.100000 0.133333
0 0.559375 0.525000 0.100000 0.133333
0 0.721875 0.408333 0.100000 0.133333
0 0.876563 0.522917 0.100000 0.133333
0 0.853125 0.154167 0.100000 0.133333
0 0.489063 0.770833 0.100000 0.133333
0 0.500000 0.395833 0.100000 0.133333
0 0.243750 0.706250 0.100000 0.133333
0 0.637500 0.422917 0.100000 0.133333
0 0.700000 0.106250 0.100000 0.133333
0 0.357812 0.391667 0.100000 0.133333
0 0.292187 0.108333 0.100000 0.133333
0 0.810937 0.827083 0.100000 0.133333
0 0.770312 0.402083 0.100000 0.133333
0 0.346875 0.179167 0.100000 0.133333
0 0.185938 0.122917 0.100000 0.133333
0 0.237500 0.539583 0.100000 0.133333
0 0.881250 0.685417 0.100000 0.133333
0 0.710938 0.329167 0.100000 0.133333
0 0.585938 0.841667 0.100000 0.133333
0 0.304688 0.700000 0.100000 0.133333
0 0.417187 0.622917 0.100000 0.133333
0 0.801562 0.466667 0.100000 0.133333
0 0.771875 0.381250 0.100000 0.133333
0 0.773438 0.493750 0.100000 0.133333
0 0.587500 0.279167 0.100000 0.133333
0 0.120313 0.518750 0.100000 0.133333
0 0.545312 0.427083 0.100000 0.133333
0 0.146875 0.533333 0.100000 0.133333
0 0.718750 0.454167 0.100000 0.133333
0 0.515625 0.193750 0.100000 0.133333
0 0.382812 0.570833 0.100000 0.133333
0 0.768750 0.275000 0.100000 0.133333
0 0.570312 0.822917 0.100000 0.133333
0 0.232813 0.504167 0.100000 0.133333
0 0.718750 0.077083 0.100000 0.133333
0 0.196875 0.429167 0.100000 0.133333
0 0.437500 0.835417 0.100000 0.133333
0 0.387500 0.237500 0.100000 0.133333
0 0.198437 0.560417 0.100000 0.133333
0 0.304688 0.725000 0.100000 0.133333
0 0.570312 0.708333 0.100000 0.133333
0 0.740625 0.877083 0.100000 0.133333
0 0.696875 0.350000 0.100000 0.133333
0 0.457813 0.743750 0.100000 0.133333
0 0.273438 0.866667 0.100000 0.133333
0 0.231250 0.843750 0.100000 0.133333
0 0.114062 0.216667 0.100000 0.133333
0 0.340625 0.464583 0.100000 0.133333
0 0.814063 0.260417 0.100000 0.133333
0 0.175000 0.416667 0.100000 0.133333
0 0.896875 0.756250 0.100000 0.133333
0 0.253125 0.593750 0.100000 0.133333
0 0.810937 0.762500 0.100000 0.133333
0 0.315625 0.541667 0.100000 0.133333
0 0.500000 0.495833 0.100000 0.133333
0 0.242188 0.539583 0.100000 0.133333
0 0.410938 0.408333 0.100000 0.133333
0 0.659375 0.708333 0.100000 0.133333
0 0.118750 0.139583 0.100000 0.133333
0 0.207813 0.297917 0.100000 0.133333
0 0.129688 0.714583 0.100000 0.133333
0 0.560937 0.227083 0.100000 0.133333
0 0.634375 0.402083 0.100000 0.133333
0 0.371875 0.529167 0.100000 0.133333
0 0.220312 0.770833 0.100000 0.133333
0 0.445312 0.795833 0.100000 0.133333
0 0.151562 0.156250 0.100000 0.133333
0 0.784375 0.235417 0.100000 0.133333
0 0.196875 0.850000 0.100000 0.133333
0 0.360938 0.537500 0.100000 0.133333
0 0.628125 0.833333 0.100000 0.133333
0 0.690625 0.860417 0.100000 0.133333
0 0.790625 0.391667 0.100000 0.133333
0 0.409375 0.883333 0.100000 0.133333
0 0.701562 0.435417 0.100000 0.133333
0 0.171875 0.725000 0.100000 0.133333
0 0.321875 0.493750 0.100000 0.133333
0 0.409375 0.772917 0.100000 0.133333
0 0.220312 0.568750 0.100000 0.133333
0 0.439063 0.470833 0.100000 0.133333
0 0.864062 0.543750 0.100000 0.133333
0 0.800000 0.877083 0.100000 0.133333
0 0.582812 0.327083 0.100000 0.133333
0 0.693750 0.881250 0.100000 0.133333
0 0.153125 0.233333 0.100000 0.133333
0 0.778125 0.075000 0.100000 0.133333
0 0.507812 0.068750 0.100000 0.133333
0 0.801562 0.708333 0.100000 0.133333
0 0.856250 0.404167 0.100000 0.133333
0 0.721875 0.377083 0.100000 0.133333
0 0.606250 0.568750 0.100000 0.133333
0 0.312500 0.150000 0.100000 0.133333
0 0.485938 0.106250 0.100000 0.133333
0 0.581250 0.377083 0.100000 0.133333
0 0.379688 0.200000 0.100000 0.133333
0 0.654687 0.160417 0.100000 0.133333
0 0.618750 0.450000 0.100000 0.133333
0 0.465625 0.727083 0.100000 0.133333
0 0.817187 0.641667 0.100000 0.133333
0 0.682813 0.725000 0.100000 0.133333
0 0.718750 0.722917 0.100000 0.133333
0 0.140625 0.327083 0.100000 0.133333
0 0.759375 0.116667 0.100000 0.133333
0 0.881250 0.510417 0.100000 0.133333
0 0.271875 0.325000 0.100000 0.133333
0 0.112500 0.495833 0.100000 0.133333
0 0.826562 0.356250 0.100000 0.133333
0 0.415625 0.250000 0.100000 0.133333
0 0.345313 0.847917 0.100000 0.133333
0 0.134375 0.877083 0.100000 0.133333
0 0.696875 0.227083 0.100000 0.133333
0 0.432812 0.683333 0.100000 0.133333
0 0.670312 0.429167 0.100000 0.133333
0 0.871875 0.879167 0.100000 0.133333
0 0.617188 0.091667 0.100000 0.133333
0 0.653125 0.647917 0.100000 0.133333
0 0.889062 0.314583 0.100000 0.133333
0 0.289062 0.606250 0.100000 0.133333
0 0.273438 0.208333 0.100000 0.133333
0 0.389062 0.425000 0.100000 0.133333
0 0.896875 0.872917 0.100000 0.133333
1 0.417187 0.827083 0.100000 0.133333
1 0.657813 0.368750 0.100000 0.133333
1 0.532813 0.800000 0.100000 0.133333
1 0.367188 0.235417 0.100000 0.133333
1 0.484375 0.589583 0.100000 0.133333
