0 0.792188 0.631250 0.100000 0.133333
0 0.692187 0.372917 0.100000 0.133333
0 0.120313 0.079167 0.100000 0.133333
0 0.429688 0.437500 0.100000 0.133333
0 0.112500 0.818750 0.100000 0.133333
0 0.795312 0.883333 0.100000 0.133333
0 0.304688 0.889583 0.100000 0.133333
0 0.534375 0.312500 0.100000 0.133333
0 0.843750 0.491667 0.100000 0.133333
0 0.665625 0.750000 0.100000 0.133333
0 0.334375 0.193750 0.100000 0.133333
0 0.720313 0.447917 0.100000 0.133333
0 0.698438 0.147917 0.100000 0.133333
0 0.462500 0.150000 0.100000 0.133333
0 0.785937 0.518750 0.100000 0.133333
0 0.254688 0.114583 0.100000 0.133333
0 0.881250 0.768750 0.100000 0.133333
0 0.814063 0.775000 0.100000 0.133333
0 0.473438 0.683333 0.100000 0.133333
0 0.606250 0.252083 0.100000 0.133333
0 0.585938 0.822917 0.100000 0.133333
0 0.431250 0.525000 0.100000 0.133333
0 0.592187 0.441667 0.100000 0.133333
0 0.467187 0.152083 0.100000 0.133333
0 0.264062 0.885417 0.100000 0.133333
0 0.679688 0.420833 0.100000 0.133333
0 0.445312 0.516667 0.100000 0.133333
0 0.228125 0.095833 0.100000 0.133333
0 0.517188 0.670833 0.100000 0.133333
0 0.729688 0.102083 0.100000 0.133333
0 0.523438 0.447917 0.100000 0.133333
0 0.603125 0.383333 0.100000 0.133333
0 0.701562 0.556250 0.100000 0.133333
0 0.301563 0.281250 0.100000 0.133333
0 0.393750 0.750000 0.100000 0.133333
0 0.606250 0.720833 0.100000 0.133333
0 0.342187 0.085417 0.100000 0.133333
0 0.140625 0.152083 0.100000 0.133333
0 0.589063 0.343750 0.100000 0.133333
0 0.439063 0.393750 0.100000 0.133333
0 0.309375 0.416667 0.100000 0.133333
0 0.614062 0.333333 0.100000 0.133333
0 0.260937 0.360417 0.100000 0.133333
0 0.682813 0.537500 0.100000 0.133333
0 0.209375 0.814583 0.100000 0.133333
0 0.321875 0.075000 0.100000 0.133333
0 0.140625 0.708333 0.100000 0.133333
0 0.582812 0.527083 0.100000 0.133333
0 0.557813 0.312500 0.100000 0.133333
0 0.268750 0.197917 0.100000 0.133333
0 0.660937 0.422917 0.100000 0.133333
0 0.325000 0.770833 0.100000 0.133333
0 0.259375 0.422917 0.100000 0.133333
0 0.250000 0.252083 0.100000 0.133333
0 0.590625 0.622917 0.100000 0.133333
0 0.531250 0.693750 0.100000 0.133333
0 0.871875 0.345833 0.100000 0.133333
0 0.109375 0.087500 0.100000 0.133333
0 0.203125 0.762500 0.100000 0.133333
0 0.493750 0.550000 0.100000 0.133333
0 0.615625 0.570833 0.100000 0.133333
0 0.540625 0.104167 0.100000 0.133333
0 0.585938 0.583333 0.100000 0.133333
0 0.545312 0.745833 0.100000 0.133333
0 0.437500 0.833333 0.100000 0.133333
0 0.385937 0.550000 0.100000 0.133333
0 0.651563 0.750000 0.100000 0.133333
0 0.568750 0.689583 0.100000 0.133333
0 0.646875 0.254167 0.100000 0.133333
0 0.721875 0.597917 0.100000 0.133333
0 0.270313 0.827083 0.100000 0.133333
0 0.667188 0.758333 0.100000 0.133333
0 0.720313 0.241667 0.100000 0.133333
0 0.885938 0.231250 0.100000 0.133333
0 0.165625 0.418750 0.100000 0.133333
0 0.645312 0.770833 0.100000 0.133333
0 0.618750 0.445833 0.100000 0.133333
0 0.651563 0.483333 0.100000 0.133333
0 0.760938 0.750000 0.100000 0.133333
0 0.792188 0.487500 0.100000 0.133333
0 0.154688 0.210417 0.100000 0.133333
0 0.585938 0.672917 0.100000 0.133333
0 0.531250 0.818750 0.100000 0.133333
0 0.496875 0.697917 0.100000 0.133333
0 0.421875 0.081250 0.100000 0.133333
0 0.326562 0.816667 0.100000 0.133333
0 0.128125 0.393750 0.100000 0.133333
0 0.257812 0.131250 0.100000 0.133333
0 0.815625 0.397917 0.100000 0.133333
0 0.396875 0.650000 0.100000 0.133333
0 0.120313 0.712500 0.100000 0.133333
0 0.284375 0.366667 0.100000 0.133333
0 0.140625 0.360417 0.100000 0.133333
0 0.628125 0.350000 0.100000 0.133333
0 0.635938 0.660417 0.100000 0.133333
0 0.453125 0.827083 0.100000 0.133333
0 0.490625 0.091667 0.100000 0.133333
0 0.659375 0.358333 0.100000 0.133333
0 0.164062 0.104167 0.100000 0.133333
0 0.226562 0.277083 0.100000 0.133333
0 0.103125 0.687500 0.100000 0.133333
0 0.335938 0.358333 0.100000 0.133333
0 0.356250 0.304167 0.100000 0.133333
0 0.596875 0.610417 0.100000 0.133333
0 0.131250 0.402083 0.100000 0.133333
0 0.182812 0.883333 0.100000 0.133333
0 0.515625 0.185417 0.100000 0.133333
0 0.476562 0.502083 0.100000 0.133333
0 0.771875 0.572917 0.100000 0.133333
0 0.206250 0.354167 0.100000 0.133333
0 0.721875 0.750000 0.100000 0.133333
0 0.809375 0.658333 0.100000 0.133333
0 0.817187 0.622917 0.100000 0.133333
0 0.312500 0.504167 0.100000 0.133333
0 0.662500 0.706250 0.100000 0.133333
0 0.312500 0.704167 0.100000 0.133333
0 0.665625 0.418750 0.100000 0.133333
0 0.851562 0.266667 0.100000 0.133333
0 0.543750 0.341667 0.100000 0.133333
0 0.101562 0.145833 0.100000 0.133333
0 0.725000 0.679167 0.100000 0.133333
0 0.103125 0.306250 0.100000 0.133333
0 0.331250 0.818750 0.100000 0.133333
0 0.554688 0.310417 0.100000 0.133333
0 0.196875 0.143750 0.100000 0.133333
0 0.471875 0.147917 0.100000 0.133333
0 0.534375 0.329167 0.100000 0.133333
0 0.631250 0.143750 0.100000 0.133333
0 0.393750 0.320833 0.100000 0.133333
0 0.898438 0.554167 0.100000 0.133333
0 0.606250 0.583333 0.100000 0.133333
0 0.685937 0.850000 0.100000 0.133333
0 0.200000 0.258333 0.100000 0.133333
0 0.492188 0.120833 0.100000 0.133333
0 0.329688 0.620833 0.100000 0.133333
0 0.821875 0.437500 0.100000 0.133333
0 0.695312 0.197917 0.100000 0.133333
0 0.362500 0.339583 0.100000 0.133333
0 0.798438 0.689583 0.100000 0.133333
0 0.601562 0.650000 0.100000 0.133333
0 0.417187 0.570833 0.100000 0.133333
0 0.696875 0.614583 0.100000 0.133333
0 0.184375 0.406250 0.100000 0.133333
0 0.793750 0.133333 0.100000 0.133333
0 0.704688 0.227083 0.100000 0.133333
0 0.209375 0.858333 0.100000 0.133333
0 0.767188 0.325000 0.100000 0.133333
0 0.890625 0.141667 0.100000 0.133333
0 0.292187 0.191667 0.100000 0.133333
0 0.264062 0.277083 0.100000 0.133333
1 0.559375 0.102083 0.100000 0.133333
1 0.193750 0.268750 0.100000 0.133333
1 0.565625 0.185417 0.100000 0.133333
1 0.704688 0.387500 0.100000 0.133333
1 0.948438 0.506250 0.100000 0.133333
