0 0.746875 0.139583 0.100000 0.133333
0 0.126562 0.095833 0.100000 0.133333
0 0.300000 0.177083 0.100000 0.133333
0 0.400000 0.787500 0.100000 0.133333
0 0.646875 0.362500 0.100000 0.133333
0 0.300000 0.566667 0.100000 0.133333
0 0.442188 0.452083 0.100000 0.133333
0 0.534375 0.497917 0.100000 0.133333
0 0.395313 0.347917 0.100000 0.133333
0 0.815625 0.366667 0.100000 0.133333
0 0.739062 0.081250 0.100000 0.133333
0 0.260937 0.552083 0.100000 0.133333
0 0.782813 0.237500 0.100000 0.133333
0 0.318750 0.889583 0.100000 0.133333
0 0.806250 0.354167 0.100000 0.133333
0 0.815625 0.541667 0.100000 0.133333
0 0.140625 0.316667 0.100000 0.133333
0 0.623437 0.725000 0.100000 0.133333
0 0.343750 0.633333 0.100000 0.133333
0 0.285938 0.706250 0.100000 0.133333
0 0.573438 0.506250 0.100000 0.133333
0 0.801562 0.537500 0.100000 0.133333
0 0.618750 0.637500 0.100000 0.133333
0 0.704688 0.668750 0.100000 0.133333
0 0.239063 0.204167 0.100000 0.133333
0 0.842187 0.352083 0.100000 0.133333
0 0.526563 0.220833 0.100000 0.133333
0 0.490625 0.425000 0.100000 0.133333
0 0.734375 0.727083 0.100000 0.133333
0 0.845313 0.525000 0.100000 0.133333
0 0.798438 0.637500 0.100000 0.133333
0 0.209375 0.456250 0.100000 0.133333
0 0.842187 0.433333 0.100000 0.133333
0 0.754687 0.706250 0.100000 0.133333
0 0.562500 0.635417 0.100000 0.133333
0 0.884375 0.585417 0.100000 0.133333
0 0.634375 0.841667 0.100000 0.133333
0 0.509375 0.110417 0.100000 0.133333
0 0.400000 0.254167 0.100000 0.133333
0 0.295312 0.089583 0.100000 0.133333
0 0.578125 0.816667 0.100000 0.133333
0 0.328125 0.458333 0.100000 0.133333
0 0.690625 0.556250 0.100000 0.133333
0 0.228125 0.110417 0.100000 0.133333
0 0.401562 0.764583 0.100000 0.133333
0 0.287500 0.735417 0.100000 0.133333
0 0.217188 0.693750 0.100000 0.133333
0 0.803125 0.770833 0.100000 0.133333
0 0.892188 0.702083 0.100000 0.133333
0 0.871875 0.597917 0.100000 0.133333
0 0.700000 0.502083 0.100000 0.133333
0 0.473438 0.781250 0.100000 0.133333
0 0.685937 0.868750 0.100000 0.133333
0 0.609375 0.335417 0.100000 0.133333
0 0.773438 0.275000 0.100000 0.133333
0 0.448437 0.102083 0.100000 0.133333
0 0.714063 0.679167 0.100000 0.133333
0 0.531250 0.568750 0.100000 0.133333
0 0.142187 0.693750 0.100000 0.133333
0 0.382812 0.760417 0.100000 0.133333
0 0.571875 0.593750 0.100000 0.133333
0 0.226562 0.312500 0.100000 0.133333
0 0.203125 0.360417 0.100000 0.133333
0 0.650000 0.750000 0.100000 0.133333
0 0.571875 0.520833 0.100000 0.133333
0 0.634375 0.743750 0.100000 0.133333
0 0.337500 0.756250 0.100000 0.133333
0 0.200000 0.270833 0.100000 0.133333
0 0.271875 0.222917 0.100000 0.133333
0 0.235937 0.700000 0.100000 0.133333
0 0.190625 0.712500 0.100000 0.133333
0 0.193750 0.887500 0.100000 0.133333
0 0.160938 0.718750 0.100000 0.133333
0 0.223438 0.495833 0.100000 0.133333
0 0.182812 0.143750 0.100000 0.133333
0 0.718750 0.716667 0.100000 0.133333
0 0.756250 0.118750 0.100000 0.133333
0 0.526563 0.352083 0.100000 0.133333
0 0.492188 0.647917 0.100000 0.133333
0 0.600000 0.837500 0.100000 0.133333
0 0.379688 0.516667 0.100000 0.133333
0 0.770312 0.350000 0.100000 0.133333
0 0.815625 0.370833 0.100000 0.133333
0 0.426563 0.712500 0.100000 0.133333
0 0.890625 0.366667 0.100000 0.133333
0 0.743750 0.712500 0.100000 0.133333
0 0.189062 0.325000 0.100000 0.133333
0 0.881250 0.695833 0.100000 0.133333
0 0.756250 0.510417 0.100000 0.133333
0 0.818750 0.597917 0.100000 0.133333
0 0.367188 0.829167 0.100000 0.133333
0 0.746875 0.793750 0.100000 0.133333
0 0.231250 0.508333 0.100000 0.133333
0 0.692187 0.397917 0.100000 0.133333
0 0.414062 0.566667 0.100000 0.133333
0 0.543750 0.508333 0.100000 0.133333
0 0.471875 0.683333 0.100000 0.133333
0 0.192188 0.866667 0.100000 0.133333
0 0.365625 0.847917 0.100000 0.133333
0 0.440625 0.566667 0.100000 0.133333
0 0.403125 0.637500 0.100000 0.133333
0 0.893750 0.154167 0.100000 0.133333
0 0.417187 0.220833 0.100000 0.133333
0 0.739062 0.258333 0.100000 0.133333
0 0.220312 0.789583 0.100000 0.133333
0 0.526563 0.677083 0.100000 0.133333
0 0.659375 0.508333 0.100000 0.133333
0 0.825000 0.393750 0.100000 0.133333
0 0.445312 0.760417 0.100000 0.133333
0 0.467187 0.422917 0.100000 0.133333
0 0.517188 0.583333 0.100000 0.133333
0 0.793750 0.187500 0.100000 0.133333
0 0.479687 0.766667 0.100000 0.133333
0 0.742188 0.177083 0.100000 0.133333
0 0.281250 0.279167 0.100000 0.133333
0 0.598437 0.341667 0.100000 0.133333
0 0.107813 0.547917 0.100000 0.133333
0 0.285938 0.731250 0.100000 0.133333
0 0.182812 0.614583 0.100000 0.133333
0 0.740625 0.652083 0.100000 0.133333
0 0.145313 0.300000 0.100000 0.133333
0 0.296875 0.541667 0.100000 0.133333
0 0.212500 0.881250 0.100000 0.133333
0 0.626563 0.108333 0.100000 0.133333
0 0.895312 0.318750 0.100000 0.133333
0 0.837500 0.325000 0.100000 0.133333
0 0.314063 0.850000 0.100000 0.133333
0 0.170313 0.191667 0.100000 0.133333
0 0.356250 0.243750 0.100000 0.133333
0 0.309375 0.527083 0.100000 0.133333
0 0.876563 0.216667 0.100000 0.133333
0 0.360938 0.675000 0.100000 0.133333
0 0.820312 0.810417 0.100000 0.133333
0 0.346875 0.700000 0.100000 0.133333
0 0.696875 0.716667 0.100000 0.133333
0 0.115625 0.366667 0.100000 0.133333
0 0.464062 0.777083 0.100000 0.133333
0 0.154688 0.860417 0.100000 0.133333
0 0.268750 0.735417 0.100000 0.133333
0 0.682813 0.089583 0.100000 0.133333
0 0.453125 0.735417 0.100000 0.133333
0 0.768750 0.106250 0.100000 0.133333
0 0.848437 0.312500 0.100000 0.133333
0 0.535937 0.716667 0.100000 0.133333
0 0.520312 0.154167 0.100000 0.133333
0 0.148438 0.760417 0.100000 0.133333
0 0.279687 0.416667 0.100000 0.133333
0 0.287500 0.152083 0.100000 0.133333
0 0.173437 0.400000 0.100000 0.133333
0 0.145313 0.747917 0.100000 0.133333
1 0.359375 0.545833 0.100000 0.133333
1 0.681250 0.339583 0.100000 0.133333
1 0.550000 0.716667 0.100000 0.133333
1 0.487500 0.622917 0.100000 0.133333
1 0.382812 0.143750 0.100000 0.133333
