0 0.243750 0.229167 0.100000 0.133333
0 0.259375 0.860417 0.100000 0.133333
0 0.535937 0.245833 0.100000 0.133333
0 0.375000 0.793750 0.100000 0.133333
0 0.431250 0.081250 0.100000 0.133333
0 0.314063 0.656250 0.100000 0.133333
0 0.248438 0.591667 0.100000 0.133333
0 0.871875 0.197917 0.100000 0.133333
0 0.656250 0.643750 0.100000 0.133333
0 0.550000 0.402083 0.100000 0.133333
0 0.829688 0.875000 0.100000 0.133333
0 0.160938 0.129167 0.100000 0.133333
0 0.792188 0.600000 0.100000 0.133333
0 0.746875 0.791667 0.100000 0.133333
0 0.595313 0.758333 0.100000 0.133333
0 0.359375 0.366667 0.100000 0.133333
0 0.231250 0.710417 0.100000 0.133333
0 0.198437 0.125000 0.100000 0.133333
0 0.478125 0.402083 0.100000 0.133333
0 0.603125 0.204167 0.100000 0.133333
0 0.623437 0.166667 0.100000 0.133333
0 0.270313 0.683333 0.100000 0.133333
0 0.329688 0.256250 0.100000 0.133333
0 0.435937 0.714583 0.100000 0.133333
0 0.698438 0.675000 0.100000 0.133333
0 0.610938 0.816667 0.100000 0.133333
0 0.443750 0.083333 0.100000 0.133333
0 0.420312 0.808333 0.100000 0.133333
0 0.800000 0.354167 0.100000 0.133333
0 0.214062 0.393750 0.100000 0.133333
0 0.890625 0.714583 0.100000 0.133333
0 0.128125 0.116667 0.100000 0.133333
0 0.857812 0.075000 0.100000 0.133333
0 0.648438 0.435417 0.100000 0.133333
0 0.860938 0.618750 0.100000 0.133333
0 0.328125 0.443750 0.100000 0.133333
0 0.520312 0.333333 0.100000 0.133333
0 0.345313 0.502083 0.100000 0.133333
0 0.870313 0.325000 0.100000 0.133333
0 0.293750 0.154167 0.100000 0.133333
0 0.185938 0.533333 0.100000 0.133333
0 0.582812 0.618750 0.100000 0.133333
0 0.693750 0.287500 0.100000 0.133333
0 0.553125 0.360417 0.100000 0.133333
0 0.512500 0.414583 0.100000 0.133333
0 0.220312 0.556250 0.100000 0.133333
0 0.362500 0.647917 0.100000 0.133333
0 0.351562 0.231250 0.100000 0.133333
0 0.209375 0.570833 0.100000 0.133333
0 0.143750 0.760417 0.100000 0.133333
0 0.648438 0.204167 0.100000 0.133333
0 0.262500 0.362500 0.100000 0.133333
0 0.698438 0.279167 0.100000 0.133333
0 0.859375 0.527083 0.100000 0.133333
0 0.662500 0.214583 0.100000 0.133333
0 0.860938 0.518750 0.100000 0.133333
0 0.656250 0.154167 0.100000 0.133333
0 0.550000 0.081250 0.100000 0.133333
0 0.526563 0.827083 0.100000 0.133333
0 0.406250 0.243750 0.100000 0.133333
0 0.343750 0.350000 0.100000 0.133333
0 0.329688 0.670833 0.100000 0.133333
0 0.217188 0.647917 0.100000 0.133333
0 0.117188 0.214583 0.100000 0.133333
0 0.237500 0.393750 0.100000 0.133333
0 0.645312 0.131250 0.100000 0.133333
0 0.239063 0.325000 0.100000 0.133333
0 0.328125 0.266667 0.100000 0.133333
0 0.385937 0.212500 0.100000 0.133333
0 0.831250 0.216667 0.100000 0.133333
0 0.353125 0.164583 0.100000 0.133333
0 0.629687 0.297917 0.100000 0.133333
0 0.535937 0.143750 0.100000 0.133333
0 0.184375 0.489583 0.100000 0.133333
0 0.400000 0.568750 0.100000 0.133333
0 0.748437 0.487500 0.100000 0.133333
0 0.746875 0.733333 0.100000 0.133333
0 0.567187 0.145833 0.100000 0.133333
0 0.606250 0.662500 0.100000 0.133333
0 0.725000 0.368750 0.100000 0.133333
0 0.593750 0.458333 0.100000 0.133333
0 0.425000 0.556250 0.100000 0.133333
0 0.412500 0.100000 0.100000 0.133333
0 0.596875 0.845833 0.100000 0.133333
0 0.507812 0.122917 0.100000 0.133333
0 0.823438 0.437500 0.100000 0.133333
0 0.876563 0.525000 0.100000 0.133333
0 0.564063 0.752083 0.100000 0.133333
0 0.200000 0.100000 0.100000 0.133333
0 0.103125 0.468750 0.100000 0.133333
0 0.443750 0.402083 0.100000 0.133333
0 0.300000 0.454167 0.100000 0.133333
0 0.487500 0.391667 0.100000 0.133333
0 0.614062 0.720833 0.100000 0.133333
0 0.762500 0.737500 0.100000 0.133333
0 0.442188 0.129167 0.100000 0.133333
0 0.687500 0.152083 0.100000 0.133333
0 0.840625 0.631250 0.100000 0.133333
0 0.229687 0.472917 0.100000 0.133333
0 0.360938 0.702083 0.100000 0.133333
0 0.545312 0.377083 0.100000 0.133333
0 0.600000 0.302083 0.100000 0.133333
0 0.443750 0.264583 0.100000 0.133333
0 0.860938 0.508333 0.100000 0.133333
0 0.890625 0.510417 0.100000 0.133333
0 0.509375 0.662500 0.100000 0.133333
0 0.567187 0.429167 0.100000 0.133333
0 0.818750 0.581250 0.100000 0.133333
0 0.351562 0.797917 0.100000 0.133333
0 0.826562 0.787500 0.100000 0.133333
0 0.812500 0.072917 0.100000 0.133333
0 0.631250 0.158333 0.100000 0.133333
0 0.484375 0.293750 0.100000 0.133333
0 0.378125 0.814583 0.100000 0.133333
0 0.576562 0.283333 0.100000 0.133333
0 0.639062 0.577083 0.100000 0.133333
0 0.340625 0.454167 0.100000 0.133333
0 0.167187 0.552083 0.100000 0.133333
0 0.392188 0.395833 0.100000 0.133333
0 0.128125 0.118750 0.100000 0.133333
0 0.893750 0.441667 0.100000 0.133333
0 0.837500 0.541667 0.100000 0.133333
0 0.692187 0.827083 0.100000 0.133333
0 0.501563 0.879167 0.100000 0.133333
0 0.165625 0.535417 0.100000 0.133333
0 0.290625 0.279167 0.100000 0.133333
0 0.382812 0.752083 0.100000 0.133333
0 0.350000 0.810417 0.100000 0.133333
0 0.718750 0.697917 0.100000 0.133333
0 0.592187 0.102083 0.100000 0.133333
0 0.557813 0.381250 0.100000 0.133333
0 0.585938 0.672917 0.100000 0.133333
0 0.675000 0.212500 0.100000 0.133333
0 0.850000 0.608333 0.100000 0.133333
0 0.234375 0.170833 0.100000 0.133333
0 0.517188 0.506250 0.100000 0.133333
0 0.192188 0.745833 0.100000 0.133333
0 0.859375 0.787500 0.100000 0.133333
0 0.884375 0.797917 0.100000 0.133333
0 0.646875 0.631250 0.100000 0.133333
0 0.485938 0.575000 0.100000 0.133333
0 0.860938 0.264583 0.100000 0.133333
0 0.360938 0.718750 0.100000 0.133333
0 0.889062 0.495833 0.100000 0.133333
0 0.384375 0.133333 0.100000 0.133333
0 0.284375 0.395833 0.100000 0.133333
0 0.762500 0.850000 0.100000 0.133333
0 0.721875 0.864583 0.100000 0.133333
0 0.448437 0.193750 0.100000 0.133333
0 0.167187 0.293750 0.100000 0.133333
1 0.060937 0.245833 0.100000 0.133333
1 0.726562 0.429167 0.100000 0.133333
1 0.714063 0.556250 0.100000 0.133333
1 0.770312 0.360417 0.100000 0.133333
1 0.203125 0.737500 0.100000 0.133333
