0 0.446875 0.560417 0.100000 0.133333
0 0.750000 0.872917 0.100000 0.133333
0 0.715625 0.181250 0.100000 0.133333
0 0.265625 0.604167 0.100000 0.133333
0 0.754687 0.377083 0.100000 0.133333
0 0.232813 0.133333 0.100000 0.133333
0 0.207813 0.679167 0.100000 0.133333
0 0.346875 0.454167 0.100000 0.133333
0 0.775000 0.687500 0.100000 0.133333
0 0.782813 0.233333 0.100000 0.133333
0 0.475000 0.477083 0.100000 0.133333
0 0.698438 0.556250 0.100000 0.133333
0 0.220312 0.310417 0.100000 0.133333
0 0.331250 0.362500 0.100000 0.133333
0 0.309375 0.739583 0.100000 0.133333
0 0.607812 0.668750 0.100000 0.133333
0 0.282813 0.343750 0.100000 0.133333
0 0.414062 0.706250 0.100000 0.133333
0 0.714063 0.666667 0.100000 0.133333
0 0.834375 0.497917 0.100000 0.133333
0 0.393750 0.347917 0.100000 0.133333
0 0.782813 0.112500 0.100000 0.133333
0 0.732812 0.654167 0.100000 0.133333
0 0.631250 0.727083 0.100000 0.133333
0 0.621875 0.439583 0.100000 0.133333
0 0.889062 0.797917 0.100000 0.133333
0 0.137500 0.260417 0.100000 0.133333
0 0.451562 0.804167 0.100000 0.133333
0 0.587500 0.672917 0.100000 0.133333
0 0.839063 0.122917 0.100000 0.133333
0 0.156250 0.262500 0.100000 0.133333
0 0.351562 0.445833 0.100000 0.133333
0 0.478125 0.295833 0.100000 0.133333
0 0.365625 0.222917 0.100000 0.133333
0 0.846875 0.535417 0.100000 0.133333
0 0.339062 0.408333 0.100000 0.133333
0 0.117188 0.785417 0.100000 0.133333
0 0.489063 0.393750 0.100000 0.133333
0 0.678125 0.714583 0.100000 0.133333
0 0.406250 0.731250 0.100000 0.133333
0 0.176563 0.429167 0.100000 0.133333
0 0.807813 0.372917 0.100000 0.133333
0 0.234375 0.241667 0.100000 0.133333
0 0.495312 0.200000 0.100000 0.133333
0 0.792188 0.389583 0.100000 0.133333
0 0.806250 0.429167 0.100000 0.133333
0 0.456250 0.779167 0.100000 0.133333
0 0.775000 0.362500 0.100000 0.133333
0 0.346875 0.747917 0.100000 0.133333
0 0.153125 0.212500 0.100000 0.133333
0 0.543750 0.104167 0.100000 0.133333
0 0.276562 0.447917 0.100000 0.133333
0 0.267188 0.135417 0.100000 0.133333
0 0.670312 0.095833 0.100000 0.133333
0 0.393750 0.377083 0.100000 0.133333
0 0.618750 0.802083 0.100000 0.133333
0 0.740625 0.372917 0.100000 0.133333
0 0.489063 0.712500 0.100000 0.133333
0 0.278125 0.556250 0.100000 0.133333
0 0.220312 0.856250 0.100000 0.133333
0 0.146875 0.875000 0.100000 0.133333
0 0.506250 0.158333 0.100000 0.133333
0 0.315625 0.687500 0.100000 0.133333
0 0.615625 0.139583 0.100000 0.133333
0 0.803125 0.606250 0.100000 0.133333
0 0.718750 0.685417 0.100000 0.133333
0 0.887500 0.747917 0.100000 0.133333
0 0.242188 0.566667 0.100000 0.133333
0 0.798438 0.093750 0.100000 0.133333
0 0.618750 0.322917 0.100000 0.133333
0 0.451562 0.835417 0.100000 0.133333
0 0.478125 0.114583 0.100000 0.133333
0 0.331250 0.658333 0.100000 0.133333
0 0.368750 0.810417 0.100000 0.133333
0 0.457813 0.452083 0.100000 0.133333
0 0.303125 0.820833 0.100000 0.133333
0 0.460938 0.854167 0.100000 0.133333
0 0.856250 0.631250 0.100000 0.133333
0 0.775000 0.170833 0.100000 0.133333
0 0.357812 0.666667 0.100000 0.133333
0 0.812500 0.752083 0.100000 0.133333
0 0.814063 0.581250 0.100000 0.133333
0 0.359375 0.225000 0.100000 0.133333
0 0.771875 0.118750 0.100000 0.133333
0 0.304688 0.716667 0.100000 0.133333
0 0.700000 0.462500 0.100000 0.133333
0 0.148438 0.289583 0.100000 0.133333
0 0.203125 0.260417 0.100000 0.133333
0 0.881250 0.104167 0.100000 0.133333
0 0.821875 0.635417 0.100000 0.133333
0 0.298438 0.635417 0.100000 0.133333
0 0.551562 0.864583 0.100000 0.133333
0 0.157812 0.579167 0.100000 0.133333
0 0.531250 0.383333 0.100000 0.133333
0 0.768750 0.689583 0.100000 0.133333
0 0.260937 0.545833 0.100000 0.133333
0 0.545312 0.341667 0.100000 0.133333
0 0.495312 0.268750 0.100000 0.133333
0 0.518750 0.741667 0.100000 0.133333
0 0.407813 0.331250 0.100000 0.133333
0 0.404687 0.708333 0.100000 0.133333
0 0.740625 0.814583 0.100000 0.133333
0 0.190625 0.395833 0.100000 0.133333
0 0.348438 0.214583 0.100000 0.133333
0 0.720313 0.456250 0.100000 0.133333
0 0.629687 0.483333 0.100000 0.133333
0 0.275000 0.491667 0.100000 0.133333
0 0.321875 0.218750 0.100000 0.133333
0 0.225000 0.695833 0.100000 0.133333
0 0.520312 0.837500 0.100000 0.133333
0 0.745313 0.320833 0.100000 0.133333
0 0.631250 0.239583 0.100000 0.133333
0 0.368750 0.712500 0.100000 0.133333
0 0.384375 0.666667 0.100000 0.133333
0 0.135937 0.645833 0.100000 0.133333
0 0.731250 0.714583 0.100000 0.133333
0 0.239063 0.704167 0.100000 0.133333
0 0.742188 0.181250 0.100000 0.133333
0 0.853125 0.135417 0.100000 0.133333
0 0.350000 0.295833 0.100000 0.133333
0 0.168750 0.883333 0.100000 0.133333
0 0.684375 0.754167 0.100000 0.133333
0 0.143750 0.293750 0.100000 0.133333
0 0.857812 0.470833 0.100000 0.133333
0 0.184375 0.758333 0.100000 0.133333
0 0.142187 0.745833 0.100000 0.133333
0 0.668750 0.889583 0.100000 0.133333
0 0.190625 0.429167 0.100000 0.133333
0 0.121875 0.743750 0.100000 0.133333
0 0.265625 0.720833 0.100000 0.133333
0 0.898438 0.497917 0.100000 0.133333
0 0.170313 0.670833 0.100000 0.133333
0 0.468750 0.862500 0.100000 0.133333
0 0.132812 0.485417 0.100000 0.133333
0 0.273438 0.741667 0.100000 0.133333
0 0.787500 0.397917 0.100000 0.133333
0 0.385937 0.847917 0.100000 0.133333
0 0.492188 0.460417 0.100000 0.133333
0 0.781250 0.497917 0.100000 0.133333
0 0.898438 0.475000 0.100000 0.133333
0 0.434375 0.410417 0.100000 0.133333
0 0.495312 0.137500 0.100000 0.133333
0 0.431250 0.722917 0.100000 0.133333
0 0.745313 0.789583 0.100000 0.133333
0 0.207813 0.295833 0.100000 0.133333
0 0.729688 0.352083 0.100000 0.133333
0 0.764062 0.575000 0.100000 0.133333
0 0.400000 0.789583 0.100000 0.133333
0 0.342187 0.345833 0.100000 0.133333
0 0.121875 0.875000 0.100000 0.133333
1 0.542188 0.700000 0.100000 0.133333
1 0.492188 0.845833 0.100000 0.133333
1 0.726562 0.668750 0.100000 0.133333
1 0.346875 0.439583 0.100000 0.133333
1 0.487500 0.614583 0.100000 0.133333
