0 0.312500 0.189583 0.100000 0.133333
0 0.620313 0.410417 0.100000 0.133333
0 0.815625 0.289583 0.100000 0.133333
0 0.853125 0.372917 0.100000 0.133333
0 0.292187 0.329167 0.100000 0.133333
0 0.265625 0.400000 0.100000 0.133333
0 0.167187 0.227083 0.100000 0.133333
0 0.671875 0.752083 0.100000 0.133333
0 0.148438 0.456250 0.100000 0.133333
0 0.632812 0.156250 0.100000 0.133333
0 0.676562 0.497917 0.100000 0.133333
0 0.259375 0.839583 0.100000 0.133333
0 0.384375 0.435417 0.100000 0.133333
0 0.667188 0.479167 0.100000 0.133333
0 0.900000 0.735417 0.100000 0.133333
0 0.604688 0.777083 0.100000 0.133333
0 0.443750 0.543750 0.100000 0.133333
0 0.395313 0.185417 0.100000 0.133333
0 0.357812 0.575000 0.100000 0.133333
0 0.126562 0.545833 0.100000 0.133333
0 0.545312 0.143750 0.100000 0.133333
0 0.712500 0.091667 0.100000 0.133333
0 0.307812 0.625000 0.100000 0.133333
0 0.148438 0.106250 0.100000 0.133333
0 0.771875 0.860417 0.100000 0.133333
0 0.262500 0.560417 0.100000 0.133333
0 0.240625 0.585417 0.100000 0.133333
0 0.234375 0.322917 0.100000 0.133333
0 0.128125 0.508333 0.100000 0.133333
0 0.759375 0.854167 0.100000 0.133333
0 0.295312 0.193750 0.100000 0.133333
0 0.807813 0.327083 0.100000 0.133333
0 0.562500 0.489583 0.100000 0.133333
0 0.837500 0.852083 0.100000 0.133333
0 0.481250 0.700000 0.100000 0.133333
0 0.273438 0.647917 0.100000 0.133333
0 0.693750 0.466667 0.100000 0.133333
0 0.639062 0.591667 0.100000 0.133333
0 0.834375 0.302083 0.100000 0.133333
0 0.635938 0.866667 0.100000 0.133333
0 0.604688 0.656250 0.100000 0.133333
0 0.760938 0.164583 0.100000 0.133333
0 0.114062 0.310417 0.100000 0.133333
0 0.832812 0.425000 0.100000 0.133333
0 0.178125 0.575000 0.100000 0.133333
0 0.243750 0.150000 0.100000 0.133333
0 0.187500 0.689583 0.100000 0.133333
0 0.404687 0.564583 0.100000 0.133333
0 0.231250 0.350000 0.100000 0.133333
0 0.860938 0.125000 0.100000 0.133333
0 0.279687 0.843750 0.100000 0.133333
0 0.432812 0.618750 0.100000 0.133333
0 0.525000 0.393750 0.100000 0.133333
0 0.714063 0.254167 0.100000 0.133333
0 0.457813 0.427083 0.100000 0.133333
0 0.231250 0.608333 0.100000 0.133333
0 0.826562 0.787500 0.100000 0.133333
0 0.404687 0.610417 0.100000 0.133333
0 0.429688 0.172917 0.100000 0.133333
0 0.412500 0.160417 0.100000 0.133333
0 0.873437 0.114583 0.100000 0.133333
0 0.195312 0.268750 0.100000 0.133333
0 0.514062 0.539583 0.100000 0.133333
0 0.751563 0.645833 0.100000 0.133333
0 0.275000 0.516667 0.100000 0.133333
0 0.481250 0.158333 0.100000 0.133333
0 0.295312 0.114583 0.100000 0.133333
0 0.179688 0.758333 0.100000 0.133333
0 0.506250 0.427083 0.100000 0.133333
0 0.185938 0.654167 0.100000 0.133333
0 0.350000 0.764583 0.100000 0.133333
0 0.301563 0.279167 0.100000 0.133333
0 0.209375 0.845833 0.100000 0.133333
0 0.184375 0.602083 0.100000 0.133333
0 0.145313 0.141667 0.100000 0.133333
0 0.703125 0.706250 0.100000 0.133333
0 0.357812 0.781250 0.100000 0.133333
0 0.517188 0.591667 0.100000 0.133333
0 0.576562 0.070833 0.100000 0.133333
0 0.523438 0.729167 0.100000 0.133333
0 0.528125 0.812500 0.100000 0.133333
0 0.284375 0.814583 0.100000 0.133333
0 0.282813 0.097917 0.100000 0.133333
0 0.531250 0.085417 0.100000 0.133333
0 0.109375 0.518750 0.100000 0.133333
0 0.367188 0.647917 0.100000 0.133333
0 0.165625 0.118750 0.100000 0.133333
0 0.810937 0.587500 0.100000 0.133333
0 0.392188 0.072917 0.100000 0.133333
0 0.185938 0.870833 0.100000 0.133333
0 0.295312 0.502083 0.100000 0.133333
0 0.318750 0.472917 0.100000 0.133333
0 0.548438 0.552083 0.100000 0.133333
0 0.145313 0.597917 0.100000 0.133333
0 0.628125 0.729167 0.100000 0.133333
0 0.156250 0.122917 0.100000 0.133333
0 0.243750 0.387500 0.100000 0.133333
0 0.748437 0.435417 0.100000 0.133333
0 0.456250 0.206250 0.100000 0.133333
0 0.514062 0.835417 0.100000 0.133333
0 0.115625 0.737500 0.100000 0.133333
0 0.645312 0.660417 0.100000 0.133333
0 0.642188 0.070833 0.100000 0.133333
0 0.395313 0.656250 0.100000 0.133333
0 0.689063 0.160417 0.100000 0.133333
0 0.692187 0.508333 0.100000 0.133333
0 0.557813 0.554167 0.100000 0.133333
0 0.839063 0.839583 0.100000 0.133333
0 0.740625 0.650000 0.100000 0.133333
0 0.534375 0.281250 0.100000 0.133333
0 0.365625 0.772917 0.100000 0.133333
0 0.753125 0.239583 0.100000 0.133333
0 0.798438 0.408333 0.100000 0.133333
0 0.882812 0.366667 0.100000 0.133333
0 0.690625 0.285417 0.100000 0.133333
0 0.815625 0.679167 0.100000 0.133333
0 0.646875 0.685417 0.100000 0.133333
0 0.214062 0.497917 0.100000 0.133333
0 0.589063 0.633333 0.100000 0.133333
0 0.564063 0.677083 0.100000 0.133333
0 0.753125 0.275000 0.100000 0.133333
0 0.182812 0.150000 0.100000 0.133333
0 0.310937 0.331250 0.100000 0.133333
0 0.160938 0.860417 0.100000 0.133333
0 0.184375 0.579167 0.100000 0.133333
0 0.426563 0.204167 0.100000 0.133333
0 0.512500 0.733333 0.100000 0.133333
0 0.632812 0.577083 0.100000 0.133333
0 0.453125 0.808333 0.100000 0.133333
0 0.681250 0.218750 0.100000 0.133333
0 0.403125 0.625000 0.100000 0.133333
0 0.571875 0.697917 0.100000 0.133333
0 0.545312 0.860417 0.100000 0.133333
0 0.446875 0.325000 0.100000 0.133333
0 0.560937 0.741667 0.100000 0.133333
0 0.678125 0.760417 0.100000 0.133333
0 0.146875 0.416667 0.100000 0.133333
0 0.443750 0.197917 0.100000 0.133333
0 0.635938 0.687500 0.100000 0.133333
0 0.723437 0.608333 0.100000 0.133333
0 0.646875 0.225000 0.100000 0.133333
0 0.164062 0.754167 0.100000 0.133333
0 0.482812 0.164583 0.100000 0.133333
0 0.726562 0.131250 0.100000 0.133333
0 0.453125 0.389583 0.100000 0.133333
0 0.890625 0.645833 0.100000 0.133333
0 0.318750 0.562500 0.100000 0.133333
0 0.678125 0.631250 0.100000 0.133333
0 0.343750 0.647917 0.100000 0.133333
0 0.582812 0.462500 0.100000 0.133333
1 0.520312 0.410417 0.100000 0.133333
1 0.818750 0.327083 0.100000 0.133333
1 0.553125 0.614583 0.100000 0.133333
1 0.818750 0.087500 0.100000 0.133333
1 0.843750 0.685417 0.100000 0.133333
