0 0.740625 0.364583 0.100000 0.133333
0 0.657813 0.850000 0.100000 0.133333
0 0.181250 0.783333 0.100000 0.133333
0 0.395313 0.145833 0.100000 0.133333
0 0.275000 0.072917 0.100000 0.133333
0 0.782813 0.164583 0.100000 0.133333
0 0.434375 0.256250 0.100000 0.133333
0 0.282813 0.079167 0.100000 0.133333
0 0.346875 0.502083 0.100000 0.133333
0 0.698438 0.608333 0.100000 0.133333
0 0.535937 0.647917 0.100000 0.133333
0 0.690625 0.237500 0.100000 0.133333
0 0.123438 0.816667 0.100000 0.133333
0 0.801562 0.635417 0.100000 0.133333
0 0.662500 0.877083 0.100000 0.133333
0 0.581250 0.358333 0.100000 0.133333
0 0.228125 0.397917 0.100000 0.133333
0 0.853125 0.433333 0.100000 0.133333
0 0.254688 0.879167 0.100000 0.133333
0 0.651563 0.608333 0.100000 0.133333
0 0.829688 0.075000 0.100000 0.133333
0 0.376563 0.487500 0.100000 0.133333
0 0.562500 0.616667 0.100000 0.133333
0 0.795312 0.750000 0.100000 0.133333
0 0.845313 0.420833 0.100000 0.133333
0 0.631250 0.435417 0.100000 0.133333
0 0.370312 0.325000 0.100000 0.133333
0 0.523438 0.425000 0.100000 0.133333
0 0.660937 0.681250 0.100000 0.133333
0 0.542188 0.408333 0.100000 0.133333
0 0.387500 0.593750 0.100000 0.133333
0 0.476562 0.568750 0.100000 0.133333
0 0.745313 0.183333 0.100000 0.133333
0 0.104688 0.852083 0.100000 0.133333
0 0.756250 0.127083 0.100000 0.133333
0 0.262500 0.158333 0.100000 0.133333
0 0.782813 0.431250 0.100000 0.133333
0 0.795312 0.625000 0.100000 0.133333
0 0.689063 0.735417 0.100000 0.133333
0 0.512500 0.114583 0.100000 0.133333
0 0.834375 0.460417 0.100000 0.133333
0 0.393750 0.250000 0.100000 0.133333
0 0.509375 0.183333 0.100000 0.133333
0 0.742188 0.535417 0.100000 0.133333
0 0.832812 0.741667 0.100000 0.133333
0 0.257812 0.629167 0.100000 0.133333
0 0.634375 0.468750 0.100000 0.133333
0 0.792188 0.800000 0.100000 0.133333
0 0.834375 0.085417 0.100000 0.133333
0 0.581250 0.068750 0.100000 0.133333
0 0.626563 0.616667 0.100000 0.133333
0 0.648438 0.085417 0.100000 0.133333
0 0.559375 0.170833 0.100000 0.133333
0 0.318750 0.739583 0.100000 0.133333
0 0.835938 0.335417 0.100000 0.133333
0 0.153125 0.814583 0.100000 0.133333
0 0.407813 0.222917 0.100000 0.133333
0 0.154688 0.572917 0.100000 0.133333
0 0.257812 0.337500 0.100000 0.133333
0 0.534375 0.247917 0.100000 0.133333
0 0.662500 0.700000 0.100000 0.133333
0 0.698438 0.658333 0.100000 0.133333
0 0.432812 0.402083 0.100000 0.133333
0 0.884375 0.360417 0.100000 0.133333
0 0.589063 0.406250 0.100000 0.133333
0 0.475000 0.333333 0.100000 0.133333
0 0.337500 0.539583 0.100000 0.133333
0 0.685937 0.875000 0.100000 0.133333
0 0.529687 0.506250 0.100000 0.133333
0 0.157812 0.558333 0.100000 0.133333
0 0.467187 0.779167 0.100000 0.133333
0 0.298438 0.725000 0.100000 0.133333
0 0.393750 0.237500 0.100000 0.133333
0 0.254688 0.508333 0.100000 0.133333
0 0.309375 0.647917 0.100000 0.133333
0 0.789062 0.741667 0.100000 0.133333
0 0.604688 0.406250 0.100000 0.133333
0 0.473438 0.350000 0.100000 0.133333
0 0.512500 0.618750 0.100000 0.133333
0 0.700000 0.875000 0.100000 0.133333
0 0.721875 0.187500 0.100000 0.133333
0 0.151562 0.072917 0.100000 0.133333
0 0.407813 0.858333 0.100000 0.133333
0 0.121875 0.714583 0.100000 0.133333
0 0.303125 0.572917 0.100000 0.133333
0 0.557813 0.225000 0.100000 0.133333
0 0.151562 0.231250 0.100000 0.133333
0 0.475000 0.489583 0.100000 0.133333
0 0.290625 0.560417 0.100000 0.133333
0 0.501563 0.577083 0.100000 0.133333
0 0.470313 0.627083 0.100000 0.133333
0 0.173437 0.104167 0.100000 0.133333
0 0.776563 0.168750 0.100000 0.133333
0 0.179688 0.372917 0.100000 0.133333
0 0.514062 0.568750 0.100000 0.133333
0 0.753125 0.491667 0.100000 0.133333
0 0.234375 0.475000 0.100000 0.133333
0 0.320312 0.527083 0.100000 0.133333
0 0.767188 0.493750 0.100000 0.133333
0 0.114062 0.627083 0.100000 0.133333
0 0.826562 0.779167 0.100000 0.133333
0 0.282813 0.829167 0.100000 0.133333
0 0.646875 0.237500 0.100000 0.133333
0 0.118750 0.087500 0.100000 0.133333
0 0.771875 0.468750 0.100000 0.133333
0 0.868750 0.168750 0.100000 0.133333
0 0.487500 0.356250 0.100000 0.133333
0 0.281250 0.179167 0.100000 0.133333
0 0.581250 0.564583 0.100000 0.133333
0 0.784375 0.522917 0.100000 0.133333
0 0.789062 0.195833 0.100000 0.133333
0 0.715625 0.110417 0.100000 0.133333
0 0.217188 0.141667 0.100000 0.133333
0 0.664062 0.283333 0.100000 0.133333
0 0.407813 0.333333 0.100000 0.133333
0 0.426563 0.189583 0.100000 0.133333
0 0.707812 0.385417 0.100000 0.133333
0 0.443750 0.522917 0.100000 0.133333
0 0.748437 0.454167 0.100000 0.133333
0 0.770312 0.831250 0.100000 0.133333
0 0.582812 0.714583 0.100000 0.133333
0 0.378125 0.643750 0.100000 0.133333
0 0.154688 0.447917 0.100000 0.133333
0 0.154688 0.356250 0.100000 0.133333
0 0.671875 0.804167 0.100000 0.133333
0 0.781250 0.835417 0.100000 0.133333
0 0.234375 0.166667 0.100000 0.133333
0 0.789062 0.489583 0.100000 0.133333
0 0.351562 0.654167 0.100000 0.133333
0 0.285938 0.275000 0.100000 0.133333
0 0.325000 0.514583 0.100000 0.133333
0 0.143750 0.254167 0.100000 0.133333
0 0.462500 0.735417 0.100000 0.133333
0 0.753125 0.747917 0.100000 0.133333
0 0.876563 0.262500 0.100000 0.133333
0 0.701562 0.783333 0.100000 0.133333
0 0.475000 0.570833 0.100000 0.133333
0 0.446875 0.362500 0.100000 0.133333
0 0.371875 0.204167 0.100000 0.133333
0 0.817187 0.089583 0.100000 0.133333
0 0.567187 0.870833 0.100000 0.133333
0 0.140625 0.460417 0.100000 0.133333
0 0.126562 0.579167 0.100000 0.133333
0 0.865625 0.333333 0.100000 0.133333
0 0.629687 0.327083 0.100000 0.133333
0 0.228125 0.110417 0.100000 0.133333
0 0.678125 0.575000 0.100000 0.133333
0 0.401562 0.825000 0.100000 0.133333
0 0.825000 0.125000 0.100000 0.133333
0 0.173437 0.345833 0.100000 0.133333
1 0.226562 0.581250 0.100000 0.133333
1 0.895312 0.631250 0.100000 0.133333
1 0.787500 0.897917 0.100000 0.133333
1 0.554688 0.818750 0.100000 0.133333
1 0.670312 0.839583 0.100000 0.133333
