0 0.690625 0.760417 0.100000 0.133333
0 0.262500 0.120833 0.100000 0.133333
0 0.612500 0.662500 0.100000 0.133333
0 0.676562 0.837500 0.100000 0.133333
0 0.673438 0.562500 0.100000 0.133333
0 0.868750 0.337500 0.100000 0.133333
0 0.550000 0.891667 0.100000 0.133333
0 0.609375 0.068750 0.100000 0.133333
0 0.292187 0.456250 0.100000 0.133333
0 0.746875 0.741667 0.100000 0.133333
0 0.409375 0.854167 0.100000 0.133333
0 0.429688 0.168750 0.100000 0.133333
0 0.885938 0.358333 0.100000 0.133333
0 0.278125 0.645833 0.100000 0.133333
0 0.404687 0.862500 0.100000 0.133333
0 0.751563 0.170833 0.100000 0.133333
0 0.273438 0.472917 0.100000 0.133333
0 0.171875 0.410417 0.100000 0.133333
0 0.582812 0.633333 0.100000 0.133333
0 0.768750 0.679167 0.100000 0.133333
0 0.568750 0.543750 0.100000 0.133333
0 0.360938 0.804167 0.100000 0.133333
0 0.110937 0.870833 0.100000 0.133333
0 0.143750 0.179167 0.100000 0.133333
0 0.632812 0.818750 0.100000 0.133333
0 0.346875 0.825000 0.100000 0.133333
0 0.756250 0.504167 0.100000 0.133333
0 0.485938 0.493750 0.100000 0.133333
0 0.531250 0.460417 0.100000 0.133333
0 0.410938 0.206250 0.100000 0.133333
0 0.498437 0.625000 0.100000 0.133333
0 0.471875 0.202083 0.100000 0.133333
0 0.282813 0.183333 0.100000 0.133333
0 0.276562 0.327083 0.100000 0.133333
0 0.518750 0.418750 0.100000 0.133333
0 0.212500 0.558333 0.100000 0.133333
0 0.117188 0.770833 0.100000 0.133333
0 0.279687 0.312500 0.100000 0.133333
0 0.340625 0.395833 0.100000 0.133333
0 0.175000 0.781250 0.100000 0.133333
0 0.760938 0.412500 0.100000 0.133333
0 0.364063 0.447917 0.100000 0.133333
0 0.332813 0.700000 0.100000 0.133333
0 0.689063 0.702083 0.100000 0.133333
0 0.560937 0.679167 0.100000 0.133333
0 0.567187 0.468750 0.100000 0.133333
0 0.612500 0.841667 0.100000 0.133333
0 0.340625 0.375000 0.100000 0.133333
0 0.298438 0.237500 0.100000 0.133333
0 0.410938 0.141667 0.100000 0.133333
0 0.256250 0.483333 0.100000 0.133333
0 0.346875 0.075000 0.100000 0.133333
0 0.707812 0.291667 0.100000 0.133333
0 0.101562 0.341667 0.100000 0.133333
0 0.442188 0.814583 0.100000 0.133333
0 0.295312 0.135417 0.100000 0.133333
0 0.735938 0.364583 0.100000 0.133333
0 0.560937 0.622917 0.100000 0.133333
0 0.800000 0.114583 0.100000 0.133333
0 0.640625 0.889583 0.100000 0.133333
0 0.703125 0.087500 0.100000 0.133333
0 0.576562 0.610417 0.100000 0.133333
0 0.435937 0.864583 0.100000 0.133333
0 0.806250 0.568750 0.100000 0.133333
0 0.756250 0.166667 0.100000 0.133333
0 0.348438 0.139583 0.100000 0.133333
0 0.246875 0.189583 0.100000 0.133333
0 0.250000 0.706250 0.100000 0.133333
0 0.182812 0.791667 0.100000 0.133333
0 0.206250 0.800000 0.100000 0.133333
0 0.860938 0.114583 0.100000 0.133333
0 0.895312 0.233333 0.100000 0.133333
0 0.278125 0.414583 0.100000 0.133333
0 0.807813 0.545833 0.100000 0.133333
0 0.285938 0.250000 0.100000 0.133333
0 0.506250 0.568750 0.100000 0.133333
0 0.445312 0.552083 0.100000 0.133333
0 0.462500 0.270833 0.100000 0.133333
0 0.176563 0.577083 0.100000 0.133333
0 0.671875 0.827083 0.100000 0.133333
0 0.259375 0.635417 0.100000 0.133333
0 0.621875 0.222917 0.100000 0.133333
0 0.679688 0.189583 0.100000 0.133333
0 0.864062 0.595833 0.100000 0.133333
0 0.139063 0.156250 0.100000 0.133333
0 0.551562 0.556250 0.100000 0.133333
0 0.623437 0.841667 0.100000 0.133333
0 0.207813 0.835417 0.100000 0.133333
0 0.731250 0.552083 0.100000 0.133333
0 0.653125 0.631250 0.100000 0.133333
0 0.168750 0.562500 0.100000 0.133333
0 0.487500 0.227083 0.100000 0.133333
0 0.682813 0.191667 0.100000 0.133333
0 0.359375 0.181250 0.100000 0.133333
0 0.296875 0.241667 0.100000 0.133333
0 0.285938 0.735417 0.100000 0.133333
0 0.551562 0.631250 0.100000 0.133333
0 0.487500 0.164583 0.100000 0.133333
0 0.895312 0.258333 0.100000 0.133333
0 0.485938 0.739583 0.100000 0.133333
0 0.403125 0.329167 0.100000 0.133333
0 0.435937 0.391667 0.100000 0.133333
0 0.773438 0.379167 0.100000 0.133333
0 0.159375 0.172917 0.100000 0.133333
0 0.867188 0.597917 0.100000 0.133333
0 0.506250 0.862500 0.100000 0.133333
0 0.106250 0.552083 0.100000 0.133333
0 0.757812 0.712500 0.100000 0.133333
0 0.714063 0.195833 0.100000 0.133333
0 0.425000 0.891667 0.100000 0.133333
0 0.668750 0.397917 0.100000 0.133333
0 0.810937 0.647917 0.100000 0.133333
0 0.726562 0.141667 0.100000 0.133333
0 0.676562 0.558333 0.100000 0.133333
0 0.665625 0.245833 0.100000 0.133333
0 0.843750 0.452083 0.100000 0.133333
0 0.106250 0.212500 0.100000 0.133333
0 0.282813 0.822917 0.100000 0.133333
0 0.375000 0.704167 0.100000 0.133333
0 0.400000 0.702083 0.100000 0.133333
0 0.762500 0.168750 0.100000 0.133333
0 0.757812 0.275000 0.100000 0.133333
0 0.496875 0.268750 0.100000 0.133333
0 0.848437 0.414583 0.100000 0.133333
0 0.579688 0.264583 0.100000 0.133333
0 0.317188 0.562500 0.100000 0.133333
0 0.715625 0.095833 0.100000 0.133333
0 0.690625 0.729167 0.100000 0.133333
0 0.759375 0.889583 0.100000 0.133333
0 0.487500 0.568750 0.100000 0.133333
0 0.600000 0.829167 0.100000 0.133333
0 0.582812 0.102083 0.100000 0.133333
0 0.767188 0.397917 0.100000 0.133333
0 0.101562 0.085417 0.100000 0.133333
0 0.701562 0.075000 0.100000 0.133333
0 0.825000 0.327083 0.100000 0.133333
0 0.784375 0.302083 0.100000 0.133333
0 0.825000 0.185417 0.100000 0.133333
0 0.290625 0.756250 0.100000 0.133333
0 0.829688 0.164583 0.100000 0.133333
0 0.687500 0.606250 0.100000 0.133333
0 0.767188 0.127083 0.100000 0.133333
0 0.743750 0.589583 0.100000 0.133333
0 0.110937 0.106250 0.100000 0.133333
0 0.165625 0.520833 0.100000 0.133333
0 0.645312 0.739583 0.100000 0.133333
0 0.801562 0.743750 0.100000 0.133333
0 0.115625 0.739583 0.100000 0.133333
0 0.646875 0.266667 0.100000 0.133333
0 0.832812 0.847917 0.100000 0.133333
1 0.239063 0.477083 0.100000 0.133333
1 0.096875 0.541667 0.100000 0.133333
1 0.287500 0.325000 0.100000 0.133333
1 0.910937 0.875000 0.100000 0.133333
1 0.800000 0.347917 0.100000 0.133333
