0 0.698438 0.800000 0.100000 0.133333
0 0.142187 0.491667 0.100000 0.133333
0 0.681250 0.181250 0.100000 0.133333
0 0.443750 0.118750 0.100000 0.133333
0 0.245312 0.485417 0.100000 0.133333
0 0.304688 0.579167 0.100000 0.133333
0 0.829688 0.489583 0.100000 0.133333
0 0.498437 0.625000 0.100000 0.133333
0 0.612500 0.160417 0.100000 0.133333
0 0.471875 0.856250 0.100000 0.133333
0 0.829688 0.560417 0.100000 0.133333
0 0.165625 0.477083 0.100000 0.133333
0 0.570312 0.093750 0.100000 0.133333
0 0.860938 0.162500 0.100000 0.133333
0 0.765625 0.327083 0.100000 0.133333
0 0.254688 0.104167 0.100000 0.133333
0 0.578125 0.620833 0.100000 0.133333
0 0.217188 0.772917 0.100000 0.133333
0 0.384375 0.139583 0.100000 0.133333
0 0.292187 0.391667 0.100000 0.133333
0 0.853125 0.187500 0.100000 0.133333
0 0.882812 0.089583 0.100000 0.133333
0 0.145313 0.468750 0.100000 0.133333
0 0.782813 0.710417 0.100000 0.133333
0 0.700000 0.675000 0.100000 0.133333
0 0.521875 0.833333 0.100000 0.133333
0 0.214062 0.106250 0.100000 0.133333
0 0.753125 0.406250 0.100000 0.133333
0 0.754687 0.658333 0.100000 0.133333
0 0.712500 0.362500 0.100000 0.133333
0 0.204687 0.852083 0.100000 0.133333
0 0.835938 0.722917 0.100000 0.133333
0 0.846875 0.543750 0.100000 0.133333
0 0.335938 0.391667 0.100000 0.133333
0 0.476562 0.683333 0.100000 0.133333
0 0.668750 0.410417 0.100000 0.133333
0 0.121875 0.756250 0.100000 0.133333
0 0.771875 0.525000 0.100000 0.133333
0 0.129688 0.781250 0.100000 0.133333
0 0.407813 0.460417 0.100000 0.133333
0 0.118750 0.745833 0.100000 0.133333
0 0.745313 0.506250 0.100000 0.133333
0 0.620313 0.641667 0.100000 0.133333
0 0.331250 0.556250 0.100000 0.133333
0 0.765625 0.354167 0.100000 0.133333
0 0.220312 0.189583 0.100000 0.133333
0 0.353125 0.583333 0.100000 0.133333
0 0.750000 0.747917 0.100000 0.133333
0 0.646875 0.175000 0.100000 0.133333
0 0.676562 0.537500 0.100000 0.133333
0 0.146875 0.833333 0.100000 0.133333
0 0.592187 0.822917 0.100000 0.133333
0 0.421875 0.385417 0.100000 0.133333
0 0.823438 0.679167 0.100000 0.133333
0 0.279687 0.825000 0.100000 0.133333
0 0.760938 0.722917 0.100000 0.133333
0 0.596875 0.141667 0.100000 0.133333
0 0.264062 0.302083 0.100000 0.133333
0 0.217188 0.112500 0.100000 0.133333
0 0.504687 0.216667 0.100000 0.133333
0 0.376563 0.645833 0.100000 0.133333
0 0.143750 0.641667 0.100000 0.133333
0 0.884375 0.356250 0.100000 0.133333
0 0.593750 0.360417 0.100000 0.133333
0 0.856250 0.627083 0.100000 0.133333
0 0.331250 0.862500 0.100000 0.133333
0 0.445312 0.770833 0.100000 0.133333
0 0.542188 0.227083 0.100000 0.133333
0 0.645312 0.452083 0.100000 0.133333
0 0.459375 0.643750 0.100000 0.133333
0 0.301563 0.379167 0.100000 0.133333
0 0.398438 0.550000 0.100000 0.133333
0 0.267188 0.331250 0.100000 0.133333
0 0.735938 0.425000 0.100000 0.133333
0 0.281250 0.352083 0.100000 0.133333
0 0.467187 0.691667 0.100000 0.133333
0 0.512500 0.397917 0.100000 0.133333
0 0.418750 0.200000 0.100000 0.133333
0 0.643750 0.487500 0.100000 0.133333
0 0.628125 0.460417 0.100000 0.133333
0 0.440625 0.350000 0.100000 0.133333
0 0.448437 0.116667 0.100000 0.133333
0 0.556250 0.522917 0.100000 0.133333
0 0.325000 0.258333 0.100000 0.133333
0 0.471875 0.429167 0.100000 0.133333
0 0.123438 0.089583 0.100000 0.133333
0 0.260937 0.327083 0.100000 0.133333
0 0.214062 0.825000 0.100000 0.133333
0 0.829688 0.395833 0.100000 0.133333
0 0.726562 0.512500 0.100000 0.133333
0 0.720313 0.293750 0.100000 0.133333
0 0.892188 0.860417 0.100000 0.133333
0 0.851562 0.270833 0.100000 0.133333
0 0.221875 0.735417 0.100000 0.133333
0 0.400000 0.256250 0.100000 0.133333
0 0.160938 0.797917 0.100000 0.133333
0 0.320312 0.462500 0.100000 0.133333
0 0.351562 0.191667 0.100000 0.133333
0 0.446875 0.129167 0.100000 0.133333
0 0.287500 0.197917 0.100000 0.133333
0 0.359375 0.302083 0.100000 0.133333
0 0.756250 0.560417 0.100000 0.133333
0 0.589063 0.195833 0.100000 0.133333
0 0.818750 0.681250 0.100000 0.133333
0 0.528125 0.620833 0.100000 0.133333
0 0.475000 0.654167 0.100000 0.133333
0 0.559375 0.737500 0.100000 0.133333
0 0.660937 0.775000 0.100000 0.133333
0 0.170313 0.693750 0.100000 0.133333
0 0.896875 0.689583 0.100000 0.133333
0 0.857812 0.370833 0.100000 0.133333
0 0.150000 0.756250 0.100000 0.133333
0 0.839063 0.618750 0.100000 0.133333
0 0.643750 0.333333 0.100000 0.133333
0 0.815625 0.697917 0.100000 0.133333
0 0.670312 0.127083 0.100000 0.133333
0 0.131250 0.768750 0.100000 0.133333
0 0.778125 0.625000 0.100000 0.133333
0 0.659375 0.731250 0.100000 0.133333
0 0.407813 0.779167 0.100000 0.133333
0 0.542188 0.470833 0.100000 0.133333
0 0.262500 0.418750 0.100000 0.133333
0 0.628125 0.720833 0.100000 0.133333
0 0.529687 0.362500 0.100000 0.133333
0 0.151562 0.495833 0.100000 0.133333
0 0.821875 0.422917 0.100000 0.133333
0 0.554688 0.558333 0.100000 0.133333
0 0.731250 0.081250 0.100000 0.133333
0 0.198437 0.602083 0.100000 0.133333
0 0.128125 0.587500 0.100000 0.133333
0 0.735938 0.466667 0.100000 0.133333
0 0.643750 0.697917 0.100000 0.133333
0 0.634375 0.210417 0.100000 0.133333
0 0.501563 0.795833 0.100000 0.133333
0 0.407813 0.122917 0.100000 0.133333
0 0.317188 0.537500 0.100000 0.133333
0 0.292187 0.633333 0.100000 0.133333
0 0.492188 0.687500 0.100000 0.133333
0 0.364063 0.437500 0.100000 0.133333
0 0.796875 0.658333 0.100000 0.133333
0 0.376563 0.558333 0.100000 0.133333
0 0.614062 0.412500 0.100000 0.133333
0 0.312500 0.362500 0.100000 0.133333
0 0.709375 0.612500 0.100000 0.133333
0 0.848437 0.475000 0.100000 0.133333
0 0.498437 0.154167 0.100000 0.133333
0 0.751563 0.691667 0.100000 0.133333
0 0.282813 0.293750 0.100000 0.133333
0 0.339062 0.104167 0.100000 0.133333
0 0.651563 0.475000 0.100000 0.133333
1 0.181250 0.283333 0.100000 0.133333
1 0.106250 0.820833 0.100000 0.133333
1 0.126562 0.347917 0.100000 0.133333
1 0.268750 0.247917 0.100000 0.133333
1 0.545312 0.229167 0.100000 0.133333
