0 0.895312 0.841667 0.100000 0.133333
0 0.484375 0.175000 0.100000 0.133333
0 0.671875 0.095833 0.100000 0.133333
0 0.743750 0.725000 0.100000 0.133333
0 0.212500 0.227083 0.100000 0.133333
0 0.137500 0.870833 0.100000 0.133333
0 0.246875 0.322917 0.100000 0.133333
0 0.534375 0.643750 0.100000 0.133333
0 0.403125 0.602083 0.100000 0.133333
0 0.689063 0.806250 0.100000 0.133333
0 0.735938 0.575000 0.100000 0.133333
0 0.862500 0.633333 0.100000 0.133333
0 0.181250 0.764583 0.100000 0.133333
0 0.106250 0.170833 0.100000 0.133333
0 0.160938 0.291667 0.100000 0.133333
0 0.765625 0.127083 0.100000 0.133333
0 0.254688 0.377083 0.100000 0.133333
0 0.889062 0.164583 0.100000 0.133333
0 0.817187 0.506250 0.100000 0.133333
0 0.303125 0.589583 0.100000 0.133333
0 0.431250 0.816667 0.100000 0.133333
0 0.576562 0.583333 0.100000 0.133333
0 0.118750 0.133333 0.100000 0.133333
0 0.531250 0.777083 0.100000 0.133333
0 0.228125 0.731250 0.100000 0.133333
0 0.257812 0.764583 0.100000 0.133333
0 0.545312 0.662500 0.100000 0.133333
0 0.753125 0.814583 0.100000 0.133333
0 0.531250 0.729167 0.100000 0.133333
0 0.493750 0.797917 0.100000 0.133333
0 0.831250 0.306250 0.100000 0.133333
0 0.707812 0.333333 0.100000 0.133333
0 0.590625 0.825000 0.100000 0.133333
0 0.520312 0.131250 0.100000 0.133333
0 0.498437 0.281250 0.100000 0.133333
0 0.595313 0.522917 0.100000 0.133333
0 0.510938 0.420833 0.100000 0.133333
0 0.867188 0.370833 0.100000 0.133333
0 0.607812 0.625000 0.100000 0.133333
0 0.607812 0.083333 0.100000 0.133333
0 0.414062 0.222917 0.100000 0.133333
0 0.460938 0.568750 0.100000 0.133333
0 0.217188 0.079167 0.100000 0.133333
0 0.793750 0.127083 0.100000 0.133333
0 0.648438 0.760417 0.100000 0.133333
0 0.878125 0.702083 0.100000 0.133333
0 0.148438 0.843750 0.100000 0.133333
0 0.770312 0.089583 0.100000 0.133333
0 0.176563 0.310417 0.100000 0.133333
0 0.821875 0.822917 0.100000 0.133333
0 0.267188 0.518750 0.100000 0.133333
0 0.184375 0.822917 0.100000 0.133333
0 0.504687 0.739583 0.100000 0.133333
0 0.440625 0.685417 0.100000 0.133333
0 0.471875 0.420833 0.100000 0.133333
0 0.785937 0.075000 0.100000 0.133333
0 0.560937 0.304167 0.100000 0.133333
0 0.562500 0.152083 0.100000 0.133333
0 0.606250 0.300000 0.100000 0.133333
0 0.321875 0.839583 0.100000 0.133333
0 0.598437 0.187500 0.100000 0.133333
0 0.357812 0.543750 0.100000 0.133333
0 0.198437 0.118750 0.100000 0.133333
0 0.409375 0.814583 0.100000 0.133333
0 0.767188 0.402083 0.100000 0.133333
0 0.425000 0.308333 0.100000 0.133333
0 0.840625 0.183333 0.100000 0.133333
0 0.596875 0.214583 0.100000 0.133333
0 0.729688 0.450000 0.100000 0.133333
0 0.445312 0.820833 0.100000 0.133333
0 0.454688 0.093750 0.100000 0.133333
0 0.675000 0.185417 0.100000 0.133333
0 0.576562 0.275000 0.100000 0.133333
0 0.432812 0.345833 0.100000 0.133333
0 0.828125 0.633333 0.100000 0.133333
0 0.214062 0.727083 0.100000 0.133333
0 0.395313 0.252083 0.100000 0.133333
0 0.804688 0.777083 0.100000 0.133333
0 0.714063 0.216667 0.100000 0.133333
0 0.398438 0.079167 0.100000 0.133333
0 0.743750 0.529167 0.100000 0.133333
0 0.517188 0.522917 0.100000 0.133333
0 0.442188 0.797917 0.100000 0.133333
0 0.692187 0.262500 0.100000 0.133333
0 0.414062 0.683333 0.100000 0.133333
0 0.582812 0.333333 0.100000 0.133333
0 0.468750 0.258333 0.100000 0.133333
0 0.729688 0.325000 0.100000 0.133333
0 0.854688 0.531250 0.100000 0.133333
0 0.409375 0.820833 0.100000 0.133333
0 0.393750 0.625000 0.100000 0.133333
0 0.501563 0.739583 0.100000 0.133333
0 0.618750 0.433333 0.100000 0.133333
0 0.471875 0.152083 0.100000 0.133333
0 0.701562 0.841667 0.100000 0.133333
0 0.135937 0.652083 0.100000 0.133333
0 0.771875 0.533333 0.100000 0.133333
0 0.514062 0.193750 0.100000 0.133333
0 0.867188 0.750000 0.100000 0.133333
0 0.862500 0.335417 0.100000 0.133333
0 0.887500 0.333333 0.100000 0.133333
0 0.501563 0.664583 0.100000 0.133333
0 0.573438 0.535417 0.100000 0.133333
0 0.460938 0.460417 0.100000 0.133333
0 0.737500 0.075000 0.100000 0.133333
0 0.423438 0.689583 0.100000 0.133333
0 0.392188 0.322917 0.100000 0.133333
0 0.681250 0.258333 0.100000 0.133333
0 0.543750 0.493750 0.100000 0.133333
0 0.701562 0.354167 0.100000 0.133333
0 0.650000 0.637500 0.100000 0.133333
0 0.848437 0.393750 0.100000 0.133333
0 0.301563 0.370833 0.100000 0.133333
0 0.764062 0.706250 0.100000 0.133333
0 0.768750 0.320833 0.100000 0.133333
0 0.376563 0.814583 0.100000 0.133333
0 0.314063 0.675000 0.100000 0.133333
0 0.242188 0.243750 0.100000 0.133333
0 0.496875 0.231250 0.100000 0.133333
0 0.209375 0.356250 0.100000 0.133333
0 0.735938 0.666667 0.100000 0.133333
0 0.576562 0.770833 0.100000 0.133333
0 0.378125 0.622917 0.100000 0.133333
0 0.476562 0.572917 0.100000 0.133333
0 0.659375 0.500000 0.100000 0.133333
0 0.310937 0.343750 0.100000 0.133333
0 0.456250 0.818750 0.100000 0.133333
0 0.250000 0.341667 0.100000 0.133333
0 0.475000 0.229167 0.100000 0.133333
0 0.853125 0.695833 0.100000 0.133333
0 0.189062 0.856250 0.100000 0.133333
0 0.337500 0.410417 0.100000 0.133333
0 0.728125 0.727083 0.100000 0.133333
0 0.423438 0.085417 0.100000 0.133333
0 0.525000 0.250000 0.100000 0.133333
0 0.234375 0.364583 0.100000 0.133333
0 0.890625 0.447917 0.100000 0.133333
0 0.420312 0.520833 0.100000 0.133333
0 0.742188 0.322917 0.100000 0.133333
0 0.396875 0.672917 0.100000 0.133333
0 0.806250 0.162500 0.100000 0.133333
0 0.296875 0.260417 0.100000 0.133333
0 0.810937 0.441667 0.100000 0.133333
0 0.867188 0.397917 0.100000 0.133333
0 0.334375 0.868750 0.100000 0.133333
0 0.104688 0.506250 0.100000 0.133333
0 0.490625 0.529167 0.100000 0.133333
0 0.603125 0.637500 0.100000 0.133333
0 0.818750 0.750000 0.100000 0.133333
0 0.154688 0.629167 0.100000 0.133333
1 0.859375 0.466667 0.100000 0.133333
1 0.385937 0.716667 0.100000 0.133333
1 0.425000 0.495833 0.100000 0.133333
1 0.062500 0.706250 0.100000 0.133333
1 0.584375 0.658333 0.100000 0.133333
