0 0.865625 0.866667 0.100000 0.133333
0 0.900000 0.747917 0.100000 0.133333
0 0.546875 0.258333 0.100000 0.133333
0 0.851562 0.860417 0.100000 0.133333
0 0.453125 0.681250 0.100000 0.133333
0 0.895312 0.439583 0.100000 0.133333
0 0.612500 0.325000 0.100000 0.133333
0 0.607812 0.300000 0.100000 0.133333
0 0.134375 0.852083 0.100000 0.133333
0 0.485938 0.491667 0.100000 0.133333
0 0.235937 0.441667 0.100000 0.133333
0 0.398438 0.366667 0.100000 0.133333
0 0.693750 0.379167 0.100000 0.133333
0 0.362500 0.329167 0.100000 0.133333
0 0.179688 0.841667 0.100000 0.133333
0 0.671875 0.762500 0.100000 0.133333
0 0.350000 0.435417 0.100000 0.133333
0 0.604688 0.070833 0.100000 0.133333
0 0.273438 0.718750 0.100000 0.133333
0 0.756250 0.547917 0.100000 0.133333
0 0.200000 0.500000 0.100000 0.133333
0 0.534375 0.239583 0.100000 0.133333
0 0.504687 0.783333 0.100000 0.133333
0 0.515625 0.641667 0.100000 0.133333
0 0.442188 0.533333 0.100000 0.133333
0 0.312500 0.160417 0.100000 0.133333
0 0.292187 0.568750 0.100000 0.133333
0 0.678125 0.768750 0.100000 0.133333
0 0.790625 0.793750 0.100000 0.133333
0 0.839063 0.420833 0.100000 0.133333
0 0.831250 0.281250 0.100000 0.133333
0 0.357812 0.627083 0.100000 0.133333
0 0.364063 0.202083 0.100000 0.133333
0 0.132812 0.358333 0.100000 0.133333
0 0.559375 0.889583 0.100000 0.133333
0 0.193750 0.779167 0.100000 0.133333
0 0.840625 0.487500 0.100000 0.133333
0 0.395313 0.331250 0.100000 0.133333
0 0.803125 0.833333 0.100000 0.133333
0 0.473438 0.293750 0.100000 0.133333
0 0.878125 0.558333 0.100000 0.133333
0 0.696875 0.358333 0.100000 0.133333
0 0.589063 0.654167 0.100000 0.133333
0 0.254688 0.175000 0.100000 0.133333
0 0.226562 0.877083 0.100000 0.133333
0 0.112500 0.089583 0.100000 0.133333
0 0.628125 0.604167 0.100000 0.133333
0 0.437500 0.629167 0.100000 0.133333
0 0.471875 0.079167 0.100000 0.133333
0 0.442188 0.214583 0.100000 0.133333
0 0.104688 0.150000 0.100000 0.133333
0 0.195312 0.402083 0.100000 0.133333
0 0.832812 0.110417 0.100000 0.133333
0 0.350000 0.431250 0.100000 0.133333
0 0.281250 0.862500 0.100000 0.133333
0 0.806250 0.231250 0.100000 0.133333
0 0.243750 0.610417 0.100000 0.133333
0 0.603125 0.483333 0.100000 0.133333
0 0.839063 0.718750 0.100000 0.133333
0 0.375000 0.387500 0.100000 0.133333
0 0.148438 0.262500 0.100000 0.133333
0 0.742188 0.341667 0.100000 0.133333
0 0.415625 0.860417 0.100000 0.133333
0 0.145313 0.272917 0.100000 0.133333
0 0.896875 0.147917 0.100000 0.133333
0 0.440625 0.712500 0.100000 0.133333
0 0.809375 0.800000 0.100000 0.133333
0 0.459375 0.393750 0.100000 0.133333
0 0.193750 0.545833 0.100000 0.133333
0 0.804688 0.835417 0.100000 0.133333
0 0.293750 0.358333 0.100000 0.133333
0 0.753125 0.564583 0.100000 0.133333
0 0.803125 0.404167 0.100000 0.133333
0 0.514062 0.800000 0.100000 0.133333
0 0.723437 0.568750 0.100000 0.133333
0 0.879687 0.083333 0.100000 0.133333
0 0.721875 0.129167 0.100000 0.133333
0 0.107813 0.329167 0.100000 0.133333
0 0.482812 0.268750 0.100000 0.133333
0 0.210938 0.395833 0.100000 0.133333
0 0.112500 0.131250 0.100000 0.133333
0 0.896875 0.854167 0.100000 0.133333
0 0.537500 0.712500 0.100000 0.133333
0 0.309375 0.181250 0.100000 0.133333
0 0.814063 0.802083 0.100000 0.133333
0 0.295312 0.683333 0.100000 0.133333
0 0.131250 0.147917 0.100000 0.133333
0 0.364063 0.227083 0.100000 0.133333
0 0.600000 0.241667 0.100000 0.133333
0 0.789062 0.266667 0.100000 0.133333
0 0.493750 0.408333 0.100000 0.133333
0 0.117188 0.760417 0.100000 0.133333
0 0.587500 0.185417 0.100000 0.133333
0 0.759375 0.139583 0.100000 0.133333
0 0.668750 0.406250 0.100000 0.133333
0 0.603125 0.833333 0.100000 0.133333
0 0.900000 0.393750 0.100000 0.133333
0 0.712500 0.714583 0.100000 0.133333
0 0.607812 0.325000 0.100000 0.133333
0 0.329688 0.233333 0.100000 0.133333
0 0.598437 0.077083 0.100000 0.133333
0 0.850000 0.547917 0.100000 0.133333
0 0.237500 0.506250 0.100000 0.133333
0 0.209375 0.641667 0.100000 0.133333
0 0.373437 0.168750 0.100000 0.133333
0 0.817187 0.554167 0.100000 0.133333
0 0.873437 0.520833 0.100000 0.133333
0 0.521875 0.500000 0.100000 0.133333
0 0.385937 0.629167 0.100000 0.133333
0 0.523438 0.695833 0.100000 0.133333
0 0.107813 0.427083 0.100000 0.133333
0 0.123438 0.377083 0.100000 0.133333
0 0.500000 0.270833 0.100000 0.133333
0 0.275000 0.416667 0.100000 0.133333
0 0.876563 0.725000 0.100000 0.133333
0 0.487500 0.675000 0.100000 0.133333
0 0.703125 0.664583 0.100000 0.133333
0 0.781250 0.339583 0.100000 0.133333
0 0.798438 0.570833 0.100000 0.133333
0 0.478125 0.152083 0.100000 0.133333
0 0.662500 0.841667 0.100000 0.133333
0 0.570312 0.316667 0.100000 0.133333
0 0.639062 0.343750 0.100000 0.133333
0 0.625000 0.079167 0.100000 0.133333
0 0.809375 0.627083 0.100000 0.133333
0 0.412500 0.622917 0.100000 0.133333
0 0.679688 0.227083 0.100000 0.133333
0 0.814063 0.325000 0.100000 0.133333
0 0.107813 0.375000 0.100000 0.133333
0 0.187500 0.614583 0.100000 0.133333
0 0.840625 0.297917 0.100000 0.133333
0 0.571875 0.281250 0.100000 0.133333
0 0.135937 0.691667 0.100000 0.133333
0 0.525000 0.412500 0.100000 0.133333
0 0.639062 0.872917 0.100000 0.133333
0 0.143750 0.277083 0.100000 0.133333
0 0.546875 0.508333 0.100000 0.133333
0 0.671875 0.097917 0.100000 0.133333
0 0.742188 0.833333 0.100000 0.133333
0 0.770312 0.531250 0.100000 0.133333
0 0.437500 0.847917 0.100000 0.133333
0 0.535937 0.872917 0.100000 0.133333
0 0.410938 0.666667 0.100000 0.133333
0 0.175000 0.691667 0.100000 0.133333
0 0.675000 0.264583 0.100000 0.133333
0 0.492188 0.316667 0.100000 0.133333
0 0.237500 0.837500 0.100000 0.133333
0 0.239063 0.837500 0.100000 0.133333
0 0.101562 0.341667 0.100000 0.133333
0 0.150000 0.366667 0.100000 0.133333
1 0.826562 0.818750 0.100000 0.133333
1 0.828125 0.337500 0.100000 0.133333
1 0.759375 0.470833 0.100000 0.133333
1 0.653125 0.131250 0.100000 0.133333
1 0.848437 0.693750 0.100000 0.133333
