0 0.204687 0.362500 0.100000 0.133333
0 0.895312 0.470833 0.100000 0.133333
0 0.765625 0.102083 0.100000 0.133333
0 0.892188 0.447917 0.100000 0.133333
0 0.685937 0.118750 0.100000 0.133333
0 0.135937 0.256250 0.100000 0.133333
0 0.279687 0.102083 0.100000 0.133333
0 0.167187 0.185417 0.100000 0.133333
0 0.184375 0.175000 0.100000 0.133333
0 0.482812 0.683333 0.100000 0.133333
0 0.651563 0.745833 0.100000 0.133333
0 0.382812 0.595833 0.100000 0.133333
0 0.782813 0.745833 0.100000 0.133333
0 0.735938 0.460417 0.100000 0.133333
0 0.167187 0.802083 0.100000 0.133333
0 0.893750 0.779167 0.100000 0.133333
0 0.473438 0.281250 0.100000 0.133333
0 0.671875 0.731250 0.100000 0.133333
0 0.759375 0.239583 0.100000 0.133333
0 0.840625 0.641667 0.100000 0.133333
0 0.626563 0.179167 0.100000 0.133333
0 0.718750 0.162500 0.100000 0.133333
0 0.706250 0.812500 0.100000 0.133333
0 0.176563 0.383333 0.100000 0.133333
0 0.454688 0.700000 0.100000 0.133333
0 0.609375 0.768750 0.100000 0.133333
0 0.898438 0.239583 0.100000 0.133333
0 0.167187 0.391667 0.100000 0.133333
0 0.865625 0.497917 0.100000 0.133333
0 0.209375 0.333333 0.100000 0.133333
0 0.717187 0.672917 0.100000 0.133333
0 0.875000 0.304167 0.100000 0.133333
0 0.640625 0.554167 0.100000 0.133333
0 0.579688 0.152083 0.100000 0.133333
0 0.884375 0.379167 0.100000 0.133333
0 0.129688 0.572917 0.100000 0.133333
0 0.504687 0.829167 0.100000 0.133333
0 0.118750 0.789583 0.100000 0.133333
0 0.670312 0.602083 0.100000 0.133333
0 0.196875 0.591667 0.100000 0.133333
0 0.340625 0.806250 0.100000 0.133333
0 0.157812 0.722917 0.100000 0.133333
0 0.856250 0.714583 0.100000 0.133333
0 0.132812 0.854167 0.100000 0.133333
0 0.443750 0.629167 0.100000 0.133333
0 0.621875 0.710417 0.100000 0.133333
0 0.223438 0.150000 0.100000 0.133333
0 0.485938 0.172917 0.100000 0.133333
0 0.239063 0.295833 0.100000 0.133333
0 0.717187 0.875000 0.100000 0.133333
0 0.553125 0.406250 0.100000 0.133333
0 0.465625 0.831250 0.100000 0.133333
0 0.403125 0.716667 0.100000 0.133333
0 0.284375 0.639583 0.100000 0.133333
0 0.250000 0.541667 0.100000 0.133333
0 0.868750 0.385417 0.100000 0.133333
0 0.414062 0.350000 0.100000 0.133333
0 0.559375 0.118750 0.100000 0.133333
0 0.475000 0.810417 0.100000 0.133333
0 0.467187 0.502083 0.100000 0.133333
0 0.242188 0.345833 0.100000 0.133333
0 0.614062 0.189583 0.100000 0.133333
0 0.262500 0.216667 0.100000 0.133333
0 0.315625 0.308333 0.100000 0.133333
0 0.640625 0.425000 0.100000 0.133333
0 0.328125 0.870833 0.100000 0.133333
0 0.632812 0.735417 0.100000 0.133333
0 0.389062 0.795833 0.100000 0.133333
0 0.731250 0.114583 0.100000 0.133333
0 0.239063 0.225000 0.100000 0.133333
0 0.309375 0.879167 0.100000 0.133333
0 0.179688 0.750000 0.100000 0.133333
0 0.579688 0.670833 0.100000 0.133333
0 0.115625 0.820833 0.100000 0.133333
0 0.775000 0.354167 0.100000 0.133333
0 0.384375 0.608333 0.100000 0.133333
0 0.162500 0.097917 0.100000 0.133333
0 0.856250 0.516667 0.100000 0.133333
0 0.665625 0.883333 0.100000 0.133333
0 0.182812 0.479167 0.100000 0.133333
0 0.634375 0.391667 0.100000 0.133333
0 0.418750 0.685417 0.100000 0.133333
0 0.175000 0.081250 0.100000 0.133333
0 0.679688 0.833333 0.100000 0.133333
0 0.301563 0.716667 0.100000 0.133333
0 0.204687 0.402083 0.100000 0.133333
0 0.457813 0.885417 0.100000 0.133333
0 0.400000 0.675000 0.100000 0.133333
0 0.131250 0.368750 0.100000 0.133333
0 0.417187 0.312500 0.100000 0.133333
0 0.314063 0.620833 0.100000 0.133333
0 0.603125 0.885417 0.100000 0.133333
0 0.260937 0.102083 0.100000 0.133333
0 0.820312 0.791667 0.100000 0.133333
0 0.593750 0.102083 0.100000 0.133333
0 0.654687 0.462500 0.100000 0.133333
0 0.775000 0.312500 0.100000 0.133333
0 0.640625 0.256250 0.100000 0.133333
0 0.556250 0.679167 0.100000 0.133333
0 0.554688 0.487500 0.100000 0.133333
0 0.756250 0.554167 0.100000 0.133333
0 0.770312 0.072917 0.100000 0.133333
0 0.625000 0.789583 0.100000 0.133333
0 0.531250 0.641667 0.100000 0.133333
0 0.434375 0.218750 0.100000 0.133333
0 0.168750 0.752083 0.100000 0.133333
0 0.564063 0.708333 0.100000 0.133333
0 0.320312 0.622917 0.100000 0.133333
0 0.376563 0.285417 0.100000 0.133333
0 0.689063 0.235417 0.100000 0.133333
0 0.554688 0.843750 0.100000 0.133333
0 0.335938 0.741667 0.100000 0.133333
0 0.150000 0.664583 0.100000 0.133333
0 0.560937 0.112500 0.100000 0.133333
0 0.131250 0.375000 0.100000 0.133333
0 0.226562 0.462500 0.100000 0.133333
0 0.540625 0.831250 0.100000 0.133333
0 0.857812 0.675000 0.100000 0.133333
0 0.807813 0.372917 0.100000 0.133333
0 0.878125 0.264583 0.100000 0.133333
0 0.667188 0.656250 0.100000 0.133333
0 0.762500 0.391667 0.100000 0.133333
0 0.192188 0.622917 0.100000 0.133333
0 0.493750 0.462500 0.100000 0.133333
0 0.618750 0.347917 0.100000 0.133333
0 0.196875 0.612500 0.100000 0.133333
0 0.764062 0.114583 0.100000 0.133333
0 0.304688 0.495833 0.100000 0.133333
0 0.351562 0.475000 0.100000 0.133333
0 0.148438 0.435417 0.100000 0.133333
0 0.576562 0.810417 0.100000 0.133333
0 0.668750 0.654167 0.100000 0.133333
0 0.270313 0.718750 0.100000 0.133333
0 0.148438 0.141667 0.100000 0.133333
0 0.539062 0.691667 0.100000 0.133333
0 0.471875 0.370833 0.100000 0.133333
0 0.179688 0.610417 0.100000 0.133333
0 0.132812 0.333333 0.100000 0.133333
0 0.881250 0.291667 0.100000 0.133333
0 0.256250 0.325000 0.100000 0.133333
0 0.337500 0.891667 0.100000 0.133333
0 0.240625 0.864583 0.100000 0.133333
0 0.145313 0.220833 0.100000 0.133333
0 0.243750 0.587500 0.100000 0.133333
0 0.559375 0.181250 0.100000 0.133333
0 0.228125 0.814583 0.100000 0.133333
0 0.278125 0.445833 0.100000 0.133333
0 0.637500 0.368750 0.100000 0.133333
0 0.637500 0.781250 0.100000 0.133333
0 0.210938 0.268750 0.100000 0.133333
1 0.935937 0.820833 0.100000 0.133333
1 0.389062 0.877083 0.100000 0.133333
1 0.781250 0.566667 0.100000 0.133333
1 0.748437 0.208333 0.100000 0.133333
1 0.634375 0.602083 0.100000 0.133333
