0 0.609375 0.787500 0.100000 0.133333
0 0.601562 0.737500 0.100000 0.133333
0 0.354687 0.439583 0.100000 0.133333
0 0.754687 0.250000 0.100000 0.133333
0 0.242188 0.404167 0.100000 0.133333
0 0.192188 0.356250 0.100000 0.133333
0 0.614062 0.150000 0.100000 0.133333
0 0.837500 0.481250 0.100000 0.133333
0 0.643750 0.795833 0.100000 0.133333
0 0.142187 0.072917 0.100000 0.133333
0 0.170313 0.491667 0.100000 0.133333
0 0.232813 0.164583 0.100000 0.133333
0 0.196875 0.283333 0.100000 0.133333
0 0.390625 0.227083 0.100000 0.133333
0 0.453125 0.733333 0.100000 0.133333
0 0.296875 0.077083 0.100000 0.133333
0 0.170313 0.406250 0.100000 0.133333
0 0.542188 0.452083 0.100000 0.133333
0 0.226562 0.210417 0.100000 0.133333
0 0.284375 0.275000 0.100000 0.133333
0 0.142187 0.306250 0.100000 0.133333
0 0.478125 0.791667 0.100000 0.133333
0 0.807813 0.212500 0.100000 0.133333
0 0.665625 0.237500 0.100000 0.133333
0 0.212500 0.777083 0.100000 0.133333
0 0.581250 0.406250 0.100000 0.133333
0 0.345313 0.602083 0.100000 0.133333
0 0.143750 0.516667 0.100000 0.133333
0 0.759375 0.479167 0.100000 0.133333
0 0.281250 0.572917 0.100000 0.133333
0 0.578125 0.618750 0.100000 0.133333
0 0.350000 0.764583 0.100000 0.133333
0 0.654687 0.287500 0.100000 0.133333
0 0.665625 0.870833 0.100000 0.133333
0 0.196875 0.550000 0.100000 0.133333
0 0.754687 0.145833 0.100000 0.133333
0 0.526563 0.683333 0.100000 0.133333
0 0.790625 0.741667 0.100000 0.133333
0 0.859375 0.808333 0.100000 0.133333
0 0.207813 0.593750 0.100000 0.133333
0 0.117188 0.852083 0.100000 0.133333
0 0.123438 0.366667 0.100000 0.133333
0 0.676562 0.072917 0.100000 0.133333
0 0.643750 0.193750 0.100000 0.133333
0 0.226562 0.812500 0.100000 0.133333
0 0.190625 0.864583 0.100000 0.133333
0 0.815625 0.089583 0.100000 0.133333
0 0.310937 0.370833 0.100000 0.133333
0 0.579688 0.270833 0.100000 0.133333
0 0.489063 0.712500 0.100000 0.133333
0 0.150000 0.112500 0.100000 0.133333
0 0.134375 0.627083 0.100000 0.133333
0 0.695312 0.468750 0.100000 0.133333
0 0.317188 0.166667 0.100000 0.133333
0 0.314063 0.247917 0.100000 0.133333
0 0.703125 0.589583 0.100000 0.133333
0 0.821875 0.479167 0.100000 0.133333
0 0.487500 0.189583 0.100000 0.133333
0 0.742188 0.245833 0.100000 0.133333
0 0.115625 0.481250 0.100000 0.133333
0 0.254688 0.689583 0.100000 0.133333
0 0.134375 0.614583 0.100000 0.133333
0 0.623437 0.262500 0.100000 0.133333
0 0.179688 0.260417 0.100000 0.133333
0 0.356250 0.347917 0.100000 0.133333
0 0.790625 0.656250 0.100000 0.133333
0 0.814063 0.752083 0.100000 0.133333
0 0.693750 0.177083 0.100000 0.133333
0 0.351562 0.489583 0.100000 0.133333
0 0.589063 0.618750 0.100000 0.133333
0 0.643750 0.610417 0.100000 0.133333
0 0.301563 0.260417 0.100000 0.133333
0 0.179688 0.083333 0.100000 0.133333
0 0.453125 0.477083 0.100000 0.133333
0 0.795312 0.808333 0.100000 0.133333
0 0.251563 0.395833 0.100000 0.133333
0 0.710938 0.289583 0.100000 0.133333
0 0.729688 0.835417 0.100000 0.133333
0 0.171875 0.577083 0.100000 0.133333
0 0.175000 0.668750 0.100000 0.133333
0 0.281250 0.539583 0.100000 0.133333
0 0.854688 0.718750 0.100000 0.133333
0 0.531250 0.110417 0.100000 0.133333
0 0.378125 0.568750 0.100000 0.133333
0 0.398438 0.108333 0.100000 0.133333
0 0.278125 0.629167 0.100000 0.133333
0 0.381250 0.262500 0.100000 0.133333
0 0.164062 0.127083 0.100000 0.133333
0 0.545312 0.250000 0.100000 0.133333
0 0.371875 0.641667 0.100000 0.133333
0 0.620313 0.087500 0.100000 0.133333
0 0.435937 0.360417 0.100000 0.133333
0 0.756250 0.427083 0.100000 0.133333
0 0.403125 0.235417 0.100000 0.133333
0 0.103125 0.106250 0.100000 0.133333
0 0.159375 0.843750 0.100000 0.133333
0 0.237500 0.670833 0.100000 0.133333
0 0.309375 0.404167 0.100000 0.133333
0 0.634375 0.447917 0.100000 0.133333
0 0.206250 0.241667 0.100000 0.133333
0 0.346875 0.560417 0.100000 0.133333
0 0.215625 0.718750 0.100000 0.133333
0 0.793750 0.341667 0.100000 0.133333
0 0.837500 0.822917 0.100000 0.133333
0 0.620313 0.631250 0.100000 0.133333
0 0.137500 0.408333 0.100000 0.133333
0 0.848437 0.639583 0.100000 0.133333
0 0.603125 0.314583 0.100000 0.133333
0 0.253125 0.739583 0.100000 0.133333
0 0.829688 0.718750 0.100000 0.133333
0 0.662500 0.614583 0.100000 0.133333
0 0.804688 0.106250 0.100000 0.133333
0 0.412500 0.714583 0.100000 0.133333
0 0.703125 0.539583 0.100000 0.133333
0 0.812500 0.608333 0.100000 0.133333
0 0.479687 0.681250 0.100000 0.133333
0 0.442188 0.293750 0.100000 0.133333
0 0.510938 0.493750 0.100000 0.133333
0 0.753125 0.247917 0.100000 0.133333
0 0.150000 0.468750 0.100000 0.133333
0 0.173437 0.472917 0.100000 0.133333
0 0.359375 0.770833 0.100000 0.133333
0 0.135937 0.420833 0.100000 0.133333
0 0.650000 0.287500 0.100000 0.133333
0 0.251563 0.239583 0.100000 0.133333
0 0.328125 0.139583 0.100000 0.133333
0 0.681250 0.716667 0.100000 0.133333
0 0.848437 0.435417 0.100000 0.133333
0 0.804688 0.537500 0.100000 0.133333
0 0.103125 0.245833 0.100000 0.133333
0 0.671875 0.118750 0.100000 0.133333
0 0.389062 0.295833 0.100000 0.133333
0 0.700000 0.225000 0.100000 0.133333
0 0.395313 0.656250 0.100000 0.133333
0 0.407813 0.816667 0.100000 0.133333
0 0.292187 0.441667 0.100000 0.133333
0 0.400000 0.258333 0.100000 0.133333
0 0.229687 0.283333 0.100000 0.133333
0 0.182812 0.547917 0.100000 0.133333
0 0.634375 0.762500 0.100000 0.133333
0 0.287500 0.554167 0.100000 0.133333
0 0.387500 0.675000 0.100000 0.133333
0 0.435937 0.095833 0.100000 0.133333
0 0.746875 0.593750 0.100000 0.133333
0 0.454688 0.389583 0.100000 0.133333
0 0.359375 0.283333 0.100000 0.133333
0 0.821875 0.875000 0.100000 0.133333
0 0.753125 0.285417 0.100000 0.133333
0 0.181250 0.304167 0.100000 0.133333
0 0.718750 0.456250 0.100000 0.133333
1 0.089063 0.487500 0.100000 0.133333
1 0.657813 0.122917 0.100000 0.133333
1 0.532813 0.414583 0.100000 0.133333
1 0.181250 0.437500 0.100000 0.133333
1 0.517188 0.379167 0.100000 0.133333
