0 0.848437 0.685417 0.100000 0.133333
0 0.250000 0.641667 0.100000 0.133333
0 0.871875 0.710417 0.100000 0.133333
0 0.212500 0.289583 0.100000 0.133333
0 0.571875 0.070833 0.100000 0.133333
0 0.414062 0.131250 0.100000 0.133333
0 0.879687 0.229167 0.100000 0.133333
0 0.110937 0.681250 0.100000 0.133333
0 0.284375 0.164583 0.100000 0.133333
0 0.321875 0.547917 0.100000 0.133333
0 0.884375 0.675000 0.100000 0.133333
0 0.410938 0.208333 0.100000 0.133333
0 0.501563 0.352083 0.100000 0.133333
0 0.385937 0.164583 0.100000 0.133333
0 0.126562 0.227083 0.100000 0.133333
0 0.257812 0.256250 0.100000 0.133333
0 0.712500 0.189583 0.100000 0.133333
0 0.873437 0.106250 0.100000 0.133333
0 0.412500 0.512500 0.100000 0.133333
0 0.718750 0.525000 0.100000 0.133333
0 0.365625 0.535417 0.100000 0.133333
0 0.287500 0.329167 0.100000 0.133333
0 0.379688 0.187500 0.100000 0.133333
0 0.551562 0.260417 0.100000 0.133333
0 0.835938 0.750000 0.100000 0.133333
0 0.776563 0.695833 0.100000 0.133333
0 0.414062 0.402083 0.100000 0.133333
0 0.620313 0.437500 0.100000 0.133333
0 0.245312 0.754167 0.100000 0.133333
0 0.212500 0.252083 0.100000 0.133333
0 0.748437 0.233333 0.100000 0.133333
0 0.467187 0.081250 0.100000 0.133333
0 0.807813 0.487500 0.100000 0.133333
0 0.835938 0.570833 0.100000 0.133333
0 0.695312 0.595833 0.100000 0.133333
0 0.232813 0.481250 0.100000 0.133333
0 0.210938 0.712500 0.100000 0.133333
0 0.131250 0.450000 0.100000 0.133333
0 0.682813 0.525000 0.100000 0.133333
0 0.365625 0.095833 0.100000 0.133333
0 0.776563 0.120833 0.100000 0.133333
0 0.621875 0.408333 0.100000 0.133333
0 0.442188 0.441667 0.100000 0.133333
0 0.245312 0.627083 0.100000 0.133333
0 0.831250 0.570833 0.100000 0.133333
0 0.690625 0.543750 0.100000 0.133333
0 0.575000 0.697917 0.100000 0.133333
0 0.653125 0.797917 0.100000 0.133333
0 0.328125 0.754167 0.100000 0.133333
0 0.142187 0.214583 0.100000 0.133333
0 0.851562 0.872917 0.100000 0.133333
0 0.373437 0.650000 0.100000 0.133333
0 0.884375 0.216667 0.100000 0.133333
0 0.889062 0.143750 0.100000 0.133333
0 0.859375 0.595833 0.100000 0.133333
0 0.889062 0.466667 0.100000 0.133333
0 0.306250 0.745833 0.100000 0.133333
0 0.540625 0.587500 0.100000 0.133333
0 0.328125 0.400000 0.100000 0.133333
0 0.293750 0.208333 0.100000 0.133333
0 0.146875 0.391667 0.100000 0.133333
0 0.659375 0.195833 0.100000 0.133333
0 0.410938 0.570833 0.100000 0.133333
0 0.407813 0.089583 0.100000 0.133333
0 0.743750 0.683333 0.100000 0.133333
0 0.323437 0.645833 0.100000 0.133333
0 0.360938 0.739583 0.100000 0.133333
0 0.826562 0.700000 0.100000 0.133333
0 0.509375 0.191667 0.100000 0.133333
0 0.520312 0.187500 0.100000 0.133333
0 0.412500 0.331250 0.100000 0.133333
0 0.596875 0.425000 0.100000 0.133333
0 0.512500 0.525000 0.100000 0.133333
0 0.150000 0.750000 0.100000 0.133333
0 0.195312 0.433333 0.100000 0.133333
0 0.587500 0.256250 0.100000 0.133333
0 0.206250 0.502083 0.100000 0.133333
0 0.537500 0.508333 0.100000 0.133333
0 0.814063 0.587500 0.100000 0.133333
0 0.276562 0.377083 0.100000 0.133333
0 0.295312 0.664583 0.100000 0.133333
0 0.337500 0.827083 0.100000 0.133333
0 0.559375 0.350000 0.100000 0.133333
0 0.270313 0.131250 0.100000 0.133333
0 0.317188 0.604167 0.100000 0.133333
0 0.501563 0.068750 0.100000 0.133333
0 0.396875 0.329167 0.100000 0.133333
0 0.284375 0.391667 0.100000 0.133333
0 0.709375 0.318750 0.100000 0.133333
0 0.173437 0.643750 0.100000 0.133333
0 0.151562 0.812500 0.100000 0.133333
0 0.457813 0.433333 0.100000 0.133333
0 0.629687 0.522917 0.100000 0.133333
0 0.196875 0.681250 0.100000 0.133333
0 0.493750 0.364583 0.100000 0.133333
0 0.173437 0.197917 0.100000 0.133333
0 0.715625 0.831250 0.100000 0.133333
0 0.214062 0.143750 0.100000 0.133333
0 0.189062 0.164583 0.100000 0.133333
0 0.307812 0.881250 0.100000 0.133333
0 0.129688 0.170833 0.100000 0.133333
0 0.818750 0.235417 0.100000 0.133333
0 0.340625 0.443750 0.100000 0.133333
0 0.234375 0.239583 0.100000 0.133333
0 0.406250 0.508333 0.100000 0.133333
0 0.517188 0.508333 0.100000 0.133333
0 0.835938 0.716667 0.100000 0.133333
0 0.850000 0.312500 0.100000 0.133333
0 0.809375 0.872917 0.100000 0.133333
0 0.767188 0.068750 0.100000 0.133333
0 0.745313 0.497917 0.100000 0.133333
0 0.556250 0.231250 0.100000 0.133333
0 0.726562 0.887500 0.100000 0.133333
0 0.693750 0.391667 0.100000 0.133333
0 0.512500 0.510417 0.100000 0.133333
0 0.881250 0.518750 0.100000 0.133333
0 0.489063 0.404167 0.100000 0.133333
0 0.318750 0.593750 0.100000 0.133333
0 0.231250 0.162500 0.100000 0.133333
0 0.121875 0.631250 0.100000 0.133333
0 0.462500 0.566667 0.100000 0.133333
0 0.707812 0.214583 0.100000 0.133333
0 0.445312 0.316667 0.100000 0.133333
0 0.582812 0.418750 0.100000 0.133333
0 0.832812 0.522917 0.100000 0.133333
0 0.193750 0.127083 0.100000 0.133333
0 0.390625 0.718750 0.100000 0.133333
0 0.315625 0.550000 0.100000 0.133333
0 0.146875 0.529167 0.100000 0.133333
0 0.709375 0.512500 0.100000 0.133333
0 0.662500 0.831250 0.100000 0.133333
0 0.346875 0.145833 0.100000 0.133333
0 0.700000 0.706250 0.100000 0.133333
0 0.570312 0.337500 0.100000 0.133333
0 0.385937 0.685417 0.100000 0.133333
0 0.125000 0.368750 0.100000 0.133333
0 0.390625 0.579167 0.100000 0.133333
0 0.139063 0.641667 0.100000 0.133333
0 0.309375 0.656250 0.100000 0.133333
0 0.803125 0.877083 0.100000 0.133333
0 0.128125 0.206250 0.100000 0.133333
0 0.801562 0.643750 0.100000 0.133333
0 0.585938 0.377083 0.100000 0.133333
0 0.370312 0.172917 0.100000 0.133333
0 0.793750 0.866667 0.100000 0.133333
0 0.190625 0.443750 0.100000 0.133333
0 0.690625 0.283333 0.100000 0.133333
0 0.131250 0.260417 0.100000 0.133333
0 0.432812 0.575000 0.100000 0.133333
0 0.270313 0.556250 0.100000 0.133333
1 0.201563 0.497917 0.100000 0.133333
1 0.087500 0.741667 0.100000 0.133333
1 0.500000 0.210417 0.100000 0.133333
1 0.501563 0.289583 0.100000 0.133333
1 0.256250 0.810417 0.100000 0.133333
