0 0.404687 0.697917 0.100000 0.133333
0 0.670312 0.533333 0.100000 0.133333
0 0.215625 0.218750 0.100000 0.133333
0 0.428125 0.652083 0.100000 0.133333
0 0.632812 0.845833 0.100000 0.133333
0 0.260937 0.597917 0.100000 0.133333
0 0.253125 0.439583 0.100000 0.133333
0 0.217188 0.708333 0.100000 0.133333
0 0.859375 0.618750 0.100000 0.133333
0 0.818750 0.347917 0.100000 0.133333
0 0.604688 0.306250 0.100000 0.133333
0 0.304688 0.508333 0.100000 0.133333
0 0.618750 0.302083 0.100000 0.133333
0 0.615625 0.829167 0.100000 0.133333
0 0.439063 0.635417 0.100000 0.133333
0 0.485938 0.881250 0.100000 0.133333
0 0.793750 0.112500 0.100000 0.133333
0 0.603125 0.431250 0.100000 0.133333
0 0.259375 0.822917 0.100000 0.133333
0 0.635938 0.479167 0.100000 0.133333
0 0.543750 0.397917 0.100000 0.133333
0 0.215625 0.775000 0.100000 0.133333
0 0.890625 0.822917 0.100000 0.133333
0 0.495312 0.860417 0.100000 0.133333
0 0.865625 0.181250 0.100000 0.133333
0 0.881250 0.350000 0.100000 0.133333
0 0.354687 0.306250 0.100000 0.133333
0 0.265625 0.685417 0.100000 0.133333
0 0.503125 0.735417 0.100000 0.133333
0 0.276562 0.245833 0.100000 0.133333
0 0.364063 0.541667 0.100000 0.133333
0 0.539062 0.145833 0.100000 0.133333
0 0.507812 0.712500 0.100000 0.133333
0 0.401562 0.347917 0.100000 0.133333
0 0.179688 0.420833 0.100000 0.133333
0 0.479687 0.535417 0.100000 0.133333
0 0.303125 0.329167 0.100000 0.133333
0 0.240625 0.739583 0.100000 0.133333
0 0.335938 0.418750 0.100000 0.133333
0 0.331250 0.150000 0.100000 0.133333
0 0.423438 0.560417 0.100000 0.133333
0 0.826562 0.560417 0.100000 0.133333
0 0.459375 0.277083 0.100000 0.133333
0 0.515625 0.360417 0.100000 0.133333
0 0.375000 0.416667 0.100000 0.133333
0 0.342187 0.314583 0.100000 0.133333
0 0.414062 0.662500 0.100000 0.133333
0 0.593750 0.506250 0.100000 0.133333
0 0.684375 0.320833 0.100000 0.133333
0 0.601562 0.410417 0.100000 0.133333
0 0.868750 0.860417 0.100000 0.133333
0 0.818750 0.866667 0.100000 0.133333
0 0.660937 0.656250 0.100000 0.133333
0 0.884375 0.618750 0.100000 0.133333
0 0.792188 0.589583 0.100000 0.133333
0 0.275000 0.697917 0.100000 0.133333
0 0.350000 0.760417 0.100000 0.133333
0 0.637500 0.264583 0.100000 0.133333
0 0.154688 0.227083 0.100000 0.133333
0 0.570312 0.535417 0.100000 0.133333
0 0.303125 0.818750 0.100000 0.133333
0 0.723437 0.414583 0.100000 0.133333
0 0.745313 0.189583 0.100000 0.133333
0 0.453125 0.150000 0.100000 0.133333
0 0.170313 0.783333 0.100000 0.133333
0 0.204687 0.439583 0.100000 0.133333
0 0.485938 0.785417 0.100000 0.133333
0 0.201563 0.254167 0.100000 0.133333
0 0.114062 0.647917 0.100000 0.133333
0 0.781250 0.414583 0.100000 0.133333
0 0.162500 0.097917 0.100000 0.133333
0 0.826562 0.243750 0.100000 0.133333
0 0.746875 0.525000 0.100000 0.133333
0 0.160938 0.362500 0.100000 0.133333
0 0.625000 0.143750 0.100000 0.133333
0 0.143750 0.114583 0.100000 0.133333
0 0.167187 0.739583 0.100000 0.133333
0 0.729688 0.810417 0.100000 0.133333
0 0.134375 0.160417 0.100000 0.133333
0 0.845313 0.822917 0.100000 0.133333
0 0.884375 0.572917 0.100000 0.133333
0 0.298438 0.710417 0.100000 0.133333
0 0.582812 0.760417 0.100000 0.133333
0 0.532813 0.452083 0.100000 0.133333
0 0.831250 0.075000 0.100000 0.133333
0 0.157812 0.337500 0.100000 0.133333
0 0.745313 0.372917 0.100000 0.133333
0 0.278125 0.229167 0.100000 0.133333
0 0.442188 0.868750 0.100000 0.133333
0 0.659375 0.668750 0.100000 0.133333
0 0.873437 0.360417 0.100000 0.133333
0 0.900000 0.752083 0.100000 0.133333
0 0.760938 0.260417 0.100000 0.133333
0 0.437500 0.635417 0.100000 0.133333
0 0.864062 0.443750 0.100000 0.133333
0 0.417187 0.679167 0.100000 0.133333
0 0.737500 0.475000 0.100000 0.133333
0 0.450000 0.602083 0.100000 0.133333
0 0.745313 0.200000 0.100000 0.133333
0 0.495312 0.227083 0.100000 0.133333
0 0.779687 0.181250 0.100000 0.133333
0 0.109375 0.718750 0.100000 0.133333
0 0.654687 0.443750 0.100000 0.133333
0 0.662500 0.100000 0.100000 0.133333
0 0.543750 0.085417 0.100000 0.133333
0 0.435937 0.764583 0.100000 0.133333
0 0.300000 0.779167 0.100000 0.133333
0 0.521875 0.722917 0.100000 0.133333
0 0.135937 0.275000 0.100000 0.133333
0 0.384375 0.689583 0.100000 0.133333
0 0.592187 0.429167 0.100000 0.133333
0 0.825000 0.391667 0.100000 0.133333
0 0.328125 0.887500 0.100000 0.133333
0 0.826562 0.689583 0.100000 0.133333
0 0.423438 0.104167 0.100000 0.133333
0 0.600000 0.308333 0.100000 0.133333
0 0.379688 0.631250 0.100000 0.133333
0 0.460938 0.327083 0.100000 0.133333
0 0.806250 0.129167 0.100000 0.133333
0 0.368750 0.493750 0.100000 0.133333
0 0.460938 0.835417 0.100000 0.133333
0 0.381250 0.210417 0.100000 0.133333
0 0.481250 0.829167 0.100000 0.133333
0 0.146875 0.114583 0.100000 0.133333
0 0.498437 0.391667 0.100000 0.133333
0 0.160938 0.158333 0.100000 0.133333
0 0.289062 0.393750 0.100000 0.133333
0 0.121875 0.475000 0.100000 0.133333
0 0.101562 0.435417 0.100000 0.133333
0 0.165625 0.450000 0.100000 0.133333
0 0.578125 0.268750 0.100000 0.133333
0 0.878125 0.652083 0.100000 0.133333
0 0.242188 0.537500 0.100000 0.133333
0 0.318750 0.739583 0.100000 0.133333
0 0.400000 0.818750 0.100000 0.133333
0 0.387500 0.495833 0.100000 0.133333
0 0.729688 0.847917 0.100000 0.133333
0 0.617188 0.652083 0.100000 0.133333
0 0.834375 0.260417 0.100000 0.133333
0 0.240625 0.577083 0.100000 0.133333
0 0.846875 0.672917 0.100000 0.133333
0 0.556250 0.506250 0.100000 0.133333
0 0.401562 0.468750 0.100000 0.133333
0 0.475000 0.343750 0.100000 0.133333
0 0.648438 0.354167 0.100000 0.133333
0 0.800000 0.487500 0.100000 0.133333
0 0.812500 0.289583 0.100000 0.133333
0 0.657813 0.850000 0.100000 0.133333
0 0.620313 0.516667 0.100000 0.133333
0 0.865625 0.812500 0.100000 0.133333
1 0.762500 0.285417 0.100000 0.133333
1 0.656250 0.189583 0.100000 0.133333
1 0.732812 0.570833 0.100000 0.133333
1 0.507812 0.470833 0.100000 0.133333
1 0.571875 0.712500 0.100000 0.133333
