0 0.292187 0.295833 0.100000 0.133333
0 0.103125 0.250000 0.100000 0.133333
0 0.714063 0.325000 0.100000 0.133333
0 0.268750 0.629167 0.100000 0.133333
0 0.837500 0.820833 0.100000 0.133333
0 0.637500 0.675000 0.100000 0.133333
0 0.551562 0.806250 0.100000 0.133333
0 0.462500 0.470833 0.100000 0.133333
0 0.621875 0.137500 0.100000 0.133333
0 0.484375 0.568750 0.100000 0.133333
0 0.543750 0.108333 0.100000 0.133333
0 0.354687 0.314583 0.100000 0.133333
0 0.360938 0.433333 0.100000 0.133333
0 0.598437 0.593750 0.100000 0.133333
0 0.101562 0.202083 0.100000 0.133333
0 0.525000 0.189583 0.100000 0.133333
0 0.850000 0.643750 0.100000 0.133333
0 0.585938 0.108333 0.100000 0.133333
0 0.765625 0.641667 0.100000 0.133333
0 0.859375 0.454167 0.100000 0.133333
0 0.809375 0.445833 0.100000 0.133333
0 0.514062 0.495833 0.100000 0.133333
0 0.528125 0.470833 0.100000 0.133333
0 0.682813 0.770833 0.100000 0.133333
0 0.512500 0.235417 0.100000 0.133333
0 0.726562 0.408333 0.100000 0.133333
0 0.442188 0.670833 0.100000 0.133333
0 0.739062 0.743750 0.100000 0.133333
0 0.473438 0.152083 0.100000 0.133333
0 0.357812 0.606250 0.100000 0.133333
0 0.596875 0.427083 0.100000 0.133333
0 0.771875 0.712500 0.100000 0.133333
0 0.334375 0.891667 0.100000 0.133333
0 0.535937 0.635417 0.100000 0.133333
0 0.234375 0.787500 0.100000 0.133333
0 0.456250 0.831250 0.100000 0.133333
0 0.162500 0.862500 0.100000 0.133333
0 0.385937 0.141667 0.100000 0.133333
0 0.568750 0.475000 0.100000 0.133333
0 0.642188 0.093750 0.100000 0.133333
0 0.137500 0.689583 0.100000 0.133333
0 0.848437 0.781250 0.100000 0.133333
0 0.600000 0.810417 0.100000 0.133333
0 0.531250 0.502083 0.100000 0.133333
0 0.720313 0.656250 0.100000 0.133333
0 0.339062 0.281250 0.100000 0.133333
0 0.856250 0.835417 0.100000 0.133333
0 0.196875 0.810417 0.100000 0.133333
0 0.887500 0.352083 0.100000 0.133333
0 0.756250 0.452083 0.100000 0.133333
0 0.885938 0.235417 0.100000 0.133333
0 0.412500 0.254167 0.100000 0.133333
0 0.390625 0.722917 0.100000 0.133333
0 0.231250 0.437500 0.100000 0.133333
0 0.601562 0.675000 0.100000 0.133333
0 0.692187 0.072917 0.100000 0.133333
0 0.551562 0.318750 0.100000 0.133333
0 0.234375 0.647917 0.100000 0.133333
0 0.584375 0.708333 0.100000 0.133333
0 0.281250 0.485417 0.100000 0.133333
0 0.881250 0.581250 0.100000 0.133333
0 0.289062 0.218750 0.100000 0.133333
0 0.551562 0.750000 0.100000 0.133333
0 0.343750 0.600000 0.100000 0.133333
0 0.223438 0.216667 0.100000 0.133333
0 0.728125 0.439583 0.100000 0.133333
0 0.645312 0.527083 0.100000 0.133333
0 0.300000 0.216667 0.100000 0.133333
0 0.576562 0.437500 0.100000 0.133333
0 0.651563 0.354167 0.100000 0.133333
0 0.889062 0.691667 0.100000 0.133333
0 0.718750 0.433333 0.100000 0.133333
0 0.493750 0.487500 0.100000 0.133333
0 0.114062 0.193750 0.100000 0.133333
0 0.757812 0.656250 0.100000 0.133333
0 0.123438 0.647917 0.100000 0.133333
0 0.151562 0.335417 0.100000 0.133333
0 0.823438 0.443750 0.100000 0.133333
0 0.537500 0.575000 0.100000 0.133333
0 0.700000 0.620833 0.100000 0.133333
0 0.385937 0.264583 0.100000 0.133333
0 0.725000 0.381250 0.100000 0.133333
0 0.335938 0.141667 0.100000 0.133333
0 0.684375 0.643750 0.100000 0.133333
0 0.673438 0.225000 0.100000 0.133333
0 0.875000 0.783333 0.100000 0.133333
0 0.548438 0.716667 0.100000 0.133333
0 0.443750 0.787500 0.100000 0.133333
0 0.712500 0.189583 0.100000 0.133333
0 0.435937 0.337500 0.100000 0.133333
0 0.423438 0.227083 0.100000 0.133333
0 0.707812 0.193750 0.100000 0.133333
0 0.539062 0.643750 0.100000 0.133333
0 0.229687 0.852083 0.100000 0.133333
0 0.206250 0.531250 0.100000 0.133333
0 0.801562 0.208333 0.100000 0.133333
0 0.881250 0.631250 0.100000 0.133333
0 0.740625 0.412500 0.100000 0.133333
0 0.651563 0.345833 0.100000 0.133333
0 0.646875 0.239583 0.100000 0.133333
0 0.429688 0.347917 0.100000 0.133333
0 0.507812 0.272917 0.100000 0.133333
0 0.595313 0.120833 0.100000 0.133333
0 0.712500 0.816667 0.100000 0.133333
0 0.181250 0.737500 0.100000 0.133333
0 0.198437 0.239583 0.100000 0.133333
0 0.692187 0.554167 0.100000 0.133333
0 0.603125 0.316667 0.100000 0.133333
0 0.307812 0.264583 0.100000 0.133333
0 0.442188 0.889583 0.100000 0.133333
0 0.267188 0.397917 0.100000 0.133333
0 0.435937 0.529167 0.100000 0.133333
0 0.782813 0.747917 0.100000 0.133333
0 0.621875 0.735417 0.100000 0.133333
0 0.539062 0.750000 0.100000 0.133333
0 0.228125 0.529167 0.100000 0.133333
0 0.804688 0.872917 0.100000 0.133333
0 0.385937 0.639583 0.100000 0.133333
0 0.673438 0.177083 0.100000 0.133333
0 0.332813 0.350000 0.100000 0.133333
0 0.398438 0.458333 0.100000 0.133333
0 0.567187 0.545833 0.100000 0.133333
0 0.784375 0.083333 0.100000 0.133333
0 0.473438 0.660417 0.100000 0.133333
0 0.789062 0.443750 0.100000 0.133333
0 0.303125 0.691667 0.100000 0.133333
0 0.206250 0.295833 0.100000 0.133333
0 0.237500 0.416667 0.100000 0.133333
0 0.376563 0.766667 0.100000 0.133333
0 0.351562 0.566667 0.100000 0.133333
0 0.617188 0.185417 0.100000 0.133333
0 0.175000 0.112500 0.100000 0.133333
0 0.196875 0.704167 0.100000 0.133333
0 0.742188 0.281250 0.100000 0.133333
0 0.882812 0.820833 0.100000 0.133333
0 0.773438 0.179167 0.100000 0.133333
0 0.126562 0.858333 0.100000 0.133333
0 0.815625 0.887500 0.100000 0.133333
0 0.451562 0.283333 0.100000 0.133333
0 0.648438 0.860417 0.100000 0.133333
0 0.557813 0.370833 0.100000 0.133333
0 0.439063 0.562500 0.100000 0.133333
0 0.670312 0.385417 0.100000 0.133333
0 0.854688 0.693750 0.100000 0.133333
0 0.834375 0.879167 0.100000 0.133333
0 0.678125 0.568750 0.100000 0.133333
0 0.853125 0.437500 0.100000 0.133333
0 0.206250 0.872917 0.100000 0.133333
0 0.275000 0.210417 0.100000 0.133333
0 0.392188 0.225000 0.100000 0.133333
1 0.809375 0.664583 0.100000 0.133333
1 0.232813 0.091667 0.100000 0.133333
1 0.912500 0.158333 0.100000 0.133333
1 0.920312 0.737500 0.100000 0.133333
1 0.517188 0.375000 0.100000 0.133333
