0 0.845313 0.354167 0.100000 0.133333
0 0.757812 0.325000 0.100000 0.133333
0 0.170313 0.875000 0.100000 0.133333
0 0.800000 0.272917 0.100000 0.133333
0 0.276562 0.225000 0.100000 0.133333
0 0.293750 0.510417 0.100000 0.133333
0 0.132812 0.620833 0.100000 0.133333
0 0.832812 0.866667 0.100000 0.133333
0 0.560937 0.114583 0.100000 0.133333
0 0.154688 0.129167 0.100000 0.133333
0 0.634375 0.758333 0.100000 0.133333
0 0.706250 0.087500 0.100000 0.133333
0 0.592187 0.597917 0.100000 0.133333
0 0.331250 0.120833 0.100000 0.133333
0 0.450000 0.470833 0.100000 0.133333
0 0.595313 0.302083 0.100000 0.133333
0 0.260937 0.285417 0.100000 0.133333
0 0.253125 0.589583 0.100000 0.133333
0 0.875000 0.706250 0.100000 0.133333
0 0.137500 0.760417 0.100000 0.133333
0 0.151562 0.531250 0.100000 0.133333
0 0.853125 0.858333 0.100000 0.133333
0 0.375000 0.550000 0.100000 0.133333
0 0.175000 0.320833 0.100000 0.133333
0 0.168750 0.629167 0.100000 0.133333
0 0.820312 0.443750 0.100000 0.133333
0 0.198437 0.541667 0.100000 0.133333
0 0.892188 0.345833 0.100000 0.133333
0 0.431250 0.812500 0.100000 0.133333
0 0.845313 0.750000 0.100000 0.133333
0 0.268750 0.137500 0.100000 0.133333
0 0.523438 0.489583 0.100000 0.133333
0 0.493750 0.783333 0.100000 0.133333
0 0.634375 0.487500 0.100000 0.133333
0 0.878125 0.214583 0.100000 0.133333
0 0.768750 0.616667 0.100000 0.133333
0 0.756250 0.639583 0.100000 0.133333
0 0.873437 0.656250 0.100000 0.133333
0 0.359375 0.845833 0.100000 0.133333
0 0.771875 0.729167 0.100000 0.133333
0 0.143750 0.327083 0.100000 0.133333
0 0.518750 0.214583 0.100000 0.133333
0 0.757812 0.204167 0.100000 0.133333
0 0.137500 0.716667 0.100000 0.133333
0 0.396875 0.614583 0.100000 0.133333
0 0.404687 0.879167 0.100000 0.133333
0 0.281250 0.577083 0.100000 0.133333
0 0.354687 0.706250 0.100000 0.133333
0 0.287500 0.356250 0.100000 0.133333
0 0.112500 0.541667 0.100000 0.133333
0 0.787500 0.543750 0.100000 0.133333
0 0.401562 0.152083 0.100000 0.133333
0 0.739062 0.627083 0.100000 0.133333
0 0.732812 0.560417 0.100000 0.133333
0 0.670312 0.220833 0.100000 0.133333
0 0.575000 0.377083 0.100000 0.133333
0 0.168750 0.085417 0.100000 0.133333
0 0.693750 0.672917 0.100000 0.133333
0 0.562500 0.543750 0.100000 0.133333
0 0.500000 0.185417 0.100000 0.133333
0 0.578125 0.637500 0.100000 0.133333
0 0.854688 0.820833 0.100000 0.133333
0 0.118750 0.722917 0.100000 0.133333
0 0.717187 0.612500 0.100000 0.133333
0 0.428125 0.243750 0.100000 0.133333
0 0.687500 0.856250 0.100000 0.133333
0 0.896875 0.662500 0.100000 0.133333
0 0.406250 0.168750 0.100000 0.133333
0 0.814063 0.472917 0.100000 0.133333
0 0.189062 0.254167 0.100000 0.133333
0 0.820312 0.693750 0.100000 0.133333
0 0.625000 0.833333 0.100000 0.133333
0 0.673438 0.854167 0.100000 0.133333
0 0.107813 0.693750 0.100000 0.133333
0 0.710938 0.443750 0.100000 0.133333
0 0.504687 0.433333 0.100000 0.133333
0 0.685937 0.466667 0.100000 0.133333
0 0.268750 0.612500 0.100000 0.133333
0 0.764062 0.183333 0.100000 0.133333
0 0.206250 0.397917 0.100000 0.133333
0 0.381250 0.625000 0.100000 0.133333
0 0.125000 0.256250 0.100000 0.133333
0 0.589063 0.187500 0.100000 0.133333
0 0.826562 0.881250 0.100000 0.133333
0 0.232813 0.125000 0.100000 0.133333
0 0.807813 0.710417 0.100000 0.133333
0 0.851562 0.354167 0.100000 0.133333
0 0.539062 0.629167 0.100000 0.133333
0 0.460938 0.504167 0.100000 0.133333
0 0.700000 0.195833 0.100000 0.133333
0 0.723437 0.537500 0.100000 0.133333
0 0.490625 0.270833 0.100000 0.133333
0 0.556250 0.331250 0.100000 0.133333
0 0.793750 0.285417 0.100000 0.133333
0 0.626563 0.877083 0.100000 0.133333
0 0.668750 0.868750 0.100000 0.133333
0 0.889062 0.516667 0.100000 0.133333
0 0.787500 0.877083 0.100000 0.133333
0 0.825000 0.650000 0.100000 0.133333
0 0.864062 0.766667 0.100000 0.133333
0 0.720313 0.737500 0.100000 0.133333
0 0.157812 0.608333 0.100000 0.133333
0 0.829688 0.381250 0.100000 0.133333
0 0.718750 0.491667 0.100000 0.133333
0 0.142187 0.620833 0.100000 0.133333
0 0.476562 0.270833 0.100000 0.133333
0 0.192188 0.545833 0.100000 0.133333
0 0.760938 0.325000 0.100000 0.133333
0 0.417187 0.137500 0.100000 0.133333
0 0.507812 0.739583 0.100000 0.133333
0 0.540625 0.258333 0.100000 0.133333
0 0.118750 0.300000 0.100000 0.133333
0 0.485938 0.664583 0.100000 0.133333
0 0.840625 0.447917 0.100000 0.133333
0 0.554688 0.150000 0.100000 0.133333
0 0.559375 0.104167 0.100000 0.133333
0 0.373437 0.472917 0.100000 0.133333
0 0.634375 0.477083 0.100000 0.133333
0 0.245312 0.733333 0.100000 0.133333
0 0.592187 0.816667 0.100000 0.133333
0 0.809375 0.579167 0.100000 0.133333
0 0.423438 0.750000 0.100000 0.133333
0 0.587500 0.412500 0.100000 0.133333
0 0.642188 0.233333 0.100000 0.133333
0 0.223438 0.454167 0.100000 0.133333
0 0.731250 0.245833 0.100000 0.133333
0 0.135937 0.691667 0.100000 0.133333
0 0.828125 0.681250 0.100000 0.133333
0 0.834375 0.800000 0.100000 0.133333
0 0.281250 0.795833 0.100000 0.133333
0 0.618750 0.658333 0.100000 0.133333
0 0.204687 0.275000 0.100000 0.133333
0 0.793750 0.785417 0.100000 0.133333
0 0.353125 0.439583 0.100000 0.133333
0 0.475000 0.522917 0.100000 0.133333
0 0.701562 0.520833 0.100000 0.133333
0 0.534375 0.254167 0.100000 0.133333
0 0.128125 0.672917 0.100000 0.133333
0 0.743750 0.668750 0.100000 0.133333
0 0.535937 0.083333 0.100000 0.133333
0 0.109375 0.202083 0.100000 0.133333
0 0.487500 0.493750 0.100000 0.133333
0 0.375000 0.229167 0.100000 0.133333
0 0.689063 0.587500 0.100000 0.133333
0 0.176563 0.279167 0.100000 0.133333
0 0.556250 0.112500 0.100000 0.133333
0 0.367188 0.822917 0.100000 0.133333
0 0.571875 0.235417 0.100000 0.133333
0 0.339062 0.181250 0.100000 0.133333
0 0.129688 0.770833 0.100000 0.133333
1 0.153125 0.070833 0.100000 0.133333
1 0.914062 0.250000 0.100000 0.133333
1 0.900000 0.264583 0.100000 0.133333
1 0.881250 0.329167 0.100000 0.133333
1 0.909375 0.702083 0.100000 0.133333
