0 0.826562 0.689583 0.100000 0.133333
0 0.885938 0.835417 0.100000 0.133333
0 0.585938 0.497917 0.100000 0.133333
0 0.140625 0.381250 0.100000 0.133333
0 0.900000 0.704167 0.100000 0.133333
0 0.773438 0.404167 0.100000 0.133333
0 0.618750 0.791667 0.100000 0.133333
0 0.873437 0.202083 0.100000 0.133333
0 0.531250 0.835417 0.100000 0.133333
0 0.276562 0.254167 0.100000 0.133333
0 0.882812 0.229167 0.100000 0.133333
0 0.282813 0.566667 0.100000 0.133333
0 0.865625 0.864583 0.100000 0.133333
0 0.601562 0.372917 0.100000 0.133333
0 0.300000 0.670833 0.100000 0.133333
0 0.673438 0.560417 0.100000 0.133333
0 0.775000 0.610417 0.100000 0.133333
0 0.657813 0.258333 0.100000 0.133333
0 0.546875 0.856250 0.100000 0.133333
0 0.689063 0.193750 0.100000 0.133333
0 0.726562 0.362500 0.100000 0.133333
0 0.778125 0.860417 0.100000 0.133333
0 0.507812 0.531250 0.100000 0.133333
0 0.117188 0.475000 0.100000 0.133333
0 0.162500 0.083333 0.100000 0.133333
0 0.896875 0.635417 0.100000 0.133333
0 0.465625 0.866667 0.100000 0.133333
0 0.421875 0.208333 0.100000 0.133333
0 0.487500 0.735417 0.100000 0.133333
0 0.800000 0.075000 0.100000 0.133333
0 0.698438 0.889583 0.100000 0.133333
0 0.637500 0.229167 0.100000 0.133333
0 0.257812 0.195833 0.100000 0.133333
0 0.142187 0.181250 0.100000 0.133333
0 0.425000 0.772917 0.100000 0.133333
0 0.207813 0.377083 0.100000 0.133333
0 0.795312 0.860417 0.100000 0.133333
0 0.276562 0.870833 0.100000 0.133333
0 0.489063 0.806250 0.100000 0.133333
0 0.375000 0.504167 0.100000 0.133333
0 0.129688 0.866667 0.100000 0.133333
0 0.701562 0.577083 0.100000 0.133333
0 0.675000 0.443750 0.100000 0.133333
0 0.543750 0.845833 0.100000 0.133333
0 0.406250 0.841667 0.100000 0.133333
0 0.553125 0.731250 0.100000 0.133333
0 0.848437 0.766667 0.100000 0.133333
0 0.162500 0.237500 0.100000 0.133333
0 0.473438 0.852083 0.100000 0.133333
0 0.165625 0.516667 0.100000 0.133333
0 0.695312 0.172917 0.100000 0.133333
0 0.628125 0.804167 0.100000 0.133333
0 0.692187 0.804167 0.100000 0.133333
0 0.337500 0.683333 0.100000 0.133333
0 0.162500 0.862500 0.100000 0.133333
0 0.209375 0.483333 0.100000 0.133333
0 0.776563 0.368750 0.100000 0.133333
0 0.421875 0.506250 0.100000 0.133333
0 0.868750 0.264583 0.100000 0.133333
0 0.253125 0.200000 0.100000 0.133333
0 0.578125 0.641667 0.100000 0.133333
0 0.323437 0.085417 0.100000 0.133333
0 0.267188 0.312500 0.100000 0.133333
0 0.801562 0.137500 0.100000 0.133333
0 0.346875 0.547917 0.100000 0.133333
0 0.196875 0.597917 0.100000 0.133333
0 0.431250 0.716667 0.100000 0.133333
0 0.351562 0.252083 0.100000 0.133333
0 0.837500 0.791667 0.100000 0.133333
0 0.343750 0.231250 0.100000 0.133333
0 0.401562 0.652083 0.100000 0.133333
0 0.692187 0.468750 0.100000 0.133333
0 0.557813 0.387500 0.100000 0.133333
0 0.687500 0.787500 0.100000 0.133333
0 0.248438 0.272917 0.100000 0.133333
0 0.556250 0.481250 0.100000 0.133333
0 0.276562 0.804167 0.100000 0.133333
0 0.820312 0.400000 0.100000 0.133333
0 0.460938 0.575000 0.100000 0.133333
0 0.820312 0.385417 0.100000 0.133333
0 0.809375 0.147917 0.100000 0.133333
0 0.439063 0.154167 0.100000 0.133333
0 0.182812 0.372917 0.100000 0.133333
0 0.578125 0.731250 0.100000 0.133333
0 0.570312 0.350000 0.100000 0.133333
0 0.600000 0.233333 0.100000 0.133333
0 0.131250 0.404167 0.100000 0.133333
0 0.718750 0.727083 0.100000 0.133333
0 0.207813 0.577083 0.100000 0.133333
0 0.135937 0.193750 0.100000 0.133333
0 0.854688 0.472917 0.100000 0.133333
0 0.539062 0.687500 0.100000 0.133333
0 0.806250 0.452083 0.100000 0.133333
0 0.501563 0.829167 0.100000 0.133333
0 0.365625 0.479167 0.100000 0.133333
0 0.843750 0.860417 0.100000 0.133333
0 0.776563 0.087500 0.100000 0.133333
0 0.384375 0.533333 0.100000 0.133333
0 0.526563 0.362500 0.100000 0.133333
0 0.753125 0.814583 0.100000 0.133333
0 0.340625 0.425000 0.100000 0.133333
0 0.534375 0.779167 0.100000 0.133333
0 0.345313 0.204167 0.100000 0.133333
0 0.803125 0.500000 0.100000 0.133333
0 0.421875 0.606250 0.100000 0.133333
0 0.287500 0.189583 0.100000 0.133333
0 0.560937 0.250000 0.100000 0.133333
0 0.209375 0.733333 0.100000 0.133333
0 0.529687 0.622917 0.100000 0.133333
0 0.446875 0.266667 0.100000 0.133333
0 0.401562 0.550000 0.100000 0.133333
0 0.614062 0.106250 0.100000 0.133333
0 0.653125 0.150000 0.100000 0.133333
0 0.884375 0.560417 0.100000 0.133333
0 0.371875 0.316667 0.100000 0.133333
0 0.667188 0.362500 0.100000 0.133333
0 0.345313 0.675000 0.100000 0.133333
0 0.242188 0.381250 0.100000 0.133333
0 0.346875 0.160417 0.100000 0.133333
0 0.275000 0.500000 0.100000 0.133333
0 0.695312 0.841667 0.100000 0.133333
0 0.740625 0.764583 0.100000 0.133333
0 0.117188 0.310417 0.100000 0.133333
0 0.162500 0.658333 0.100000 0.133333
0 0.495312 0.385417 0.100000 0.133333
0 0.646875 0.689583 0.100000 0.133333
0 0.279687 0.306250 0.100000 0.133333
0 0.204687 0.566667 0.100000 0.133333
0 0.487500 0.839583 0.100000 0.133333
0 0.468750 0.245833 0.100000 0.133333
0 0.628125 0.416667 0.100000 0.133333
0 0.778125 0.597917 0.100000 0.133333
0 0.478125 0.170833 0.100000 0.133333
0 0.554688 0.635417 0.100000 0.133333
0 0.571875 0.839583 0.100000 0.133333
0 0.760938 0.862500 0.100000 0.133333
0 0.365625 0.541667 0.100000 0.133333
0 0.250000 0.562500 0.100000 0.133333
0 0.709375 0.829167 0.100000 0.133333
0 0.329688 0.139583 0.100000 0.133333
0 0.884375 0.795833 0.100000 0.133333
0 0.900000 0.439583 0.100000 0.133333
0 0.779687 0.402083 0.100000 0.133333
0 0.635938 0.237500 0.100000 0.133333
0 0.662500 0.193750 0.100000 0.133333
0 0.610938 0.306250 0.100000 0.133333
0 0.726562 0.562500 0.100000 0.133333
0 0.354687 0.185417 0.100000 0.133333
0 0.578125 0.606250 0.100000 0.133333
0 0.698438 0.529167 0.100000 0.133333
1 0.114062 0.231250 0.100000 0.133333
1 0.725000 0.650000 0.100000 0.133333
1 0.593750 0.485417 0.100000 0.133333
1 0.706250 0.558333 0.100000 0.133333
1 0.589063 0.854167 0.100000 0.133333
