0 0.264062 0.150000 0.100000 0.133333
0 0.800000 0.337500 0.100000 0.133333
0 0.609375 0.831250 0.100000 0.133333
0 0.234375 0.516667 0.100000 0.133333
0 0.429688 0.212500 0.100000 0.133333
0 0.589063 0.591667 0.100000 0.133333
0 0.507812 0.112500 0.100000 0.133333
0 0.142187 0.397917 0.100000 0.133333
0 0.670312 0.489583 0.100000 0.133333
0 0.115625 0.810417 0.100000 0.133333
0 0.454688 0.772917 0.100000 0.133333
0 0.526563 0.822917 0.100000 0.133333
0 0.826562 0.233333 0.100000 0.133333
0 0.839063 0.885417 0.100000 0.133333
0 0.535937 0.737500 0.100000 0.133333
0 0.151562 0.729167 0.100000 0.133333
0 0.764062 0.797917 0.100000 0.133333
0 0.364063 0.218750 0.100000 0.133333
0 0.695312 0.081250 0.100000 0.133333
0 0.545312 0.581250 0.100000 0.133333
0 0.514062 0.231250 0.100000 0.133333
0 0.701562 0.843750 0.100000 0.133333
0 0.578125 0.875000 0.100000 0.133333
0 0.562500 0.308333 0.100000 0.133333
0 0.284375 0.685417 0.100000 0.133333
0 0.848437 0.133333 0.100000 0.133333
0 0.309375 0.802083 0.100000 0.133333
0 0.314063 0.581250 0.100000 0.133333
0 0.437500 0.562500 0.100000 0.133333
0 0.160938 0.200000 0.100000 0.133333
0 0.142187 0.481250 0.100000 0.133333
0 0.553125 0.406250 0.100000 0.133333
0 0.184375 0.595833 0.100000 0.133333
0 0.482812 0.833333 0.100000 0.133333
0 0.360938 0.583333 0.100000 0.133333
0 0.778125 0.883333 0.100000 0.133333
0 0.185938 0.285417 0.100000 0.133333
0 0.200000 0.102083 0.100000 0.133333
0 0.548438 0.164583 0.100000 0.133333
0 0.229687 0.787500 0.100000 0.133333
0 0.409375 0.614583 0.100000 0.133333
0 0.131250 0.662500 0.100000 0.133333
0 0.309375 0.577083 0.100000 0.133333
0 0.506250 0.537500 0.100000 0.133333
0 0.470313 0.312500 0.100000 0.133333
0 0.712500 0.891667 0.100000 0.133333
0 0.270313 0.350000 0.100000 0.133333
0 0.729688 0.216667 0.100000 0.133333
0 0.389062 0.325000 0.100000 0.133333
0 0.756250 0.360417 0.100000 0.133333
0 0.304688 0.541667 0.100000 0.133333
0 0.484375 0.266667 0.100000 0.133333
0 0.681250 0.708333 0.100000 0.133333
0 0.879687 0.722917 0.100000 0.133333
0 0.459375 0.254167 0.100000 0.133333
0 0.406250 0.110417 0.100000 0.133333
0 0.446875 0.704167 0.100000 0.133333
0 0.631250 0.785417 0.100000 0.133333
0 0.295312 0.241667 0.100000 0.133333
0 0.284375 0.087500 0.100000 0.133333
0 0.259375 0.635417 0.100000 0.133333
0 0.646875 0.129167 0.100000 0.133333
0 0.451562 0.435417 0.100000 0.133333
0 0.200000 0.225000 0.100000 0.133333
0 0.676562 0.431250 0.100000 0.133333
0 0.803125 0.250000 0.100000 0.133333
0 0.851562 0.712500 0.100000 0.133333
0 0.301563 0.593750 0.100000 0.133333
0 0.554688 0.447917 0.100000 0.133333
0 0.834375 0.385417 0.100000 0.133333
0 0.260937 0.743750 0.100000 0.133333
0 0.140625 0.285417 0.100000 0.133333
0 0.684375 0.366667 0.100000 0.133333
0 0.193750 0.408333 0.100000 0.133333
0 0.379688 0.472917 0.100000 0.133333
0 0.525000 0.358333 0.100000 0.133333
0 0.385937 0.189583 0.100000 0.133333
0 0.440625 0.662500 0.100000 0.133333
0 0.479687 0.547917 0.100000 0.133333
0 0.478125 0.725000 0.100000 0.133333
0 0.640625 0.739583 0.100000 0.133333
0 0.409375 0.797917 0.100000 0.133333
0 0.203125 0.081250 0.100000 0.133333
0 0.381250 0.712500 0.100000 0.133333
0 0.192188 0.795833 0.100000 0.133333
0 0.454688 0.341667 0.100000 0.133333
0 0.898438 0.631250 0.100000 0.133333
0 0.875000 0.437500 0.100000 0.133333
0 0.675000 0.739583 0.100000 0.133333
0 0.143750 0.779167 0.100000 0.133333
0 0.681250 0.166667 0.100000 0.133333
0 0.415625 0.535417 0.100000 0.133333
0 0.203125 0.102083 0.100000 0.133333
0 0.114062 0.275000 0.100000 0.133333
0 0.131250 0.364583 0.100000 0.133333
0 0.890625 0.360417 0.100000 0.133333
0 0.157812 0.085417 0.100000 0.133333
0 0.360938 0.822917 0.100000 0.133333
0 0.629687 0.483333 0.100000 0.133333
0 0.275000 0.081250 0.100000 0.133333
0 0.275000 0.785417 0.100000 0.133333
0 0.798438 0.754167 0.100000 0.133333
0 0.795312 0.391667 0.100000 0.133333
0 0.370312 0.145833 0.100000 0.133333
0 0.521875 0.333333 0.100000 0.133333
0 0.520312 0.450000 0.100000 0.133333
0 0.807813 0.233333 0.100000 0.133333
0 0.482812 0.560417 0.100000 0.133333
0 0.342187 0.387500 0.100000 0.133333
0 0.839063 0.854167 0.100000 0.133333
0 0.735938 0.531250 0.100000 0.133333
0 0.732812 0.837500 0.100000 0.133333
0 0.707812 0.129167 0.100000 0.133333
0 0.817187 0.441667 0.100000 0.133333
0 0.628125 0.120833 0.100000 0.133333
0 0.350000 0.179167 0.100000 0.133333
0 0.131250 0.370833 0.100000 0.133333
0 0.440625 0.181250 0.100000 0.133333
0 0.307812 0.350000 0.100000 0.133333
0 0.776563 0.522917 0.100000 0.133333
0 0.595313 0.650000 0.100000 0.133333
0 0.759375 0.643750 0.100000 0.133333
0 0.706250 0.295833 0.100000 0.133333
0 0.814063 0.558333 0.100000 0.133333
0 0.582812 0.312500 0.100000 0.133333
0 0.893750 0.160417 0.100000 0.133333
0 0.737500 0.458333 0.100000 0.133333
0 0.403125 0.433333 0.100000 0.133333
0 0.107813 0.481250 0.100000 0.133333
0 0.178125 0.862500 0.100000 0.133333
0 0.682813 0.825000 0.100000 0.133333
0 0.435937 0.512500 0.100000 0.133333
0 0.775000 0.170833 0.100000 0.133333
0 0.454688 0.500000 0.100000 0.133333
0 0.692187 0.500000 0.100000 0.133333
0 0.521875 0.241667 0.100000 0.133333
0 0.518750 0.891667 0.100000 0.133333
0 0.371875 0.291667 0.100000 0.133333
0 0.428125 0.141667 0.100000 0.133333
0 0.184375 0.512500 0.100000 0.133333
0 0.887500 0.137500 0.100000 0.133333
0 0.623437 0.239583 0.100000 0.133333
0 0.804688 0.720833 0.100000 0.133333
0 0.454688 0.608333 0.100000 0.133333
0 0.534375 0.081250 0.100000 0.133333
0 0.165625 0.093750 0.100000 0.133333
0 0.620313 0.462500 0.100000 0.133333
0 0.606250 0.877083 0.100000 0.133333
0 0.560937 0.483333 0.100000 0.133333
0 0.648438 0.831250 0.100000 0.133333
1 0.857812 0.725000 0.100000 0.133333
1 0.345313 0.479167 0.100000 0.133333
1 0.910937 0.795833 0.100000 0.133333
1 0.531250 0.618750 0.100000 0.133333
1 0.425000 0.768750 0.100000 0.133333
