0 0.545312 0.225000 0.100000 0.133333
0 0.810937 0.829167 0.100000 0.133333
0 0.729688 0.727083 0.100000 0.133333
0 0.189062 0.714583 0.100000 0.133333
0 0.106250 0.866667 0.100000 0.133333
0 0.334375 0.827083 0.100000 0.133333
0 0.696875 0.889583 0.100000 0.133333
0 0.632812 0.877083 0.100000 0.133333
0 0.796875 0.885417 0.100000 0.133333
0 0.776563 0.350000 0.100000 0.133333
0 0.371875 0.425000 0.100000 0.133333
0 0.606250 0.402083 0.100000 0.133333
0 0.750000 0.231250 0.100000 0.133333
0 0.646875 0.718750 0.100000 0.133333
0 0.757812 0.868750 0.100000 0.133333
0 0.284375 0.300000 0.100000 0.133333
0 0.351562 0.637500 0.100000 0.133333
0 0.578125 0.862500 0.100000 0.133333
0 0.496875 0.860417 0.100000 0.133333
0 0.875000 0.687500 0.100000 0.133333
0 0.492188 0.410417 0.100000 0.133333
0 0.726562 0.137500 0.100000 0.133333
0 0.203125 0.414583 0.100000 0.133333
0 0.407813 0.797917 0.100000 0.133333
0 0.214062 0.418750 0.100000 0.133333
0 0.725000 0.543750 0.100000 0.133333
0 0.195312 0.812500 0.100000 0.133333
0 0.737500 0.308333 0.100000 0.133333
0 0.217188 0.118750 0.100000 0.133333
0 0.178125 0.756250 0.100000 0.133333
0 0.682813 0.577083 0.100000 0.133333
0 0.401562 0.602083 0.100000 0.133333
0 0.579688 0.562500 0.100000 0.133333
0 0.134375 0.666667 0.100000 0.133333
0 0.781250 0.360417 0.100000 0.133333
0 0.756250 0.814583 0.100000 0.133333
0 0.168750 0.197917 0.100000 0.133333
0 0.357812 0.560417 0.100000 0.133333
0 0.437500 0.758333 0.100000 0.133333
0 0.631250 0.404167 0.100000 0.133333
0 0.431250 0.533333 0.100000 0.133333
0 0.865625 0.714583 0.100000 0.133333
0 0.640625 0.666667 0.100000 0.133333
0 0.687500 0.793750 0.100000 0.133333
0 0.309375 0.385417 0.100000 0.133333
0 0.160938 0.820833 0.100000 0.133333
0 0.251563 0.870833 0.100000 0.133333
0 0.660937 0.566667 0.100000 0.133333
0 0.243750 0.331250 0.100000 0.133333
0 0.175000 0.866667 0.100000 0.133333
0 0.153125 0.781250 0.100000 0.133333
0 0.671875 0.068750 0.100000 0.133333
0 0.271875 0.179167 0.100000 0.133333
0 0.529687 0.458333 0.100000 0.133333
0 0.396875 0.256250 0.100000 0.133333
0 0.265625 0.358333 0.100000 0.133333
0 0.803125 0.114583 0.100000 0.133333
0 0.754687 0.589583 0.100000 0.133333
0 0.251563 0.116667 0.100000 0.133333
0 0.721875 0.222917 0.100000 0.133333
0 0.343750 0.585417 0.100000 0.133333
0 0.720313 0.075000 0.100000 0.133333
0 0.829688 0.877083 0.100000 0.133333
0 0.337500 0.204167 0.100000 0.133333
0 0.634375 0.568750 0.100000 0.133333
0 0.353125 0.841667 0.100000 0.133333
0 0.773438 0.616667 0.100000 0.133333
0 0.471875 0.416667 0.100000 0.133333
0 0.568750 0.602083 0.100000 0.133333
0 0.320312 0.735417 0.100000 0.133333
0 0.201563 0.614583 0.100000 0.133333
0 0.604688 0.660417 0.100000 0.133333
0 0.575000 0.420833 0.100000 0.133333
0 0.600000 0.543750 0.100000 0.133333
0 0.518750 0.614583 0.100000 0.133333
0 0.209375 0.247917 0.100000 0.133333
0 0.325000 0.239583 0.100000 0.133333
0 0.375000 0.233333 0.100000 0.133333
0 0.556250 0.325000 0.100000 0.133333
0 0.182812 0.641667 0.100000 0.133333
0 0.540625 0.391667 0.100000 0.133333
0 0.292187 0.318750 0.100000 0.133333
0 0.710938 0.543750 0.100000 0.133333
0 0.367188 0.304167 0.100000 0.133333
0 0.462500 0.737500 0.100000 0.133333
0 0.145313 0.085417 0.100000 0.133333
0 0.440625 0.185417 0.100000 0.133333
0 0.335938 0.704167 0.100000 0.133333
0 0.459375 0.745833 0.100000 0.133333
0 0.610938 0.858333 0.100000 0.133333
0 0.346875 0.639583 0.100000 0.133333
0 0.767188 0.300000 0.100000 0.133333
0 0.192188 0.260417 0.100000 0.133333
0 0.568750 0.327083 0.100000 0.133333
0 0.551562 0.214583 0.100000 0.133333
0 0.193750 0.856250 0.100000 0.133333
0 0.607812 0.297917 0.100000 0.133333
0 0.882812 0.347917 0.100000 0.133333
0 0.243750 0.818750 0.100000 0.133333
0 0.884375 0.354167 0.100000 0.133333
0 0.310937 0.420833 0.100000 0.133333
0 0.309375 0.162500 0.100000 0.133333
0 0.154688 0.854167 0.100000 0.133333
0 0.900000 0.412500 0.100000 0.133333
0 0.471875 0.739583 0.100000 0.133333
0 0.170313 0.839583 0.100000 0.133333
0 0.803125 0.864583 0.100000 0.133333
0 0.412500 0.135417 0.100000 0.133333
0 0.434375 0.177083 0.100000 0.133333
0 0.529687 0.114583 0.100000 0.133333
0 0.728125 0.868750 0.100000 0.133333
0 0.425000 0.620833 0.100000 0.133333
0 0.754687 0.150000 0.100000 0.133333
0 0.850000 0.454167 0.100000 0.133333
0 0.257812 0.502083 0.100000 0.133333
0 0.320312 0.127083 0.100000 0.133333
0 0.596875 0.345833 0.100000 0.133333
0 0.196875 0.227083 0.100000 0.133333
0 0.434375 0.487500 0.100000 0.133333
0 0.390625 0.766667 0.100000 0.133333
0 0.775000 0.127083 0.100000 0.133333
0 0.546875 0.862500 0.100000 0.133333
0 0.607812 0.470833 0.100000 0.133333
0 0.529687 0.222917 0.100000 0.133333
0 0.137500 0.147917 0.100000 0.133333
0 0.239063 0.077083 0.100000 0.133333
0 0.342187 0.100000 0.100000 0.133333
0 0.148438 0.672917 0.100000 0.133333
0 0.281250 0.243750 0.100000 0.133333
0 0.854688 0.437500 0.100000 0.133333
0 0.145313 0.337500 0.100000 0.133333
0 0.573438 0.783333 0.100000 0.133333
0 0.675000 0.843750 0.100000 0.133333
0 0.396875 0.756250 0.100000 0.133333
0 0.332813 0.135417 0.100000 0.133333
0 0.664062 0.262500 0.100000 0.133333
0 0.543750 0.543750 0.100000 0.133333
0 0.639062 0.570833 0.100000 0.133333
0 0.679688 0.116667 0.100000 0.133333
0 0.828125 0.502083 0.100000 0.133333
0 0.457813 0.887500 0.100000 0.133333
0 0.353125 0.204167 0.100000 0.133333
0 0.534375 0.829167 0.100000 0.133333
0 0.784375 0.789583 0.100000 0.133333
0 0.773438 0.504167 0.100000 0.133333
0 0.893750 0.291667 0.100000 0.133333
0 0.437500 0.483333 0.100000 0.133333
0 0.143750 0.527083 0.100000 0.133333
0 0.301563 0.087500 0.100000 0.133333
0 0.121875 0.300000 0.100000 0.133333
1 0.209375 0.643750 0.100000 0.133333
1 0.076563 0.212500 0.100000 0.133333
1 0.628125 0.602083 0.100000 0.133333
1 0.396875 0.091667 0.100000 0.133333
1 0.343750 0.472917 0.100000 0.133333
