0 0.898438 0.618750 0.100000 0.133333
0 0.268750 0.527083 0.100000 0.133333
0 0.637500 0.841667 0.100000 0.133333
0 0.629687 0.854167 0.100000 0.133333
0 0.545312 0.137500 0.100000 0.133333
0 0.882812 0.193750 0.100000 0.133333
0 0.323437 0.475000 0.100000 0.133333
0 0.820312 0.337500 0.100000 0.133333
0 0.192188 0.460417 0.100000 0.133333
0 0.756250 0.795833 0.100000 0.133333
0 0.123438 0.343750 0.100000 0.133333
0 0.210938 0.568750 0.100000 0.133333
0 0.275000 0.266667 0.100000 0.133333
0 0.707812 0.827083 0.100000 0.133333
0 0.285938 0.652083 0.100000 0.133333
0 0.342187 0.472917 0.100000 0.133333
0 0.795312 0.712500 0.100000 0.133333
0 0.564063 0.312500 0.100000 0.133333
0 0.462500 0.097917 0.100000 0.133333
0 0.367188 0.112500 0.100000 0.133333
0 0.543750 0.072917 0.100000 0.133333
0 0.275000 0.350000 0.100000 0.133333
0 0.562500 0.577083 0.100000 0.133333
0 0.170313 0.866667 0.100000 0.133333
0 0.428125 0.768750 0.100000 0.133333
0 0.303125 0.791667 0.100000 0.133333
0 0.832812 0.233333 0.100000 0.133333
0 0.218750 0.347917 0.100000 0.133333
0 0.435937 0.154167 0.100000 0.133333
0 0.135937 0.804167 0.100000 0.133333
0 0.760938 0.114583 0.100000 0.133333
0 0.701562 0.612500 0.100000 0.133333
0 0.153125 0.322917 0.100000 0.133333
0 0.610938 0.695833 0.100000 0.133333
0 0.553125 0.268750 0.100000 0.133333
0 0.607812 0.758333 0.100000 0.133333
0 0.545312 0.735417 0.100000 0.133333
0 0.685937 0.568750 0.100000 0.133333
0 0.362500 0.512500 0.100000 0.133333
0 0.571875 0.710417 0.100000 0.133333
0 0.379688 0.587500 0.100000 0.133333
0 0.781250 0.647917 0.100000 0.133333
0 0.476562 0.583333 0.100000 0.133333
0 0.618750 0.589583 0.100000 0.133333
0 0.820312 0.495833 0.100000 0.133333
0 0.514062 0.125000 0.100000 0.133333
0 0.137500 0.072917 0.100000 0.133333
0 0.426563 0.108333 0.100000 0.133333
0 0.846875 0.097917 0.100000 0.133333
0 0.418750 0.131250 0.100000 0.133333
0 0.875000 0.533333 0.100000 0.133333
0 0.254688 0.695833 0.100000 0.133333
0 0.325000 0.431250 0.100000 0.133333
0 0.690625 0.260417 0.100000 0.133333
0 0.523438 0.527083 0.100000 0.133333
0 0.865625 0.377083 0.100000 0.133333
0 0.768750 0.510417 0.100000 0.133333
0 0.246875 0.235417 0.100000 0.133333
0 0.803125 0.335417 0.100000 0.133333
0 0.565625 0.300000 0.100000 0.133333
0 0.645312 0.877083 0.100000 0.133333
0 0.426563 0.072917 0.100000 0.133333
0 0.379688 0.768750 0.100000 0.133333
0 0.182812 0.575000 0.100000 0.133333
0 0.706250 0.102083 0.100000 0.133333
0 0.764062 0.589583 0.100000 0.133333
0 0.689063 0.852083 0.100000 0.133333
0 0.404687 0.366667 0.100000 0.133333
0 0.785937 0.127083 0.100000 0.133333
0 0.129688 0.554167 0.100000 0.133333
0 0.846875 0.225000 0.100000 0.133333
0 0.696875 0.889583 0.100000 0.133333
0 0.468750 0.541667 0.100000 0.133333
0 0.890625 0.672917 0.100000 0.133333
0 0.357812 0.577083 0.100000 0.133333
0 0.351562 0.664583 0.100000 0.133333
0 0.275000 0.239583 0.100000 0.133333
0 0.514062 0.456250 0.100000 0.133333
0 0.431250 0.072917 0.100000 0.133333
0 0.359375 0.162500 0.100000 0.133333
0 0.253125 0.656250 0.100000 0.133333
0 0.337500 0.187500 0.100000 0.133333
0 0.817187 0.708333 0.100000 0.133333
0 0.900000 0.597917 0.100000 0.133333
0 0.514062 0.493750 0.100000 0.133333
0 0.421875 0.789583 0.100000 0.133333
0 0.115625 0.325000 0.100000 0.133333
0 0.198437 0.208333 0.100000 0.133333
0 0.835938 0.277083 0.100000 0.133333
0 0.648438 0.104167 0.100000 0.133333
0 0.743750 0.516667 0.100000 0.133333
0 0.398438 0.439583 0.100000 0.133333
0 0.357812 0.300000 0.100000 0.133333
0 0.748437 0.075000 0.100000 0.133333
0 0.610938 0.447917 0.100000 0.133333
0 0.562500 0.245833 0.100000 0.133333
0 0.176563 0.789583 0.100000 0.133333
0 0.875000 0.477083 0.100000 0.133333
0 0.703125 0.537500 0.100000 0.133333
0 0.467187 0.306250 0.100000 0.133333
0 0.748437 0.125000 0.100000 0.133333
0 0.776563 0.891667 0.100000 0.133333
0 0.396875 0.125000 0.100000 0.133333
0 0.403125 0.697917 0.100000 0.133333
0 0.687500 0.377083 0.100000 0.133333
0 0.470313 0.791667 0.100000 0.133333
0 0.595313 0.539583 0.100000 0.133333
0 0.881250 0.866667 0.100000 0.133333
0 0.415625 0.668750 0.100000 0.133333
0 0.884375 0.333333 0.100000 0.133333
0 0.345313 0.756250 0.100000 0.133333
0 0.612500 0.210417 0.100000 0.133333
0 0.292187 0.750000 0.100000 0.133333
0 0.459375 0.558333 0.100000 0.133333
0 0.453125 0.291667 0.100000 0.133333
0 0.870313 0.372917 0.100000 0.133333
0 0.615625 0.175000 0.100000 0.133333
0 0.507812 0.493750 0.100000 0.133333
0 0.746875 0.425000 0.100000 0.133333
0 0.626563 0.322917 0.100000 0.133333
0 0.126562 0.218750 0.100000 0.133333
0 0.789062 0.854167 0.100000 0.133333
0 0.587500 0.775000 0.100000 0.133333
0 0.445312 0.700000 0.100000 0.133333
0 0.889062 0.554167 0.100000 0.133333
0 0.587500 0.602083 0.100000 0.133333
0 0.875000 0.847917 0.100000 0.133333
0 0.721875 0.781250 0.100000 0.133333
0 0.885938 0.866667 0.100000 0.133333
0 0.495312 0.602083 0.100000 0.133333
0 0.281250 0.735417 0.100000 0.133333
0 0.260937 0.185417 0.100000 0.133333
0 0.848437 0.868750 0.100000 0.133333
0 0.618750 0.531250 0.100000 0.133333
0 0.765625 0.343750 0.100000 0.133333
0 0.842187 0.541667 0.100000 0.133333
0 0.662500 0.739583 0.100000 0.133333
0 0.278125 0.472917 0.100000 0.133333
0 0.665625 0.660417 0.100000 0.133333
0 0.368750 0.568750 0.100000 0.133333
0 0.525000 0.450000 0.100000 0.133333
0 0.732812 0.295833 0.100000 0.133333
0 0.531250 0.670833 0.100000 0.133333
0 0.435937 0.139583 0.100000 0.133333
0 0.564063 0.664583 0.100000 0.133333
0 0.865625 0.585417 0.100000 0.133333
0 0.403125 0.647917 0.100000 0.133333
0 0.182812 0.437500 0.100000 0.133333
0 0.725000 0.500000 0.100000 0.133333
0 0.715625 0.356250 0.100000 0.133333
1 0.440625 0.450000 0.100000 0.133333
1 0.326562 0.781250 0.100000 0.133333
1 0.209375 0.222917 0.100000 0.133333
1 0.592187 0.914583 0.100000 0.133333
1 0.484375 0.729167 0.100000 0.133333
