0 0.234375 0.087500 0.100000 0.133333
0 0.678125 0.752083 0.100000 0.133333
0 0.576562 0.389583 0.100000 0.133333
0 0.770312 0.239583 0.100000 0.133333
0 0.359375 0.864583 0.100000 0.133333
0 0.515625 0.335417 0.100000 0.133333
0 0.853125 0.397917 0.100000 0.133333
0 0.882812 0.214583 0.100000 0.133333
0 0.868750 0.775000 0.100000 0.133333
0 0.210938 0.160417 0.100000 0.133333
0 0.885938 0.543750 0.100000 0.133333
0 0.317188 0.777083 0.100000 0.133333
0 0.759375 0.691667 0.100000 0.133333
0 0.131250 0.602083 0.100000 0.133333
0 0.153125 0.833333 0.100000 0.133333
0 0.326562 0.183333 0.100000 0.133333
0 0.456250 0.406250 0.100000 0.133333
0 0.650000 0.716667 0.100000 0.133333
0 0.542188 0.512500 0.100000 0.133333
0 0.862500 0.204167 0.100000 0.133333
0 0.110937 0.733333 0.100000 0.133333
0 0.250000 0.252083 0.100000 0.133333
0 0.442188 0.604167 0.100000 0.133333
0 0.739062 0.375000 0.100000 0.133333
0 0.690625 0.495833 0.100000 0.133333
0 0.798438 0.466667 0.100000 0.133333
0 0.107813 0.791667 0.100000 0.133333
0 0.767188 0.856250 0.100000 0.133333
0 0.529687 0.154167 0.100000 0.133333
0 0.128125 0.210417 0.100000 0.133333
0 0.746875 0.493750 0.100000 0.133333
0 0.526563 0.439583 0.100000 0.133333
0 0.690625 0.731250 0.100000 0.133333
0 0.893750 0.070833 0.100000 0.133333
0 0.870313 0.772917 0.100000 0.133333
0 0.587500 0.691667 0.100000 0.133333
0 0.840625 0.887500 0.100000 0.133333
0 0.203125 0.164583 0.100000 0.133333
0 0.639062 0.510417 0.100000 0.133333
0 0.139063 0.152083 0.100000 0.133333
0 0.470313 0.854167 0.100000 0.133333
0 0.479687 0.656250 0.100000 0.133333
0 0.359375 0.068750 0.100000 0.133333
0 0.434375 0.145833 0.100000 0.133333
0 0.810937 0.243750 0.100000 0.133333
0 0.592187 0.364583 0.100000 0.133333
0 0.785937 0.356250 0.100000 0.133333
0 0.525000 0.785417 0.100000 0.133333
0 0.265625 0.495833 0.100000 0.133333
0 0.581250 0.245833 0.100000 0.133333
0 0.495312 0.222917 0.100000 0.133333
0 0.535937 0.127083 0.100000 0.133333
0 0.665625 0.318750 0.100000 0.133333
0 0.104688 0.197917 0.100000 0.133333
0 0.520312 0.097917 0.100000 0.133333
0 0.128125 0.597917 0.100000 0.133333
0 0.503125 0.668750 0.100000 0.133333
0 0.203125 0.368750 0.100000 0.133333
0 0.706250 0.664583 0.100000 0.133333
0 0.112500 0.358333 0.100000 0.133333
0 0.660937 0.527083 0.100000 0.133333
0 0.112500 0.818750 0.100000 0.133333
0 0.579688 0.539583 0.100000 0.133333
0 0.895312 0.891667 0.100000 0.133333
0 0.643750 0.256250 0.100000 0.133333
0 0.867188 0.222917 0.100000 0.133333
0 0.518750 0.131250 0.100000 0.133333
0 0.210938 0.145833 0.100000 0.133333
0 0.589063 0.164583 0.100000 0.133333
0 0.125000 0.085417 0.100000 0.133333
0 0.218750 0.683333 0.100000 0.133333
0 0.856250 0.641667 0.100000 0.133333
0 0.178125 0.662500 0.100000 0.133333
0 0.625000 0.675000 0.100000 0.133333
0 0.748437 0.393750 0.100000 0.133333
0 0.403125 0.422917 0.100000 0.133333
0 0.134375 0.518750 0.100000 0.133333
0 0.551562 0.614583 0.100000 0.133333
0 0.351562 0.495833 0.100000 0.133333
0 0.587500 0.112500 0.100000 0.133333
0 0.390625 0.622917 0.100000 0.133333
0 0.681250 0.677083 0.100000 0.133333
0 0.103125 0.460417 0.100000 0.133333
0 0.520312 0.420833 0.100000 0.133333
0 0.421875 0.372917 0.100000 0.133333
0 0.679688 0.543750 0.100000 0.133333
0 0.473438 0.329167 0.100000 0.133333
0 0.617188 0.297917 0.100000 0.133333
0 0.848437 0.808333 0.100000 0.133333
0 0.768750 0.183333 0.100000 0.133333
0 0.860938 0.210417 0.100000 0.133333
0 0.535937 0.758333 0.100000 0.133333
0 0.485938 0.831250 0.100000 0.133333
0 0.135937 0.225000 0.100000 0.133333
0 0.478125 0.843750 0.100000 0.133333
0 0.626563 0.366667 0.100000 0.133333
0 0.654687 0.789583 0.100000 0.133333
0 0.104688 0.433333 0.100000 0.133333
0 0.190625 0.700000 0.100000 0.133333
0 0.601562 0.591667 0.100000 0.133333
0 0.832812 0.585417 0.100000 0.133333
0 0.356250 0.264583 0.100000 0.133333
0 0.760938 0.141667 0.100000 0.133333
0 0.750000 0.464583 0.100000 0.133333
0 0.231250 0.791667 0.100000 0.133333
0 0.217188 0.141667 0.100000 0.133333
0 0.329688 0.662500 0.100000 0.133333
0 0.164062 0.297917 0.100000 0.133333
0 0.407813 0.266667 0.100000 0.133333
0 0.848437 0.072917 0.100000 0.133333
0 0.398438 0.827083 0.100000 0.133333
0 0.693750 0.675000 0.100000 0.133333
0 0.425000 0.831250 0.100000 0.133333
0 0.698438 0.470833 0.100000 0.133333
0 0.651563 0.327083 0.100000 0.133333
0 0.425000 0.318750 0.100000 0.133333
0 0.171875 0.283333 0.100000 0.133333
0 0.534375 0.741667 0.100000 0.133333
0 0.876563 0.775000 0.100000 0.133333
0 0.264062 0.070833 0.100000 0.133333
0 0.309375 0.266667 0.100000 0.133333
0 0.875000 0.487500 0.100000 0.133333
0 0.664062 0.239583 0.100000 0.133333
0 0.270313 0.212500 0.100000 0.133333
0 0.495312 0.360417 0.100000 0.133333
0 0.326562 0.597917 0.100000 0.133333
0 0.228125 0.318750 0.100000 0.133333
0 0.812500 0.508333 0.100000 0.133333
0 0.300000 0.431250 0.100000 0.133333
0 0.509375 0.416667 0.100000 0.133333
0 0.126562 0.718750 0.100000 0.133333
0 0.175000 0.285417 0.100000 0.133333
0 0.725000 0.102083 0.100000 0.133333
0 0.190625 0.795833 0.100000 0.133333
0 0.139063 0.185417 0.100000 0.133333
0 0.829688 0.379167 0.100000 0.133333
0 0.223438 0.479167 0.100000 0.133333
0 0.457813 0.850000 0.100000 0.133333
0 0.653125 0.235417 0.100000 0.133333
0 0.546875 0.850000 0.100000 0.133333
0 0.893750 0.452083 0.100000 0.133333
0 0.621875 0.389583 0.100000 0.133333
0 0.631250 0.722917 0.100000 0.133333
0 0.439063 0.608333 0.100000 0.133333
0 0.643750 0.593750 0.100000 0.133333
0 0.470313 0.460417 0.100000 0.133333
0 0.421875 0.852083 0.100000 0.133333
0 0.503125 0.739583 0.100000 0.133333
0 0.595313 0.347917 0.100000 0.133333
0 0.675000 0.614583 0.100000 0.133333
1 0.746875 0.072917 0.100000 0.133333
1 0.682813 0.081250 0.100000 0.133333
1 0.656250 0.833333 0.100000 0.133333
1 0.523438 0.287500 0.100000 0.133333
1 0.432812 0.091667 0.100000 0.133333
