0 0.801562 0.572917 0.100000 0.133333
0 0.873437 0.470833 0.100000 0.133333
0 0.720313 0.497917 0.100000 0.133333
0 0.478125 0.122917 0.100000 0.133333
0 0.473438 0.564583 0.100000 0.133333
0 0.282813 0.891667 0.100000 0.133333
0 0.318750 0.187500 0.100000 0.133333
0 0.757812 0.493750 0.100000 0.133333
0 0.156250 0.397917 0.100000 0.133333
0 0.790625 0.110417 0.100000 0.133333
0 0.140625 0.877083 0.100000 0.133333
0 0.226562 0.887500 0.100000 0.133333
0 0.492188 0.439583 0.100000 0.133333
0 0.264062 0.183333 0.100000 0.133333
0 0.651563 0.833333 0.100000 0.133333
0 0.790625 0.391667 0.100000 0.133333
0 0.320312 0.597917 0.100000 0.133333
0 0.446875 0.529167 0.100000 0.133333
0 0.812500 0.339583 0.100000 0.133333
0 0.535937 0.664583 0.100000 0.133333
0 0.601562 0.337500 0.100000 0.133333
0 0.426563 0.391667 0.100000 0.133333
0 0.304688 0.572917 0.100000 0.133333
0 0.546875 0.860417 0.100000 0.133333
0 0.310937 0.420833 0.100000 0.133333
0 0.664062 0.745833 0.100000 0.133333
0 0.162500 0.864583 0.100000 0.133333
0 0.889062 0.250000 0.100000 0.133333
0 0.259375 0.835417 0.100000 0.133333
0 0.820312 0.166667 0.100000 0.133333
0 0.900000 0.758333 0.100000 0.133333
0 0.342187 0.266667 0.100000 0.133333
0 0.685937 0.745833 0.100000 0.133333
0 0.567187 0.350000 0.100000 0.133333
0 0.128125 0.789583 0.100000 0.133333
0 0.378125 0.522917 0.100000 0.133333
0 0.309375 0.718750 0.100000 0.133333
0 0.121875 0.450000 0.100000 0.133333
0 0.743750 0.564583 0.100000 0.133333
0 0.192188 0.545833 0.100000 0.133333
0 0.150000 0.450000 0.100000 0.133333
0 0.170313 0.879167 0.100000 0.133333
0 0.284375 0.827083 0.100000 0.133333
0 0.534375 0.547917 0.100000 0.133333
0 0.584375 0.858333 0.100000 0.133333
0 0.615625 0.256250 0.100000 0.133333
0 0.376563 0.145833 0.100000 0.133333
0 0.550000 0.639583 0.100000 0.133333
0 0.287500 0.368750 0.100000 0.133333
0 0.865625 0.833333 0.100000 0.133333
0 0.335938 0.295833 0.100000 0.133333
0 0.889062 0.429167 0.100000 0.133333
0 0.704688 0.583333 0.100000 0.133333
0 0.434375 0.072917 0.100000 0.133333
0 0.171875 0.825000 0.100000 0.133333
0 0.282813 0.727083 0.100000 0.133333
0 0.603125 0.481250 0.100000 0.133333
0 0.640625 0.616667 0.100000 0.133333
0 0.379688 0.381250 0.100000 0.133333
0 0.373437 0.531250 0.100000 0.133333
0 0.382812 0.506250 0.100000 0.133333
0 0.710938 0.231250 0.100000 0.133333
0 0.428125 0.891667 0.100000 0.133333
0 0.745313 0.877083 0.100000 0.133333
0 0.146875 0.354167 0.100000 0.133333
0 0.709375 0.527083 0.100000 0.133333
0 0.217188 0.887500 0.100000 0.133333
0 0.671875 0.614583 0.100000 0.133333
0 0.465625 0.293750 0.100000 0.133333
0 0.804688 0.887500 0.100000 0.133333
0 0.718750 0.252083 0.100000 0.133333
0 0.193750 0.420833 0.100000 0.133333
0 0.803125 0.247917 0.100000 0.133333
0 0.540625 0.260417 0.100000 0.133333
0 0.331250 0.175000 0.100000 0.133333
0 0.190625 0.410417 0.100000 0.133333
0 0.404687 0.245833 0.100000 0.133333
0 0.135937 0.256250 0.100000 0.133333
0 0.139063 0.685417 0.100000 0.133333
0 0.562500 0.585417 0.100000 0.133333
0 0.448437 0.129167 0.100000 0.133333
0 0.167187 0.697917 0.100000 0.133333
0 0.806250 0.362500 0.100000 0.133333
0 0.576562 0.722917 0.100000 0.133333
0 0.245312 0.287500 0.100000 0.133333
0 0.318750 0.816667 0.100000 0.133333
0 0.471875 0.560417 0.100000 0.133333
0 0.687500 0.529167 0.100000 0.133333
0 0.606250 0.666667 0.100000 0.133333
0 0.695312 0.708333 0.100000 0.133333
0 0.218750 0.389583 0.100000 0.133333
0 0.829688 0.197917 0.100000 0.133333
0 0.150000 0.125000 0.100000 0.133333
0 0.476562 0.531250 0.100000 0.133333
0 0.173437 0.691667 0.100000 0.133333
0 0.651563 0.114583 0.100000 0.133333
0 0.335938 0.152083 0.100000 0.133333
0 0.218750 0.633333 0.100000 0.133333
0 0.256250 0.552083 0.100000 0.133333
0 0.704688 0.406250 0.100000 0.133333
0 0.448437 0.612500 0.100000 0.133333
0 0.734375 0.433333 0.100000 0.133333
0 0.892188 0.370833 0.100000 0.133333
0 0.142187 0.297917 0.100000 0.133333
0 0.754687 0.610417 0.100000 0.133333
0 0.643750 0.727083 0.100000 0.133333
0 0.473438 0.310417 0.100000 0.133333
0 0.693750 0.875000 0.100000 0.133333
0 0.135937 0.847917 0.100000 0.133333
0 0.200000 0.452083 0.100000 0.133333
0 0.317188 0.547917 0.100000 0.133333
0 0.167187 0.485417 0.100000 0.133333
0 0.839063 0.812500 0.100000 0.133333
0 0.684375 0.272917 0.100000 0.133333
0 0.309375 0.375000 0.100000 0.133333
0 0.328125 0.170833 0.100000 0.133333
0 0.565625 0.725000 0.100000 0.133333
0 0.548438 0.325000 0.100000 0.133333
0 0.545312 0.708333 0.100000 0.133333
0 0.310937 0.425000 0.100000 0.133333
0 0.292187 0.800000 0.100000 0.133333
0 0.853125 0.347917 0.100000 0.133333
0 0.704688 0.691667 0.100000 0.133333
0 0.796875 0.166667 0.100000 0.133333
0 0.178125 0.595833 0.100000 0.133333
0 0.664062 0.481250 0.100000 0.133333
0 0.826562 0.118750 0.100000 0.133333
0 0.428125 0.266667 0.100000 0.133333
0 0.587500 0.856250 0.100000 0.133333
0 0.809375 0.335417 0.100000 0.133333
0 0.400000 0.452083 0.100000 0.133333
0 0.575000 0.339583 0.100000 0.133333
0 0.764062 0.852083 0.100000 0.133333
0 0.773438 0.437500 0.100000 0.133333
0 0.878125 0.654167 0.100000 0.133333
0 0.326562 0.820833 0.100000 0.133333
0 0.429688 0.256250 0.100000 0.133333
0 0.428125 0.547917 0.100000 0.133333
0 0.217188 0.745833 0.100000 0.133333
0 0.123438 0.795833 0.100000 0.133333
0 0.742188 0.143750 0.100000 0.133333
0 0.556250 0.343750 0.100000 0.133333
0 0.209375 0.581250 0.100000 0.133333
0 0.665625 0.539583 0.100000 0.133333
0 0.270313 0.443750 0.100000 0.133333
0 0.639062 0.391667 0.100000 0.133333
0 0.173437 0.420833 0.100000 0.133333
0 0.226562 0.743750 0.100000 0.133333
0 0.328125 0.160417 0.100000 0.133333
0 0.132812 0.770833 0.100000 0.133333
1 0.092188 0.625000 0.100000 0.133333
1 0.217188 0.414583 0.100000 0.133333
1 0.353125 0.802083 0.100000 0.133333
1 0.832812 0.891667 0.100000 0.133333
1 0.190625 0.404167 0.100000 0.133333
