0 0.207813 0.306250 0.100000 0.133333
0 0.385937 0.600000 0.100000 0.133333
0 0.564063 0.866667 0.100000 0.133333
0 0.390625 0.477083 0.100000 0.133333
0 0.762500 0.500000 0.100000 0.133333
0 0.839063 0.504167 0.100000 0.133333
0 0.151562 0.581250 0.100000 0.133333
0 0.421875 0.318750 0.100000 0.133333
0 0.667188 0.864583 0.100000 0.133333
0 0.621875 0.643750 0.100000 0.133333
0 0.314063 0.756250 0.100000 0.133333
0 0.551562 0.452083 0.100000 0.133333
0 0.620313 0.100000 0.100000 0.133333
0 0.303125 0.227083 0.100000 0.133333
0 0.665625 0.568750 0.100000 0.133333
0 0.807813 0.870833 0.100000 0.133333
0 0.626563 0.141667 0.100000 0.133333
0 0.268750 0.733333 0.100000 0.133333
0 0.279687 0.556250 0.100000 0.133333
0 0.646875 0.564583 0.100000 0.133333
0 0.420312 0.875000 0.100000 0.133333
0 0.321875 0.516667 0.100000 0.133333
0 0.418750 0.422917 0.100000 0.133333
0 0.585938 0.702083 0.100000 0.133333
0 0.817187 0.745833 0.100000 0.133333
0 0.862500 0.402083 0.100000 0.133333
0 0.878125 0.812500 0.100000 0.133333
0 0.759375 0.458333 0.100000 0.133333
0 0.242188 0.875000 0.100000 0.133333
0 0.148438 0.545833 0.100000 0.133333
0 0.189062 0.331250 0.100000 0.133333
0 0.217188 0.216667 0.100000 0.133333
0 0.445312 0.812500 0.100000 0.133333
0 0.667188 0.487500 0.100000 0.133333
0 0.479687 0.522917 0.100000 0.133333
0 0.839063 0.791667 0.100000 0.133333
0 0.354687 0.152083 0.100000 0.133333
0 0.145313 0.087500 0.100000 0.133333
0 0.715625 0.293750 0.100000 0.133333
0 0.548438 0.739583 0.100000 0.133333
0 0.434375 0.377083 0.100000 0.133333
0 0.117188 0.160417 0.100000 0.133333
0 0.282813 0.404167 0.100000 0.133333
0 0.703125 0.785417 0.100000 0.133333
0 0.843750 0.156250 0.100000 0.133333
0 0.156250 0.785417 0.100000 0.133333
0 0.867188 0.797917 0.100000 0.133333
0 0.739062 0.614583 0.100000 0.133333
0 0.759375 0.116667 0.100000 0.133333
0 0.253125 0.793750 0.100000 0.133333
0 0.239063 0.739583 0.100000 0.133333
0 0.790625 0.547917 0.100000 0.133333
0 0.560937 0.389583 0.100000 0.133333
0 0.646875 0.670833 0.100000 0.133333
0 0.559375 0.875000 0.100000 0.133333
0 0.792188 0.437500 0.100000 0.133333
0 0.156250 0.343750 0.100000 0.133333
0 0.253125 0.533333 0.100000 0.133333
0 0.275000 0.077083 0.100000 0.133333
0 0.135937 0.162500 0.100000 0.133333
0 0.353125 0.835417 0.100000 0.133333
0 0.609375 0.722917 0.100000 0.133333
0 0.742188 0.293750 0.100000 0.133333
0 0.843750 0.310417 0.100000 0.133333
0 0.568750 0.856250 0.100000 0.133333
0 0.204687 0.431250 0.100000 0.133333
0 0.781250 0.229167 0.100000 0.133333
0 0.620313 0.783333 0.100000 0.133333
0 0.445312 0.245833 0.100000 0.133333
0 0.301563 0.420833 0.100000 0.133333
0 0.242188 0.622917 0.100000 0.133333
0 0.539062 0.758333 0.100000 0.133333
0 0.604688 0.212500 0.100000 0.133333
0 0.243750 0.858333 0.100000 0.133333
0 0.518750 0.350000 0.100000 0.133333
0 0.390625 0.222917 0.100000 0.133333
0 0.487500 0.822917 0.100000 0.133333
0 0.265625 0.164583 0.100000 0.133333
0 0.812500 0.697917 0.100000 0.133333
0 0.410938 0.812500 0.100000 0.133333
0 0.275000 0.679167 0.100000 0.133333
0 0.406250 0.552083 0.100000 0.133333
0 0.220312 0.787500 0.100000 0.133333
0 0.492188 0.464583 0.100000 0.133333
0 0.882812 0.170833 0.100000 0.133333
0 0.398438 0.091667 0.100000 0.133333
0 0.159375 0.552083 0.100000 0.133333
0 0.585938 0.108333 0.100000 0.133333
0 0.485938 0.529167 0.100000 0.133333
0 0.600000 0.579167 0.100000 0.133333
0 0.267188 0.147917 0.100000 0.133333
0 0.507812 0.720833 0.100000 0.133333
0 0.771875 0.187500 0.100000 0.133333
0 0.120313 0.847917 0.100000 0.133333
0 0.454688 0.572917 0.100000 0.133333
0 0.293750 0.547917 0.100000 0.133333
0 0.439063 0.781250 0.100000 0.133333
0 0.789062 0.566667 0.100000 0.133333
0 0.729688 0.445833 0.100000 0.133333
0 0.687500 0.250000 0.100000 0.133333
0 0.289062 0.520833 0.100000 0.133333
0 0.346875 0.852083 0.100000 0.133333
0 0.778125 0.483333 0.100000 0.133333
0 0.496875 0.639583 0.100000 0.133333
0 0.671875 0.593750 0.100000 0.133333
0 0.864062 0.670833 0.100000 0.133333
0 0.148438 0.164583 0.100000 0.133333
0 0.167187 0.425000 0.100000 0.133333
0 0.493750 0.639583 0.100000 0.133333
0 0.620313 0.097917 0.100000 0.133333
0 0.218750 0.579167 0.100000 0.133333
0 0.125000 0.181250 0.100000 0.133333
0 0.276562 0.358333 0.100000 0.133333
0 0.468750 0.310417 0.100000 0.133333
0 0.265625 0.214583 0.100000 0.133333
0 0.195312 0.093750 0.100000 0.133333
0 0.843750 0.593750 0.100000 0.133333
0 0.467187 0.852083 0.100000 0.133333
0 0.532813 0.616667 0.100000 0.133333
0 0.573438 0.627083 0.100000 0.133333
0 0.200000 0.762500 0.100000 0.133333
0 0.700000 0.645833 0.100000 0.133333
0 0.601562 0.425000 0.100000 0.133333
0 0.470313 0.593750 0.100000 0.133333
0 0.290625 0.252083 0.100000 0.133333
0 0.526563 0.862500 0.100000 0.133333
0 0.381250 0.627083 0.100000 0.133333
0 0.268750 0.818750 0.100000 0.133333
0 0.779687 0.762500 0.100000 0.133333
0 0.665625 0.816667 0.100000 0.133333
0 0.812500 0.502083 0.100000 0.133333
0 0.287500 0.843750 0.100000 0.133333
0 0.246875 0.837500 0.100000 0.133333
0 0.176563 0.545833 0.100000 0.133333
0 0.332813 0.237500 0.100000 0.133333
0 0.814063 0.395833 0.100000 0.133333
0 0.806250 0.452083 0.100000 0.133333
0 0.639062 0.729167 0.100000 0.133333
0 0.578125 0.845833 0.100000 0.133333
0 0.325000 0.493750 0.100000 0.133333
0 0.271875 0.310417 0.100000 0.133333
0 0.250000 0.804167 0.100000 0.133333
0 0.375000 0.508333 0.100000 0.133333
0 0.409375 0.102083 0.100000 0.133333
0 0.671875 0.343750 0.100000 0.133333
0 0.115625 0.410417 0.100000 0.133333
0 0.198437 0.289583 0.100000 0.133333
0 0.609375 0.700000 0.100000 0.133333
0 0.478125 0.110417 0.100000 0.133333
0 0.228125 0.379167 0.100000 0.133333
1 0.218750 0.920833 0.100000 0.133333
1 0.418750 0.479167 0.100000 0.133333
1 0.425000 0.716667 0.100000 0.133333
1 0.423438 0.768750 0.100000 0.133333
1 0.414062 0.433333 0.100000 0.133333
