0 0.353125 0.654167 0.100000 0.133333
0 0.118750 0.833333 0.100000 0.133333
0 0.256250 0.433333 0.100000 0.133333
0 0.145313 0.375000 0.100000 0.133333
0 0.621875 0.645833 0.100000 0.133333
0 0.578125 0.845833 0.100000 0.133333
0 0.771875 0.687500 0.100000 0.133333
0 0.828125 0.189583 0.100000 0.133333
0 0.626563 0.200000 0.100000 0.133333
0 0.323437 0.079167 0.100000 0.133333
0 0.246875 0.712500 0.100000 0.133333
0 0.793750 0.314583 0.100000 0.133333
0 0.507812 0.156250 0.100000 0.133333
0 0.239063 0.241667 0.100000 0.133333
0 0.742188 0.237500 0.100000 0.133333
0 0.882812 0.087500 0.100000 0.133333
0 0.568750 0.512500 0.100000 0.133333
0 0.425000 0.068750 0.100000 0.133333
0 0.200000 0.645833 0.100000 0.133333
0 0.370312 0.718750 0.100000 0.133333
0 0.159375 0.802083 0.100000 0.133333
0 0.632812 0.866667 0.100000 0.133333
0 0.360938 0.270833 0.100000 0.133333
0 0.226562 0.391667 0.100000 0.133333
0 0.734375 0.604167 0.100000 0.133333
0 0.707812 0.166667 0.100000 0.133333
0 0.485938 0.808333 0.100000 0.133333
0 0.500000 0.597917 0.100000 0.133333
0 0.687500 0.425000 0.100000 0.133333
0 0.107813 0.200000 0.100000 0.133333
0 0.878125 0.631250 0.100000 0.133333
0 0.437500 0.443750 0.100000 0.133333
0 0.362500 0.752083 0.100000 0.133333
0 0.117188 0.433333 0.100000 0.133333
0 0.789062 0.743750 0.100000 0.133333
0 0.735938 0.135417 0.100000 0.133333
0 0.225000 0.531250 0.100000 0.133333
0 0.862500 0.414583 0.100000 0.133333
0 0.775000 0.485417 0.100000 0.133333
0 0.431250 0.577083 0.100000 0.133333
0 0.639062 0.637500 0.100000 0.133333
0 0.596875 0.654167 0.100000 0.133333
0 0.845313 0.087500 0.100000 0.133333
0 0.823438 0.872917 0.100000 0.133333
0 0.535937 0.652083 0.100000 0.133333
0 0.210938 0.868750 0.100000 0.133333
0 0.815625 0.525000 0.100000 0.133333
0 0.812500 0.350000 0.100000 0.133333
0 0.662500 0.250000 0.100000 0.133333
0 0.568750 0.435417 0.100000 0.133333
0 0.751563 0.381250 0.100000 0.133333
0 0.451562 0.756250 0.100000 0.133333
0 0.620313 0.629167 0.100000 0.133333
0 0.621875 0.075000 0.100000 0.133333
0 0.331250 0.166667 0.100000 0.133333
0 0.481250 0.845833 0.100000 0.133333
0 0.800000 0.097917 0.100000 0.133333
0 0.479687 0.454167 0.100000 0.133333
0 0.453125 0.150000 0.100000 0.133333
0 0.585938 0.189583 0.100000 0.133333
0 0.779687 0.454167 0.100000 0.133333
0 0.612500 0.414583 0.100000 0.133333
0 0.607812 0.504167 0.100000 0.133333
0 0.735938 0.650000 0.100000 0.133333
0 0.875000 0.327083 0.100000 0.133333
0 0.250000 0.343750 0.100000 0.133333
0 0.395313 0.816667 0.100000 0.133333
0 0.564063 0.333333 0.100000 0.133333
0 0.334375 0.362500 0.100000 0.133333
0 0.434375 0.704167 0.100000 0.133333
0 0.384375 0.712500 0.100000 0.133333
0 0.193750 0.883333 0.100000 0.133333
0 0.895312 0.327083 0.100000 0.133333
0 0.589063 0.614583 0.100000 0.133333
0 0.351562 0.368750 0.100000 0.133333
0 0.526563 0.437500 0.100000 0.133333
0 0.262500 0.652083 0.100000 0.133333
0 0.248438 0.710417 0.100000 0.133333
0 0.779687 0.625000 0.100000 0.133333
0 0.276562 0.566667 0.100000 0.133333
0 0.210938 0.679167 0.100000 0.133333
0 0.314063 0.304167 0.100000 0.133333
0 0.845313 0.652083 0.100000 0.133333
0 0.646875 0.150000 0.100000 0.133333
0 0.764062 0.887500 0.100000 0.133333
0 0.606250 0.177083 0.100000 0.133333
0 0.809375 0.162500 0.100000 0.133333
0 0.478125 0.281250 0.100000 0.133333
0 0.367188 0.175000 0.100000 0.133333
0 0.715625 0.687500 0.100000 0.133333
0 0.306250 0.887500 0.100000 0.133333
0 0.753125 0.768750 0.100000 0.133333
0 0.520312 0.789583 0.100000 0.133333
0 0.110937 0.145833 0.100000 0.133333
0 0.487500 0.231250 0.100000 0.133333
0 0.689063 0.220833 0.100000 0.133333
0 0.767188 0.868750 0.100000 0.133333
0 0.520312 0.712500 0.100000 0.133333
0 0.168750 0.245833 0.100000 0.133333
0 0.660937 0.397917 0.100000 0.133333
0 0.259375 0.208333 0.100000 0.133333
0 0.153125 0.241667 0.100000 0.133333
0 0.104688 0.187500 0.100000 0.133333
0 0.487500 0.675000 0.100000 0.133333
0 0.723437 0.514583 0.100000 0.133333
0 0.893750 0.133333 0.100000 0.133333
0 0.612500 0.795833 0.100000 0.133333
0 0.375000 0.700000 0.100000 0.133333
0 0.831250 0.614583 0.100000 0.133333
0 0.106250 0.377083 0.100000 0.133333
0 0.882812 0.160417 0.100000 0.133333
0 0.107813 0.397917 0.100000 0.133333
0 0.248438 0.581250 0.100000 0.133333
0 0.612500 0.643750 0.100000 0.133333
0 0.432812 0.158333 0.100000 0.133333
0 0.251563 0.337500 0.100000 0.133333
0 0.256250 0.725000 0.100000 0.133333
0 0.379688 0.297917 0.100000 0.133333
0 0.746875 0.683333 0.100000 0.133333
0 0.187500 0.585417 0.100000 0.133333
0 0.300000 0.789583 0.100000 0.133333
0 0.728125 0.845833 0.100000 0.133333
0 0.209375 0.812500 0.100000 0.133333
0 0.278125 0.664583 0.100000 0.133333
0 0.695312 0.497917 0.100000 0.133333
0 0.648438 0.691667 0.100000 0.133333
0 0.465625 0.537500 0.100000 0.133333
0 0.243750 0.731250 0.100000 0.133333
0 0.509375 0.477083 0.100000 0.133333
0 0.498437 0.777083 0.100000 0.133333
0 0.206250 0.789583 0.100000 0.133333
0 0.182812 0.135417 0.100000 0.133333
0 0.454688 0.243750 0.100000 0.133333
0 0.620313 0.229167 0.100000 0.133333
0 0.514062 0.356250 0.100000 0.133333
0 0.425000 0.389583 0.100000 0.133333
0 0.407813 0.566667 0.100000 0.133333
0 0.190625 0.645833 0.100000 0.133333
0 0.462500 0.304167 0.100000 0.133333
0 0.375000 0.106250 0.100000 0.133333
0 0.303125 0.358333 0.100000 0.133333
0 0.828125 0.689583 0.100000 0.133333
0 0.245312 0.375000 0.100000 0.133333
0 0.326562 0.516667 0.100000 0.133333
0 0.870313 0.454167 0.100000 0.133333
0 0.512500 0.154167 0.100000 0.133333
0 0.435937 0.391667 0.100000 0.133333
0 0.271875 0.714583 0.100000 0.133333
0 0.681250 0.229167 0.100000 0.133333
0 0.523438 0.304167 0.100000 0.133333
1 0.460938 0.804167 0.100000 0.133333
1 0.390625 0.891667 0.100000 0.133333
1 0.854688 0.356250 0.100000 0.133333
1 0.146875 0.447917 0.100000 0.133333
1 0.573438 0.414583 0.100000 0.133333
