0 0.723437 0.687500 0.100000 0.133333
0 0.265625 0.772917 0.100000 0.133333
0 0.859375 0.864583 0.100000 0.133333
0 0.139063 0.518750 0.100000 0.133333
0 0.765625 0.416667 0.100000 0.133333
0 0.346875 0.189583 0.100000 0.133333
0 0.412500 0.708333 0.100000 0.133333
0 0.359375 0.108333 0.100000 0.133333
0 0.840625 0.079167 0.100000 0.133333
0 0.423438 0.166667 0.100000 0.133333
0 0.770312 0.545833 0.100000 0.133333
0 0.650000 0.243750 0.100000 0.133333
0 0.512500 0.639583 0.100000 0.133333
0 0.701562 0.345833 0.100000 0.133333
0 0.404687 0.662500 0.100000 0.133333
0 0.173437 0.495833 0.100000 0.133333
0 0.114062 0.710417 0.100000 0.133333
0 0.493750 0.560417 0.100000 0.133333
0 0.243750 0.720833 0.100000 0.133333
0 0.785937 0.622917 0.100000 0.133333
0 0.876563 0.270833 0.100000 0.133333
0 0.765625 0.329167 0.100000 0.133333
0 0.507812 0.270833 0.100000 0.133333
0 0.823438 0.083333 0.100000 0.133333
0 0.315625 0.412500 0.100000 0.133333
0 0.506250 0.558333 0.100000 0.133333
0 0.300000 0.522917 0.100000 0.133333
0 0.270313 0.660417 0.100000 0.133333
0 0.298438 0.252083 0.100000 0.133333
0 0.303125 0.731250 0.100000 0.133333
0 0.139063 0.810417 0.100000 0.133333
0 0.509375 0.106250 0.100000 0.133333
0 0.140625 0.087500 0.100000 0.133333
0 0.854688 0.785417 0.100000 0.133333
0 0.862500 0.172917 0.100000 0.133333
0 0.373437 0.777083 0.100000 0.133333
0 0.415625 0.297917 0.100000 0.133333
0 0.531250 0.581250 0.100000 0.133333
0 0.600000 0.172917 0.100000 0.133333
0 0.392188 0.160417 0.100000 0.133333
0 0.881250 0.297917 0.100000 0.133333
0 0.243750 0.291667 0.100000 0.133333
0 0.348438 0.568750 0.100000 0.133333
0 0.832812 0.710417 0.100000 0.133333
0 0.342187 0.468750 0.100000 0.133333
0 0.435937 0.081250 0.100000 0.133333
0 0.817187 0.589583 0.100000 0.133333
0 0.562500 0.400000 0.100000 0.133333
0 0.882812 0.483333 0.100000 0.133333
0 0.106250 0.677083 0.100000 0.133333
0 0.445312 0.589583 0.100000 0.133333
0 0.542188 0.631250 0.100000 0.133333
0 0.400000 0.814583 0.100000 0.133333
0 0.214062 0.283333 0.100000 0.133333
0 0.173437 0.168750 0.100000 0.133333
0 0.692187 0.070833 0.100000 0.133333
0 0.454688 0.325000 0.100000 0.133333
0 0.732812 0.483333 0.100000 0.133333
0 0.685937 0.877083 0.100000 0.133333
0 0.684375 0.208333 0.100000 0.133333
0 0.254688 0.618750 0.100000 0.133333
0 0.515625 0.547917 0.100000 0.133333
0 0.268750 0.775000 0.100000 0.133333
0 0.440625 0.372917 0.100000 0.133333
0 0.539062 0.631250 0.100000 0.133333
0 0.440625 0.647917 0.100000 0.133333
0 0.565625 0.191667 0.100000 0.133333
0 0.235937 0.541667 0.100000 0.133333
0 0.514062 0.133333 0.100000 0.133333
0 0.770312 0.475000 0.100000 0.133333
0 0.681250 0.531250 0.100000 0.133333
0 0.745313 0.262500 0.100000 0.133333
0 0.535937 0.772917 0.100000 0.133333
0 0.328125 0.181250 0.100000 0.133333
0 0.193750 0.889583 0.100000 0.133333
0 0.378125 0.185417 0.100000 0.133333
0 0.778125 0.441667 0.100000 0.133333
0 0.839063 0.133333 0.100000 0.133333
0 0.587500 0.447917 0.100000 0.133333
0 0.254688 0.185417 0.100000 0.133333
0 0.751563 0.133333 0.100000 0.133333
0 0.839063 0.075000 0.100000 0.133333
0 0.503125 0.110417 0.100000 0.133333
0 0.803125 0.800000 0.100000 0.133333
0 0.832812 0.864583 0.100000 0.133333
0 0.762500 0.854167 0.100000 0.133333
0 0.356250 0.187500 0.100000 0.133333
0 0.262500 0.093750 0.100000 0.133333
0 0.350000 0.564583 0.100000 0.133333
0 0.598437 0.516667 0.100000 0.133333
0 0.196875 0.445833 0.100000 0.133333
0 0.546875 0.264583 0.100000 0.133333
0 0.201563 0.535417 0.100000 0.133333
0 0.465625 0.637500 0.100000 0.133333
0 0.576562 0.468750 0.100000 0.133333
0 0.778125 0.416667 0.100000 0.133333
0 0.326562 0.739583 0.100000 0.133333
0 0.200000 0.816667 0.100000 0.133333
0 0.187500 0.129167 0.100000 0.133333
0 0.392188 0.089583 0.100000 0.133333
0 0.553125 0.764583 0.100000 0.133333
0 0.881250 0.195833 0.100000 0.133333
0 0.404687 0.247917 0.100000 0.133333
0 0.703125 0.664583 0.100000 0.133333
0 0.190625 0.164583 0.100000 0.133333
0 0.351562 0.418750 0.100000 0.133333
0 0.701562 0.200000 0.100000 0.133333
0 0.393750 0.079167 0.100000 0.133333
0 0.450000 0.262500 0.100000 0.133333
0 0.504687 0.681250 0.100000 0.133333
0 0.120313 0.220833 0.100000 0.133333
0 0.542188 0.725000 0.100000 0.133333
0 0.401562 0.335417 0.100000 0.133333
0 0.323437 0.618750 0.100000 0.133333
0 0.692187 0.658333 0.100000 0.133333
0 0.217188 0.685417 0.100000 0.133333
0 0.767188 0.291667 0.100000 0.133333
0 0.628125 0.172917 0.100000 0.133333
0 0.578125 0.570833 0.100000 0.133333
0 0.882812 0.447917 0.100000 0.133333
0 0.546875 0.381250 0.100000 0.133333
0 0.721875 0.093750 0.100000 0.133333
0 0.632812 0.820833 0.100000 0.133333
0 0.548438 0.100000 0.100000 0.133333
0 0.190625 0.414583 0.100000 0.133333
0 0.781250 0.568750 0.100000 0.133333
0 0.675000 0.270833 0.100000 0.133333
0 0.439063 0.091667 0.100000 0.133333
0 0.439063 0.758333 0.100000 0.133333
0 0.587500 0.675000 0.100000 0.133333
0 0.293750 0.747917 0.100000 0.133333
0 0.314063 0.722917 0.100000 0.133333
0 0.264062 0.097917 0.100000 0.133333
0 0.771875 0.179167 0.100000 0.133333
0 0.351562 0.589583 0.100000 0.133333
0 0.459375 0.589583 0.100000 0.133333
0 0.634375 0.302083 0.100000 0.133333
0 0.529687 0.327083 0.100000 0.133333
0 0.270313 0.116667 0.100000 0.133333
0 0.681250 0.347917 0.100000 0.133333
0 0.775000 0.468750 0.100000 0.133333
0 0.473438 0.797917 0.100000 0.133333
0 0.435937 0.743750 0.100000 0.133333
0 0.214062 0.160417 0.100000 0.133333
0 0.528125 0.581250 0.100000 0.133333
0 0.893750 0.258333 0.100000 0.133333
0 0.285938 0.352083 0.100000 0.133333
0 0.690625 0.447917 0.100000 0.133333
0 0.328125 0.270833 0.100000 0.133333
0 0.728125 0.356250 0.100000 0.133333
1 0.495312 0.314583 0.100000 0.133333
1 0.592187 0.520833 0.100000 0.133333
1 0.545312 0.483333 0.100000 0.133333
1 0.173437 0.825000 0.100000 0.133333
1 0.593750 0.147917 0.100000 0.133333
