0 0.103125 0.402083 0.100000 0.133333
0 0.253125 0.272917 0.100000 0.133333
0 0.703125 0.168750 0.100000 0.133333
0 0.479687 0.541667 0.100000 0.133333
0 0.314063 0.804167 0.100000 0.133333
0 0.254688 0.558333 0.100000 0.133333
0 0.745313 0.845833 0.100000 0.133333
0 0.281250 0.810417 0.100000 0.133333
0 0.754687 0.664583 0.100000 0.133333
0 0.428125 0.072917 0.100000 0.133333
0 0.264062 0.339583 0.100000 0.133333
0 0.384375 0.468750 0.100000 0.133333
0 0.640625 0.216667 0.100000 0.133333
0 0.445312 0.287500 0.100000 0.133333
0 0.428125 0.427083 0.100000 0.133333
0 0.251563 0.829167 0.100000 0.133333
0 0.531250 0.891667 0.100000 0.133333
0 0.212500 0.529167 0.100000 0.133333
0 0.117188 0.068750 0.100000 0.133333
0 0.726562 0.477083 0.100000 0.133333
0 0.215625 0.506250 0.100000 0.133333
0 0.348438 0.827083 0.100000 0.133333
0 0.473438 0.358333 0.100000 0.133333
0 0.229687 0.231250 0.100000 0.133333
0 0.487500 0.622917 0.100000 0.133333
0 0.281250 0.114583 0.100000 0.133333
0 0.545312 0.170833 0.100000 0.133333
0 0.589063 0.747917 0.100000 0.133333
0 0.540625 0.752083 0.100000 0.133333
0 0.832812 0.750000 0.100000 0.133333
0 0.839063 0.487500 0.100000 0.133333
0 0.820312 0.762500 0.100000 0.133333
0 0.875000 0.483333 0.100000 0.133333
0 0.156250 0.872917 0.100000 0.133333
0 0.710938 0.216667 0.100000 0.133333
0 0.442188 0.806250 0.100000 0.133333
0 0.587500 0.793750 0.100000 0.133333
0 0.134375 0.312500 0.100000 0.133333
0 0.148438 0.347917 0.100000 0.133333
0 0.418750 0.620833 0.100000 0.133333
0 0.675000 0.835417 0.100000 0.133333
0 0.462500 0.485417 0.100000 0.133333
0 0.728125 0.862500 0.100000 0.133333
0 0.407813 0.258333 0.100000 0.133333
0 0.828125 0.756250 0.100000 0.133333
0 0.101562 0.220833 0.100000 0.133333
0 0.346875 0.227083 0.100000 0.133333
0 0.487500 0.887500 0.100000 0.133333
0 0.345313 0.881250 0.100000 0.133333
0 0.150000 0.325000 0.100000 0.133333
0 0.550000 0.352083 0.100000 0.133333
0 0.718750 0.325000 0.100000 0.133333
0 0.153125 0.706250 0.100000 0.133333
0 0.312500 0.737500 0.100000 0.133333
0 0.128125 0.570833 0.100000 0.133333
0 0.750000 0.366667 0.100000 0.133333
0 0.421875 0.158333 0.100000 0.133333
0 0.420312 0.845833 0.100000 0.133333
0 0.529687 0.275000 0.100000 0.133333
0 0.581250 0.281250 0.100000 0.133333
0 0.882812 0.512500 0.100000 0.133333
0 0.342187 0.672917 0.100000 0.133333
0 0.246875 0.747917 0.100000 0.133333
0 0.871875 0.464583 0.100000 0.133333
0 0.815625 0.241667 0.100000 0.133333
0 0.612500 0.864583 0.100000 0.133333
0 0.735938 0.466667 0.100000 0.133333
0 0.626563 0.439583 0.100000 0.133333
0 0.315625 0.639583 0.100000 0.133333
0 0.776563 0.600000 0.100000 0.133333
0 0.409375 0.762500 0.100000 0.133333
0 0.489063 0.575000 0.100000 0.133333
0 0.487500 0.350000 0.100000 0.133333
0 0.581250 0.262500 0.100000 0.133333
0 0.479687 0.183333 0.100000 0.133333
0 0.201563 0.550000 0.100000 0.133333
0 0.251563 0.139583 0.100000 0.133333
0 0.207813 0.304167 0.100000 0.133333
0 0.432812 0.275000 0.100000 0.133333
0 0.365625 0.300000 0.100000 0.133333
0 0.320312 0.168750 0.100000 0.133333
0 0.298438 0.187500 0.100000 0.133333
0 0.504687 0.137500 0.100000 0.133333
0 0.595313 0.743750 0.100000 0.133333
0 0.425000 0.075000 0.100000 0.133333
0 0.229687 0.510417 0.100000 0.133333
0 0.760938 0.825000 0.100000 0.133333
0 0.382812 0.304167 0.100000 0.133333
0 0.725000 0.560417 0.100000 0.133333
0 0.650000 0.589583 0.100000 0.133333
0 0.117188 0.360417 0.100000 0.133333
0 0.107813 0.197917 0.100000 0.133333
0 0.526563 0.666667 0.100000 0.133333
0 0.250000 0.287500 0.100000 0.133333
0 0.876563 0.497917 0.100000 0.133333
0 0.182812 0.556250 0.100000 0.133333
0 0.368750 0.095833 0.100000 0.133333
0 0.362500 0.762500 0.100000 0.133333
0 0.443750 0.181250 0.100000 0.133333
0 0.432812 0.562500 0.100000 0.133333
0 0.757812 0.406250 0.100000 0.133333
0 0.242188 0.114583 0.100000 0.133333
0 0.378125 0.143750 0.100000 0.133333
0 0.218750 0.222917 0.100000 0.133333
0 0.142187 0.285417 0.100000 0.133333
0 0.596875 0.558333 0.100000 0.133333
0 0.328125 0.085417 0.100000 0.133333
0 0.240625 0.258333 0.100000 0.133333
0 0.735938 0.877083 0.100000 0.133333
0 0.615625 0.460417 0.100000 0.133333
0 0.325000 0.239583 0.100000 0.133333
0 0.375000 0.227083 0.100000 0.133333
0 0.735938 0.525000 0.100000 0.133333
0 0.781250 0.414583 0.100000 0.133333
0 0.350000 0.662500 0.100000 0.133333
0 0.503125 0.704167 0.100000 0.133333
0 0.657813 0.185417 0.100000 0.133333
0 0.617188 0.595833 0.100000 0.133333
0 0.179688 0.466667 0.100000 0.133333
0 0.835938 0.535417 0.100000 0.133333
0 0.467187 0.108333 0.100000 0.133333
0 0.692187 0.120833 0.100000 0.133333
0 0.167187 0.327083 0.100000 0.133333
0 0.715625 0.614583 0.100000 0.133333
0 0.246875 0.400000 0.100000 0.133333
0 0.695312 0.464583 0.100000 0.133333
0 0.192188 0.481250 0.100000 0.133333
0 0.454688 0.462500 0.100000 0.133333
0 0.595313 0.597917 0.100000 0.133333
0 0.509375 0.068750 0.100000 0.133333
0 0.132812 0.593750 0.100000 0.133333
0 0.868750 0.675000 0.100000 0.133333
0 0.278125 0.070833 0.100000 0.133333
0 0.618750 0.545833 0.100000 0.133333
0 0.532813 0.618750 0.100000 0.133333
0 0.279687 0.577083 0.100000 0.133333
0 0.865625 0.685417 0.100000 0.133333
0 0.334375 0.827083 0.100000 0.133333
0 0.240625 0.110417 0.100000 0.133333
0 0.212500 0.802083 0.100000 0.133333
0 0.612500 0.285417 0.100000 0.133333
0 0.246875 0.864583 0.100000 0.133333
0 0.442188 0.781250 0.100000 0.133333
0 0.675000 0.383333 0.100000 0.133333
0 0.204687 0.233333 0.100000 0.133333
0 0.607812 0.835417 0.100000 0.133333
0 0.737500 0.570833 0.100000 0.133333
0 0.298438 0.089583 0.100000 0.133333
0 0.848437 0.531250 0.100000 0.133333
0 0.839063 0.154167 0.100000 0.133333
1 0.396875 0.281250 0.100000 0.133333
1 0.139063 0.897917 0.100000 0.133333
1 0.854688 0.664583 0.100000 0.133333
1 0.087500 0.502083 0.100000 0.133333
1 0.860938 0.714583 0.100000 0.133333
