0 0.601562 0.235417 0.100000 0.133333
0 0.196875 0.758333 0.100000 0.133333
0 0.870313 0.877083 0.100000 0.133333
0 0.845313 0.641667 0.100000 0.133333
0 0.740625 0.820833 0.100000 0.133333
0 0.606250 0.447917 0.100000 0.133333
0 0.568750 0.783333 0.100000 0.133333
0 0.537500 0.652083 0.100000 0.133333
0 0.664062 0.125000 0.100000 0.133333
0 0.606250 0.527083 0.100000 0.133333
0 0.220312 0.727083 0.100000 0.133333
0 0.307812 0.385417 0.100000 0.133333
0 0.873437 0.254167 0.100000 0.133333
0 0.371875 0.210417 0.100000 0.133333
0 0.428125 0.752083 0.100000 0.133333
0 0.360938 0.733333 0.100000 0.133333
0 0.846875 0.331250 0.100000 0.133333
0 0.520312 0.718750 0.100000 0.133333
0 0.529687 0.166667 0.100000 0.133333
0 0.348438 0.687500 0.100000 0.133333
0 0.148438 0.770833 0.100000 0.133333
0 0.282813 0.652083 0.100000 0.133333
0 0.832812 0.620833 0.100000 0.133333
0 0.823438 0.133333 0.100000 0.133333
0 0.865625 0.633333 0.100000 0.133333
0 0.125000 0.166667 0.100000 0.133333
0 0.210938 0.593750 0.100000 0.133333
0 0.135937 0.570833 0.100000 0.133333
0 0.876563 0.543750 0.100000 0.133333
0 0.240625 0.210417 0.100000 0.133333
0 0.698438 0.379167 0.100000 0.133333
0 0.198437 0.650000 0.100000 0.133333
0 0.793750 0.087500 0.100000 0.133333
0 0.454688 0.758333 0.100000 0.133333
0 0.240625 0.310417 0.100000 0.133333
0 0.539062 0.793750 0.100000 0.133333
0 0.165625 0.125000 0.100000 0.133333
0 0.210938 0.383333 0.100000 0.133333
0 0.784375 0.647917 0.100000 0.133333
0 0.537500 0.177083 0.100000 0.133333
0 0.825000 0.277083 0.100000 0.133333
0 0.795312 0.643750 0.100000 0.133333
0 0.407813 0.206250 0.100000 0.133333
0 0.157812 0.554167 0.100000 0.133333
0 0.273438 0.343750 0.100000 0.133333
0 0.642188 0.777083 0.100000 0.133333
0 0.621875 0.160417 0.100000 0.133333
0 0.160938 0.404167 0.100000 0.133333
0 0.321875 0.418750 0.100000 0.133333
0 0.304688 0.768750 0.100000 0.133333
0 0.546875 0.787500 0.100000 0.133333
0 0.806250 0.885417 0.100000 0.133333
0 0.779687 0.535417 0.100000 0.133333
0 0.857812 0.502083 0.100000 0.133333
0 0.679688 0.793750 0.100000 0.133333
0 0.368750 0.247917 0.100000 0.133333
0 0.289062 0.295833 0.100000 0.133333
0 0.753125 0.483333 0.100000 0.133333
0 0.145313 0.287500 0.100000 0.133333
0 0.795312 0.295833 0.100000 0.133333
0 0.810937 0.322917 0.100000 0.133333
0 0.670312 0.810417 0.100000 0.133333
0 0.673438 0.231250 0.100000 0.133333
0 0.840625 0.341667 0.100000 0.133333
0 0.368750 0.756250 0.100000 0.133333
0 0.670312 0.604167 0.100000 0.133333
0 0.801562 0.152083 0.100000 0.133333
0 0.335938 0.227083 0.100000 0.133333
0 0.759375 0.643750 0.100000 0.133333
0 0.643750 0.445833 0.100000 0.133333
0 0.595313 0.818750 0.100000 0.133333
0 0.842187 0.260417 0.100000 0.133333
0 0.443750 0.275000 0.100000 0.133333
0 0.860938 0.558333 0.100000 0.133333
0 0.734375 0.454167 0.100000 0.133333
0 0.234375 0.585417 0.100000 0.133333
0 0.618750 0.612500 0.100000 0.133333
0 0.754687 0.235417 0.100000 0.133333
0 0.553125 0.710417 0.100000 0.133333
0 0.487500 0.412500 0.100000 0.133333
0 0.729688 0.770833 0.100000 0.133333
0 0.865625 0.218750 0.100000 0.133333
0 0.276562 0.218750 0.100000 0.133333
0 0.703125 0.483333 0.100000 0.133333
0 0.375000 0.531250 0.100000 0.133333
0 0.854688 0.108333 0.100000 0.133333
0 0.870313 0.550000 0.100000 0.133333
0 0.835938 0.829167 0.100000 0.133333
0 0.870313 0.089583 0.100000 0.133333
0 0.803125 0.191667 0.100000 0.133333
0 0.143750 0.493750 0.100000 0.133333
0 0.396875 0.881250 0.100000 0.133333
0 0.793750 0.493750 0.100000 0.133333
0 0.551562 0.364583 0.100000 0.133333
0 0.814063 0.395833 0.100000 0.133333
0 0.289062 0.154167 0.100000 0.133333
0 0.865625 0.168750 0.100000 0.133333
0 0.582812 0.433333 0.100000 0.133333
0 0.893750 0.572917 0.100000 0.133333
0 0.792188 0.285417 0.100000 0.133333
0 0.295312 0.593750 0.100000 0.133333
0 0.275000 0.877083 0.100000 0.133333
0 0.526563 0.216667 0.100000 0.133333
0 0.521875 0.847917 0.100000 0.133333
0 0.582812 0.170833 0.100000 0.133333
0 0.345313 0.731250 0.100000 0.133333
0 0.435937 0.364583 0.100000 0.133333
0 0.235937 0.708333 0.100000 0.133333
0 0.445312 0.377083 0.100000 0.133333
0 0.234375 0.260417 0.100000 0.133333
0 0.684375 0.629167 0.100000 0.133333
0 0.154688 0.591667 0.100000 0.133333
0 0.285938 0.827083 0.100000 0.133333
0 0.226562 0.597917 0.100000 0.133333
0 0.748437 0.725000 0.100000 0.133333
0 0.404687 0.591667 0.100000 0.133333
0 0.200000 0.802083 0.100000 0.133333
0 0.785937 0.120833 0.100000 0.133333
0 0.879687 0.356250 0.100000 0.133333
0 0.478125 0.254167 0.100000 0.133333
0 0.103125 0.420833 0.100000 0.133333
0 0.214062 0.350000 0.100000 0.133333
0 0.825000 0.777083 0.100000 0.133333
0 0.360938 0.860417 0.100000 0.133333
0 0.821875 0.450000 0.100000 0.133333
0 0.468750 0.768750 0.100000 0.133333
0 0.314063 0.766667 0.100000 0.133333
0 0.515625 0.881250 0.100000 0.133333
0 0.370312 0.843750 0.100000 0.133333
0 0.798438 0.129167 0.100000 0.133333
0 0.623437 0.589583 0.100000 0.133333
0 0.812500 0.310417 0.100000 0.133333
0 0.431250 0.741667 0.100000 0.133333
0 0.376563 0.277083 0.100000 0.133333
0 0.181250 0.491667 0.100000 0.133333
0 0.690625 0.510417 0.100000 0.133333
0 0.750000 0.833333 0.100000 0.133333
0 0.693750 0.789583 0.100000 0.133333
0 0.598437 0.235417 0.100000 0.133333
0 0.606250 0.270833 0.100000 0.133333
0 0.143750 0.220833 0.100000 0.133333
0 0.617188 0.814583 0.100000 0.133333
0 0.210938 0.164583 0.100000 0.133333
0 0.628125 0.293750 0.100000 0.133333
0 0.787500 0.235417 0.100000 0.133333
0 0.465625 0.847917 0.100000 0.133333
0 0.709375 0.841667 0.100000 0.133333
0 0.512500 0.447917 0.100000 0.133333
0 0.451562 0.256250 0.100000 0.133333
0 0.604688 0.625000 0.100000 0.133333
1 0.212500 0.489583 0.100000 0.133333
1 0.437500 0.372917 0.100000 0.133333
1 0.448437 0.206250 0.100000 0.133333
1 0.678125 0.129167 0.100000 0.133333
1 0.607812 0.379167 0.100000 0.133333
