0 0.618750 0.525000 0.100000 0.133333
0 0.239063 0.745833 0.100000 0.133333
0 0.276562 0.325000 0.100000 0.133333
0 0.221875 0.829167 0.100000 0.133333
0 0.310937 0.810417 0.100000 0.133333
0 0.478125 0.602083 0.100000 0.133333
0 0.351562 0.100000 0.100000 0.133333
0 0.618750 0.662500 0.100000 0.133333
0 0.232813 0.879167 0.100000 0.133333
0 0.764062 0.502083 0.100000 0.133333
0 0.245312 0.439583 0.100000 0.133333
0 0.442188 0.564583 0.100000 0.133333
0 0.887500 0.508333 0.100000 0.133333
0 0.443750 0.510417 0.100000 0.133333
0 0.328125 0.710417 0.100000 0.133333
0 0.198437 0.372917 0.100000 0.133333
0 0.437500 0.252083 0.100000 0.133333
0 0.753125 0.591667 0.100000 0.133333
0 0.843750 0.083333 0.100000 0.133333
0 0.146875 0.541667 0.100000 0.133333
0 0.571875 0.283333 0.100000 0.133333
0 0.151562 0.512500 0.100000 0.133333
0 0.479687 0.533333 0.100000 0.133333
0 0.503125 0.702083 0.100000 0.133333
0 0.473438 0.212500 0.100000 0.133333
0 0.643750 0.404167 0.100000 0.133333
0 0.748437 0.225000 0.100000 0.133333
0 0.210938 0.658333 0.100000 0.133333
0 0.795312 0.518750 0.100000 0.133333
0 0.123438 0.406250 0.100000 0.133333
0 0.309375 0.875000 0.100000 0.133333
0 0.232813 0.141667 0.100000 0.133333
0 0.509375 0.727083 0.100000 0.133333
0 0.760938 0.452083 0.100000 0.133333
0 0.884375 0.079167 0.100000 0.133333
0 0.895312 0.241667 0.100000 0.133333
0 0.257812 0.518750 0.100000 0.133333
0 0.742188 0.583333 0.100000 0.133333
0 0.429688 0.777083 0.100000 0.133333
0 0.126562 0.793750 0.100000 0.133333
0 0.462500 0.752083 0.100000 0.133333
0 0.660937 0.658333 0.100000 0.133333
0 0.103125 0.429167 0.100000 0.133333
0 0.682813 0.845833 0.100000 0.133333
0 0.495312 0.458333 0.100000 0.133333
0 0.356250 0.147917 0.100000 0.133333
0 0.526563 0.650000 0.100000 0.133333
0 0.460938 0.170833 0.100000 0.133333
0 0.309375 0.864583 0.100000 0.133333
0 0.745313 0.420833 0.100000 0.133333
0 0.700000 0.614583 0.100000 0.133333
0 0.489063 0.143750 0.100000 0.133333
0 0.337500 0.683333 0.100000 0.133333
0 0.782813 0.493750 0.100000 0.133333
0 0.604688 0.739583 0.100000 0.133333
0 0.862500 0.210417 0.100000 0.133333
0 0.142187 0.583333 0.100000 0.133333
0 0.251563 0.770833 0.100000 0.133333
0 0.753125 0.320833 0.100000 0.133333
0 0.684375 0.447917 0.100000 0.133333
0 0.900000 0.204167 0.100000 0.133333
0 0.184375 0.862500 0.100000 0.133333
0 0.301563 0.852083 0.100000 0.133333
0 0.531250 0.600000 0.100000 0.133333
0 0.154688 0.435417 0.100000 0.133333
0 0.531250 0.558333 0.100000 0.133333
0 0.587500 0.397917 0.100000 0.133333
0 0.820312 0.179167 0.100000 0.133333
0 0.229687 0.760417 0.100000 0.133333
0 0.420312 0.693750 0.100000 0.133333
0 0.148438 0.787500 0.100000 0.133333
0 0.678125 0.504167 0.100000 0.133333
0 0.539062 0.670833 0.100000 0.133333
0 0.340625 0.802083 0.100000 0.133333
0 0.685937 0.506250 0.100000 0.133333
0 0.412500 0.445833 0.100000 0.133333
0 0.228125 0.125000 0.100000 0.133333
0 0.118750 0.600000 0.100000 0.133333
0 0.848437 0.256250 0.100000 0.133333
0 0.767188 0.620833 0.100000 0.133333
0 0.375000 0.537500 0.100000 0.133333
0 0.707812 0.458333 0.100000 0.133333
0 0.245312 0.666667 0.100000 0.133333
0 0.375000 0.695833 0.100000 0.133333
0 0.135937 0.152083 0.100000 0.133333
0 0.854688 0.854167 0.100000 0.133333
0 0.640625 0.350000 0.100000 0.133333
0 0.114062 0.504167 0.100000 0.133333
0 0.246875 0.352083 0.100000 0.133333
0 0.142187 0.497917 0.100000 0.133333
0 0.142187 0.777083 0.100000 0.133333
0 0.770312 0.077083 0.100000 0.133333
0 0.837500 0.562500 0.100000 0.133333
0 0.753125 0.714583 0.100000 0.133333
0 0.729688 0.620833 0.100000 0.133333
0 0.118750 0.750000 0.100000 0.133333
0 0.759375 0.160417 0.100000 0.133333
0 0.234375 0.416667 0.100000 0.133333
0 0.343750 0.602083 0.100000 0.133333
0 0.223438 0.314583 0.100000 0.133333
0 0.257812 0.743750 0.100000 0.133333
0 0.689063 0.154167 0.100000 0.133333
0 0.417187 0.241667 0.100000 0.133333
0 0.606250 0.527083 0.100000 0.133333
0 0.282813 0.822917 0.100000 0.133333
0 0.654687 0.112500 0.100000 0.133333
0 0.706250 0.827083 0.100000 0.133333
0 0.445312 0.087500 0.100000 0.133333
0 0.304688 0.775000 0.100000 0.133333
0 0.239063 0.831250 0.100000 0.133333
0 0.557813 0.783333 0.100000 0.133333
0 0.703125 0.606250 0.100000 0.133333
0 0.262500 0.179167 0.100000 0.133333
0 0.842187 0.412500 0.100000 0.133333
0 0.182812 0.766667 0.100000 0.133333
0 0.631250 0.633333 0.100000 0.133333
0 0.139063 0.647917 0.100000 0.133333
0 0.887500 0.804167 0.100000 0.133333
0 0.792188 0.097917 0.100000 0.133333
0 0.470313 0.606250 0.100000 0.133333
0 0.292187 0.193750 0.100000 0.133333
0 0.232813 0.447917 0.100000 0.133333
0 0.215625 0.475000 0.100000 0.133333
0 0.831250 0.170833 0.100000 0.133333
0 0.481250 0.816667 0.100000 0.133333
0 0.579688 0.235417 0.100000 0.133333
0 0.564063 0.675000 0.100000 0.133333
0 0.184375 0.558333 0.100000 0.133333
0 0.246875 0.512500 0.100000 0.133333
0 0.143750 0.083333 0.100000 0.133333
0 0.410938 0.508333 0.100000 0.133333
0 0.818750 0.635417 0.100000 0.133333
0 0.714063 0.806250 0.100000 0.133333
0 0.790625 0.885417 0.100000 0.133333
0 0.214062 0.412500 0.100000 0.133333
0 0.503125 0.881250 0.100000 0.133333
0 0.442188 0.627083 0.100000 0.133333
0 0.153125 0.712500 0.100000 0.133333
0 0.370312 0.625000 0.100000 0.133333
0 0.301563 0.575000 0.100000 0.133333
0 0.218750 0.247917 0.100000 0.133333
0 0.798438 0.583333 0.100000 0.133333
0 0.539062 0.285417 0.100000 0.133333
0 0.214062 0.468750 0.100000 0.133333
0 0.534375 0.181250 0.100000 0.133333
0 0.531250 0.087500 0.100000 0.133333
0 0.234375 0.081250 0.100000 0.133333
0 0.320312 0.831250 0.100000 0.133333
0 0.645312 0.235417 0.100000 0.133333
0 0.564063 0.452083 0.100000 0.133333
1 0.496875 0.150000 0.100000 0.133333
1 0.279687 0.208333 0.100000 0.133333
1 0.542188 0.675000 0.100000 0.133333
1 0.620313 0.162500 0.100000 0.133333
1 0.446875 0.483333 0.100000 0.133333
