0 0.410938 0.583333 0.100000 0.133333
0 0.707812 0.845833 0.100000 0.133333
0 0.859375 0.262500 0.100000 0.133333
0 0.367188 0.310417 0.100000 0.133333
0 0.784375 0.697917 0.100000 0.133333
0 0.243750 0.608333 0.100000 0.133333
0 0.778125 0.758333 0.100000 0.133333
0 0.417187 0.518750 0.100000 0.133333
0 0.154688 0.862500 0.100000 0.133333
0 0.137500 0.260417 0.100000 0.133333
0 0.815625 0.327083 0.100000 0.133333
0 0.764062 0.287500 0.100000 0.133333
0 0.220312 0.395833 0.100000 0.133333
0 0.693750 0.425000 0.100000 0.133333
0 0.156250 0.502083 0.100000 0.133333
0 0.357812 0.291667 0.100000 0.133333
0 0.717187 0.316667 0.100000 0.133333
0 0.278125 0.389583 0.100000 0.133333
0 0.731250 0.195833 0.100000 0.133333
0 0.690625 0.308333 0.100000 0.133333
0 0.653125 0.570833 0.100000 0.133333
0 0.103125 0.581250 0.100000 0.133333
0 0.559375 0.806250 0.100000 0.133333
0 0.482812 0.243750 0.100000 0.133333
0 0.287500 0.743750 0.100000 0.133333
0 0.514062 0.491667 0.100000 0.133333
0 0.360938 0.514583 0.100000 0.133333
0 0.135937 0.297917 0.100000 0.133333
0 0.389062 0.450000 0.100000 0.133333
0 0.376563 0.143750 0.100000 0.133333
0 0.798438 0.731250 0.100000 0.133333
0 0.220312 0.804167 0.100000 0.133333
0 0.698438 0.412500 0.100000 0.133333
0 0.109375 0.345833 0.100000 0.133333
0 0.381250 0.810417 0.100000 0.133333
0 0.185938 0.356250 0.100000 0.133333
0 0.221875 0.510417 0.100000 0.133333
0 0.495312 0.637500 0.100000 0.133333
0 0.548438 0.137500 0.100000 0.133333
0 0.445312 0.164583 0.100000 0.133333
0 0.501563 0.747917 0.100000 0.133333
0 0.692187 0.737500 0.100000 0.133333
0 0.637500 0.258333 0.100000 0.133333
0 0.117188 0.122917 0.100000 0.133333
0 0.606250 0.089583 0.100000 0.133333
0 0.135937 0.210417 0.100000 0.133333
0 0.748437 0.447917 0.100000 0.133333
0 0.573438 0.187500 0.100000 0.133333
0 0.789062 0.347917 0.100000 0.133333
0 0.710938 0.283333 0.100000 0.133333
0 0.564063 0.091667 0.100000 0.133333
0 0.723437 0.504167 0.100000 0.133333
0 0.468750 0.325000 0.100000 0.133333
0 0.457813 0.802083 0.100000 0.133333
0 0.753125 0.877083 0.100000 0.133333
0 0.503125 0.387500 0.100000 0.133333
0 0.265625 0.072917 0.100000 0.133333
0 0.540625 0.591667 0.100000 0.133333
0 0.420312 0.120833 0.100000 0.133333
0 0.150000 0.227083 0.100000 0.133333
0 0.604688 0.122917 0.100000 0.133333
0 0.560937 0.281250 0.100000 0.133333
0 0.454688 0.170833 0.100000 0.133333
0 0.245312 0.585417 0.100000 0.133333
0 0.235937 0.575000 0.100000 0.133333
0 0.334375 0.570833 0.100000 0.133333
0 0.229687 0.725000 0.100000 0.133333
0 0.437500 0.729167 0.100000 0.133333
0 0.185938 0.270833 0.100000 0.133333
0 0.806250 0.154167 0.100000 0.133333
0 0.881250 0.160417 0.100000 0.133333
0 0.517188 0.241667 0.100000 0.133333
0 0.528125 0.747917 0.100000 0.133333
0 0.184375 0.460417 0.100000 0.133333
0 0.851562 0.450000 0.100000 0.133333
0 0.123438 0.250000 0.100000 0.133333
0 0.787500 0.250000 0.100000 0.133333
0 0.146875 0.772917 0.100000 0.133333
0 0.335938 0.731250 0.100000 0.133333
0 0.214062 0.095833 0.100000 0.133333
0 0.770312 0.202083 0.100000 0.133333
0 0.139063 0.458333 0.100000 0.133333
0 0.320312 0.841667 0.100000 0.133333
0 0.582812 0.760417 0.100000 0.133333
0 0.646875 0.247917 0.100000 0.133333
0 0.743750 0.843750 0.100000 0.133333
0 0.648438 0.612500 0.100000 0.133333
0 0.157812 0.881250 0.100000 0.133333
0 0.831250 0.741667 0.100000 0.133333
0 0.409375 0.106250 0.100000 0.133333
0 0.262500 0.537500 0.100000 0.133333
0 0.701562 0.227083 0.100000 0.133333
0 0.809375 0.350000 0.100000 0.133333
0 0.110937 0.837500 0.100000 0.133333
0 0.418750 0.472917 0.100000 0.133333
0 0.271875 0.702083 0.100000 0.133333
0 0.723437 0.325000 0.100000 0.133333
0 0.581250 0.120833 0.100000 0.133333
0 0.695312 0.168750 0.100000 0.133333
0 0.687500 0.791667 0.100000 0.133333
0 0.267188 0.214583 0.100000 0.133333
0 0.806250 0.279167 0.100000 0.133333
0 0.285938 0.506250 0.100000 0.133333
0 0.665625 0.720833 0.100000 0.133333
0 0.882812 0.208333 0.100000 0.133333
0 0.457813 0.156250 0.100000 0.133333
0 0.746875 0.568750 0.100000 0.133333
0 0.401562 0.472917 0.100000 0.133333
0 0.720313 0.366667 0.100000 0.133333
0 0.818750 0.479167 0.100000 0.133333
0 0.715625 0.329167 0.100000 0.133333
0 0.700000 0.229167 0.100000 0.133333
0 0.223438 0.254167 0.100000 0.133333
0 0.125000 0.558333 0.100000 0.133333
0 0.139063 0.831250 0.100000 0.133333
0 0.715625 0.143750 0.100000 0.133333
0 0.364063 0.183333 0.100000 0.133333
0 0.270313 0.737500 0.100000 0.133333
0 0.300000 0.329167 0.100000 0.133333
0 0.867188 0.664583 0.100000 0.133333
0 0.315625 0.752083 0.100000 0.133333
0 0.678125 0.439583 0.100000 0.133333
0 0.281250 0.675000 0.100000 0.133333
0 0.467187 0.756250 0.100000 0.133333
0 0.626563 0.256250 0.100000 0.133333
0 0.270313 0.685417 0.100000 0.133333
0 0.835938 0.327083 0.100000 0.133333
0 0.289062 0.733333 0.100000 0.133333
0 0.126562 0.552083 0.100000 0.133333
0 0.778125 0.856250 0.100000 0.133333
0 0.379688 0.481250 0.100000 0.133333
0 0.389062 0.268750 0.100000 0.133333
0 0.767188 0.072917 0.100000 0.133333
0 0.717187 0.818750 0.100000 0.133333
0 0.290625 0.300000 0.100000 0.133333
0 0.285938 0.522917 0.100000 0.133333
0 0.551562 0.170833 0.100000 0.133333
0 0.321875 0.547917 0.100000 0.133333
0 0.451562 0.266667 0.100000 0.133333
0 0.101562 0.279167 0.100000 0.133333
0 0.218750 0.625000 0.100000 0.133333
0 0.587500 0.716667 0.100000 0.133333
0 0.243750 0.647917 0.100000 0.133333
0 0.550000 0.327083 0.100000 0.133333
0 0.529687 0.647917 0.100000 0.133333
0 0.348438 0.427083 0.100000 0.133333
0 0.543750 0.802083 0.100000 0.133333
0 0.620313 0.520833 0.100000 0.133333
0 0.604688 0.297917 0.100000 0.133333
0 0.270313 0.872917 0.100000 0.133333
1 0.134375 0.779167 0.100000 0.133333
1 0.435937 0.164583 0.100000 0.133333
1 0.782813 0.868750 0.100000 0.133333
1 0.728125 0.129167 0.100000 0.133333
1 0.676562 0.427083 0.100000 0.133333
