0 0.685937 0.445833 0.100000 0.133333
0 0.307812 0.320833 0.100000 0.133333
0 0.770312 0.716667 0.100000 0.133333
0 0.389062 0.166667 0.100000 0.133333
0 0.632812 0.620833 0.100000 0.133333
0 0.712500 0.179167 0.100000 0.133333
0 0.739062 0.710417 0.100000 0.133333
0 0.464062 0.431250 0.100000 0.133333
0 0.323437 0.539583 0.100000 0.133333
0 0.367188 0.595833 0.100000 0.133333
0 0.632812 0.581250 0.100000 0.133333
0 0.437500 0.612500 0.100000 0.133333
0 0.203125 0.420833 0.100000 0.133333
0 0.567187 0.714583 0.100000 0.133333
0 0.671875 0.818750 0.100000 0.133333
0 0.354687 0.308333 0.100000 0.133333
0 0.154688 0.129167 0.100000 0.133333
0 0.559375 0.343750 0.100000 0.133333
0 0.668750 0.839583 0.100000 0.133333
0 0.264062 0.327083 0.100000 0.133333
0 0.154688 0.520833 0.100000 0.133333
0 0.292187 0.804167 0.100000 0.133333
0 0.450000 0.525000 0.100000 0.133333
0 0.276562 0.520833 0.100000 0.133333
0 0.300000 0.587500 0.100000 0.133333
0 0.312500 0.837500 0.100000 0.133333
0 0.329688 0.545833 0.100000 0.133333
0 0.570312 0.637500 0.100000 0.133333
0 0.123438 0.593750 0.100000 0.133333
0 0.721875 0.737500 0.100000 0.133333
0 0.184375 0.562500 0.100000 0.133333
0 0.657813 0.891667 0.100000 0.133333
0 0.257812 0.202083 0.100000 0.133333
0 0.348438 0.195833 0.100000 0.133333
0 0.526563 0.437500 0.100000 0.133333
0 0.521875 0.564583 0.100000 0.133333
0 0.112500 0.429167 0.100000 0.133333
0 0.573438 0.720833 0.100000 0.133333
0 0.654687 0.689583 0.100000 0.133333
0 0.535937 0.352083 0.100000 0.133333
0 0.234375 0.308333 0.100000 0.133333
0 0.187500 0.516667 0.100000 0.133333
0 0.720313 0.456250 0.100000 0.133333
0 0.826562 0.312500 0.100000 0.133333
0 0.456250 0.775000 0.100000 0.133333
0 0.509375 0.108333 0.100000 0.133333
0 0.831250 0.389583 0.100000 0.133333
0 0.326562 0.868750 0.100000 0.133333
0 0.717187 0.712500 0.100000 0.133333
0 0.206250 0.700000 0.100000 0.133333
0 0.270313 0.533333 0.100000 0.133333
0 0.631250 0.666667 0.100000 0.133333
0 0.248438 0.870833 0.100000 0.133333
0 0.242188 0.772917 0.100000 0.133333
0 0.565625 0.072917 0.100000 0.133333
0 0.867188 0.189583 0.100000 0.133333
0 0.712500 0.304167 0.100000 0.133333
0 0.562500 0.152083 0.100000 0.133333
0 0.609375 0.245833 0.100000 0.133333
0 0.401562 0.145833 0.100000 0.133333
0 0.532813 0.889583 0.100000 0.133333
0 0.603125 0.262500 0.100000 0.133333
0 0.759375 0.481250 0.100000 0.133333
0 0.868750 0.464583 0.100000 0.133333
0 0.864062 0.439583 0.100000 0.133333
0 0.775000 0.856250 0.100000 0.133333
0 0.296875 0.143750 0.100000 0.133333
0 0.559375 0.281250 0.100000 0.133333
0 0.650000 0.677083 0.100000 0.133333
0 0.429688 0.839583 0.100000 0.133333
0 0.800000 0.152083 0.100000 0.133333
0 0.793750 0.279167 0.100000 0.133333
0 0.437500 0.610417 0.100000 0.133333
0 0.323437 0.727083 0.100000 0.133333
0 0.501563 0.556250 0.100000 0.133333
0 0.823438 0.235417 0.100000 0.133333
0 0.551562 0.581250 0.100000 0.133333
0 0.765625 0.479167 0.100000 0.133333
0 0.489063 0.610417 0.100000 0.133333
0 0.317188 0.339583 0.100000 0.133333
0 0.126562 0.354167 0.100000 0.133333
0 0.612500 0.825000 0.100000 0.133333
0 0.335938 0.558333 0.100000 0.133333
0 0.709375 0.337500 0.100000 0.133333
0 0.540625 0.460417 0.100000 0.133333
0 0.693750 0.152083 0.100000 0.133333
0 0.737500 0.650000 0.100000 0.133333
0 0.575000 0.618750 0.100000 0.133333
0 0.587500 0.783333 0.100000 0.133333
0 0.196875 0.112500 0.100000 0.133333
0 0.704688 0.635417 0.100000 0.133333
0 0.653125 0.320833 0.100000 0.133333
0 0.615625 0.141667 0.100000 0.133333
0 0.184375 0.852083 0.100000 0.133333
0 0.828125 0.335417 0.100000 0.133333
0 0.443750 0.225000 0.100000 0.133333
0 0.746875 0.468750 0.100000 0.133333
0 0.323437 0.693750 0.100000 0.133333
0 0.815625 0.610417 0.100000 0.133333
0 0.845313 0.787500 0.100000 0.133333
0 0.193750 0.591667 0.100000 0.133333
0 0.537500 0.445833 0.100000 0.133333
0 0.804688 0.418750 0.100000 0.133333
0 0.884375 0.147917 0.100000 0.133333
0 0.651563 0.685417 0.100000 0.133333
0 0.754687 0.693750 0.100000 0.133333
0 0.490625 0.516667 0.100000 0.133333
0 0.253125 0.102083 0.100000 0.133333
0 0.731250 0.654167 0.100000 0.133333
0 0.196875 0.468750 0.100000 0.133333
0 0.821875 0.156250 0.100000 0.133333
0 0.659375 0.800000 0.100000 0.133333
0 0.329688 0.183333 0.100000 0.133333
0 0.809375 0.541667 0.100000 0.133333
0 0.568750 0.668750 0.100000 0.133333
0 0.112500 0.785417 0.100000 0.133333
0 0.475000 0.316667 0.100000 0.133333
0 0.375000 0.885417 0.100000 0.133333
0 0.871875 0.806250 0.100000 0.133333
0 0.185938 0.300000 0.100000 0.133333
0 0.634375 0.812500 0.100000 0.133333
0 0.106250 0.829167 0.100000 0.133333
0 0.760938 0.147917 0.100000 0.133333
0 0.578125 0.845833 0.100000 0.133333
0 0.225000 0.608333 0.100000 0.133333
0 0.148438 0.079167 0.100000 0.133333
0 0.712500 0.745833 0.100000 0.133333
0 0.684375 0.135417 0.100000 0.133333
0 0.360938 0.370833 0.100000 0.133333
0 0.179688 0.166667 0.100000 0.133333
0 0.240625 0.675000 0.100000 0.133333
0 0.831250 0.547917 0.100000 0.133333
0 0.460938 0.316667 0.100000 0.133333
0 0.575000 0.802083 0.100000 0.133333
0 0.523438 0.435417 0.100000 0.133333
0 0.104688 0.122917 0.100000 0.133333
0 0.542188 0.193750 0.100000 0.133333
0 0.414062 0.606250 0.100000 0.133333
0 0.292187 0.206250 0.100000 0.133333
0 0.892188 0.127083 0.100000 0.133333
0 0.156250 0.779167 0.100000 0.133333
0 0.664062 0.431250 0.100000 0.133333
0 0.843750 0.668750 0.100000 0.133333
0 0.195312 0.858333 0.100000 0.133333
0 0.734375 0.616667 0.100000 0.133333
0 0.471875 0.793750 0.100000 0.133333
0 0.839063 0.252083 0.100000 0.133333
0 0.431250 0.627083 0.100000 0.133333
0 0.126562 0.552083 0.100000 0.133333
0 0.343750 0.516667 0.100000 0.133333
1 0.070312 0.566667 0.100000 0.133333
1 0.810937 0.254167 0.100000 0.133333
1 0.535937 0.662500 0.100000 0.133333
1 0.760938 0.825000 0.100000 0.133333
1 0.775000 0.366667 0.100000 0.133333
