0 0.673438 0.122917 0.100000 0.133333
0 0.598437 0.089583 0.100000 0.133333
0 0.182812 0.272917 0.100000 0.133333
0 0.734375 0.466667 0.100000 0.133333
0 0.731250 0.633333 0.100000 0.133333
0 0.400000 0.633333 0.100000 0.133333
0 0.375000 0.681250 0.100000 0.133333
0 0.581250 0.254167 0.100000 0.133333
0 0.168750 0.195833 0.100000 0.133333
0 0.282813 0.804167 0.100000 0.133333
0 0.187500 0.131250 0.100000 0.133333
0 0.614062 0.456250 0.100000 0.133333
0 0.365625 0.381250 0.100000 0.133333
0 0.262500 0.300000 0.100000 0.133333
0 0.357812 0.622917 0.100000 0.133333
0 0.257812 0.206250 0.100000 0.133333
0 0.882812 0.170833 0.100000 0.133333
0 0.582812 0.631250 0.100000 0.133333
0 0.603125 0.860417 0.100000 0.133333
0 0.748437 0.158333 0.100000 0.133333
0 0.620313 0.804167 0.100000 0.133333
0 0.498437 0.581250 0.100000 0.133333
0 0.323437 0.527083 0.100000 0.133333
0 0.715625 0.810417 0.100000 0.133333
0 0.596875 0.650000 0.100000 0.133333
0 0.235937 0.491667 0.100000 0.133333
0 0.434375 0.631250 0.100000 0.133333
0 0.626563 0.229167 0.100000 0.133333
0 0.621875 0.468750 0.100000 0.133333
0 0.656250 0.745833 0.100000 0.133333
0 0.351562 0.810417 0.100000 0.133333
0 0.862500 0.502083 0.100000 0.133333
0 0.703125 0.445833 0.100000 0.133333
0 0.453125 0.414583 0.100000 0.133333
0 0.239063 0.766667 0.100000 0.133333
0 0.321875 0.212500 0.100000 0.133333
0 0.500000 0.385417 0.100000 0.133333
0 0.735938 0.189583 0.100000 0.133333
0 0.221875 0.716667 0.100000 0.133333
0 0.223438 0.737500 0.100000 0.133333
0 0.293750 0.091667 0.100000 0.133333
0 0.248438 0.525000 0.100000 0.133333
0 0.856250 0.550000 0.100000 0.133333
0 0.831250 0.091667 0.100000 0.133333
0 0.709375 0.412500 0.100000 0.133333
0 0.273438 0.439583 0.100000 0.133333
0 0.114062 0.679167 0.100000 0.133333
0 0.307812 0.708333 0.100000 0.133333
0 0.685937 0.797917 0.100000 0.133333
0 0.618750 0.754167 0.100000 0.133333
0 0.728125 0.166667 0.100000 0.133333
0 0.734375 0.343750 0.100000 0.133333
0 0.778125 0.597917 0.100000 0.133333
0 0.654687 0.829167 0.100000 0.133333
0 0.201563 0.460417 0.100000 0.133333
0 0.485938 0.625000 0.100000 0.133333
0 0.485938 0.316667 0.100000 0.133333
0 0.845313 0.231250 0.100000 0.133333
0 0.754687 0.483333 0.100000 0.133333
0 0.428125 0.768750 0.100000 0.133333
0 0.443750 0.112500 0.100000 0.133333
0 0.760938 0.781250 0.100000 0.133333
0 0.743750 0.122917 0.100000 0.133333
0 0.145313 0.266667 0.100000 0.133333
0 0.142187 0.760417 0.100000 0.133333
0 0.201563 0.522917 0.100000 0.133333
0 0.125000 0.820833 0.100000 0.133333
0 0.729688 0.268750 0.100000 0.133333
0 0.795312 0.720833 0.100000 0.133333
0 0.720313 0.533333 0.100000 0.133333
0 0.340625 0.400000 0.100000 0.133333
0 0.668750 0.139583 0.100000 0.133333
0 0.643750 0.106250 0.100000 0.133333
0 0.596875 0.872917 0.100000 0.133333
0 0.623437 0.400000 0.100000 0.133333
0 0.854688 0.229167 0.100000 0.133333
0 0.864062 0.150000 0.100000 0.133333
0 0.618750 0.177083 0.100000 0.133333
0 0.759375 0.191667 0.100000 0.133333
0 0.360938 0.552083 0.100000 0.133333
0 0.521875 0.300000 0.100000 0.133333
0 0.756250 0.466667 0.100000 0.133333
0 0.114062 0.460417 0.100000 0.133333
0 0.535937 0.162500 0.100000 0.133333
0 0.212500 0.404167 0.100000 0.133333
0 0.743750 0.668750 0.100000 0.133333
0 0.659375 0.406250 0.100000 0.133333
0 0.451562 0.260417 0.100000 0.133333
0 0.782813 0.439583 0.100000 0.133333
0 0.275000 0.741667 0.100000 0.133333
0 0.121875 0.216667 0.100000 0.133333
0 0.143750 0.831250 0.100000 0.133333
0 0.151562 0.125000 0.100000 0.133333
0 0.728125 0.772917 0.100000 0.133333
0 0.162500 0.583333 0.100000 0.133333
0 0.626563 0.656250 0.100000 0.133333
0 0.364063 0.185417 0.100000 0.133333
0 0.150000 0.750000 0.100000 0.133333
0 0.135937 0.291667 0.100000 0.133333
0 0.160938 0.358333 0.100000 0.133333
0 0.104688 0.770833 0.100000 0.133333
0 0.720313 0.097917 0.100000 0.133333
0 0.545312 0.450000 0.100000 0.133333
0 0.281250 0.808333 0.100000 0.133333
0 0.712500 0.739583 0.100000 0.133333
0 0.167187 0.572917 0.100000 0.133333
0 0.392188 0.216667 0.100000 0.133333
0 0.190625 0.575000 0.100000 0.133333
0 0.301563 0.460417 0.100000 0.133333
0 0.159375 0.825000 0.100000 0.133333
0 0.473438 0.581250 0.100000 0.133333
0 0.493750 0.118750 0.100000 0.133333
0 0.428125 0.481250 0.100000 0.133333
0 0.453125 0.758333 0.100000 0.133333
0 0.853125 0.489583 0.100000 0.133333
0 0.604688 0.152083 0.100000 0.133333
0 0.123438 0.712500 0.100000 0.133333
0 0.885938 0.400000 0.100000 0.133333
0 0.781250 0.391667 0.100000 0.133333
0 0.582812 0.772917 0.100000 0.133333
0 0.146875 0.660417 0.100000 0.133333
0 0.123438 0.389583 0.100000 0.133333
0 0.731250 0.741667 0.100000 0.133333
0 0.126562 0.381250 0.100000 0.133333
0 0.178125 0.877083 0.100000 0.133333
0 0.171875 0.350000 0.100000 0.133333
0 0.425000 0.564583 0.100000 0.133333
0 0.379688 0.670833 0.100000 0.133333
0 0.589063 0.889583 0.100000 0.133333
0 0.439063 0.452083 0.100000 0.133333
0 0.845313 0.464583 0.100000 0.133333
0 0.750000 0.541667 0.100000 0.133333
0 0.612500 0.275000 0.100000 0.133333
0 0.753125 0.112500 0.100000 0.133333
0 0.596875 0.343750 0.100000 0.133333
0 0.378125 0.562500 0.100000 0.133333
0 0.410938 0.385417 0.100000 0.133333
0 0.179688 0.795833 0.100000 0.133333
0 0.209375 0.347917 0.100000 0.133333
0 0.434375 0.250000 0.100000 0.133333
0 0.464062 0.731250 0.100000 0.133333
0 0.282813 0.387500 0.100000 0.133333
0 0.626563 0.787500 0.100000 0.133333
0 0.585938 0.195833 0.100000 0.133333
0 0.485938 0.356250 0.100000 0.133333
0 0.217188 0.689583 0.100000 0.133333
0 0.643750 0.802083 0.100000 0.133333
0 0.293750 0.579167 0.100000 0.133333
0 0.778125 0.222917 0.100000 0.133333
0 0.862500 0.660417 0.100000 0.133333
1 0.753125 0.729167 0.100000 0.133333
1 0.076563 0.518750 0.100000 0.133333
1 0.870313 0.285417 0.100000 0.133333
1 0.531250 0.650000 0.100000 0.133333
1 0.212500 0.416667 0.100000 0.133333
