0 0.190625 0.625000 0.100000 0.133333
0 0.567187 0.393750 0.100000 0.133333
0 0.109375 0.106250 0.100000 0.133333
0 0.746875 0.445833 0.100000 0.133333
0 0.664062 0.779167 0.100000 0.133333
0 0.403125 0.800000 0.100000 0.133333
0 0.689063 0.360417 0.100000 0.133333
0 0.485938 0.310417 0.100000 0.133333
0 0.537500 0.275000 0.100000 0.133333
0 0.228125 0.183333 0.100000 0.133333
0 0.887500 0.589583 0.100000 0.133333
0 0.457813 0.572917 0.100000 0.133333
0 0.612500 0.085417 0.100000 0.133333
0 0.818750 0.747917 0.100000 0.133333
0 0.193750 0.777083 0.100000 0.133333
0 0.875000 0.377083 0.100000 0.133333
0 0.568750 0.522917 0.100000 0.133333
0 0.528125 0.514583 0.100000 0.133333
0 0.251563 0.702083 0.100000 0.133333
0 0.673438 0.450000 0.100000 0.133333
0 0.848437 0.445833 0.100000 0.133333
0 0.148438 0.577083 0.100000 0.133333
0 0.848437 0.397917 0.100000 0.133333
0 0.312500 0.281250 0.100000 0.133333
0 0.462500 0.777083 0.100000 0.133333
0 0.456250 0.777083 0.100000 0.133333
0 0.717187 0.283333 0.100000 0.133333
0 0.271875 0.633333 0.100000 0.133333
0 0.187500 0.885417 0.100000 0.133333
0 0.662500 0.308333 0.100000 0.133333
0 0.396875 0.829167 0.100000 0.133333
0 0.559375 0.535417 0.100000 0.133333
0 0.690625 0.543750 0.100000 0.133333
0 0.262500 0.552083 0.100000 0.133333
0 0.409375 0.102083 0.100000 0.133333
0 0.453125 0.512500 0.100000 0.133333
0 0.835938 0.793750 0.100000 0.133333
0 0.775000 0.204167 0.100000 0.133333
0 0.882812 0.227083 0.100000 0.133333
0 0.892188 0.702083 0.100000 0.133333
0 0.314063 0.287500 0.100000 0.133333
0 0.489063 0.706250 0.100000 0.133333
0 0.820312 0.527083 0.100000 0.133333
0 0.303125 0.281250 0.100000 0.133333
0 0.254688 0.356250 0.100000 0.133333
0 0.879687 0.739583 0.100000 0.133333
0 0.718750 0.158333 0.100000 0.133333
0 0.864062 0.787500 0.100000 0.133333
0 0.156250 0.204167 0.100000 0.133333
0 0.810937 0.572917 0.100000 0.133333
0 0.776563 0.779167 0.100000 0.133333
0 0.384375 0.812500 0.100000 0.133333
0 0.170313 0.735417 0.100000 0.133333
0 0.243750 0.581250 0.100000 0.133333
0 0.425000 0.256250 0.100000 0.133333
0 0.337500 0.364583 0.100000 0.133333
0 0.343750 0.687500 0.100000 0.133333
0 0.395313 0.452083 0.100000 0.133333
0 0.820312 0.187500 0.100000 0.133333
0 0.359375 0.272917 0.100000 0.133333
0 0.787500 0.385417 0.100000 0.133333
0 0.500000 0.318750 0.100000 0.133333
0 0.157812 0.891667 0.100000 0.133333
0 0.357812 0.295833 0.100000 0.133333
0 0.548438 0.606250 0.100000 0.133333
0 0.310937 0.435417 0.100000 0.133333
0 0.134375 0.543750 0.100000 0.133333
0 0.431250 0.791667 0.100000 0.133333
0 0.492188 0.195833 0.100000 0.133333
0 0.676562 0.358333 0.100000 0.133333
0 0.479687 0.366667 0.100000 0.133333
0 0.771875 0.304167 0.100000 0.133333
0 0.578125 0.614583 0.100000 0.133333
0 0.179688 0.829167 0.100000 0.133333
0 0.692187 0.870833 0.100000 0.133333
0 0.392188 0.575000 0.100000 0.133333
0 0.596875 0.708333 0.100000 0.133333
0 0.209375 0.427083 0.100000 0.133333
0 0.304688 0.493750 0.100000 0.133333
0 0.150000 0.502083 0.100000 0.133333
0 0.781250 0.460417 0.100000 0.133333
0 0.771875 0.122917 0.100000 0.133333
0 0.414062 0.704167 0.100000 0.133333
0 0.206250 0.860417 0.100000 0.133333
0 0.260937 0.372917 0.100000 0.133333
0 0.453125 0.362500 0.100000 0.133333
0 0.765625 0.235417 0.100000 0.133333
0 0.329688 0.866667 0.100000 0.133333
0 0.821875 0.216667 0.100000 0.133333
0 0.446875 0.597917 0.100000 0.133333
0 0.525000 0.118750 0.100000 0.133333
0 0.884375 0.333333 0.100000 0.133333
0 0.798438 0.233333 0.100000 0.133333
0 0.112500 0.741667 0.100000 0.133333
0 0.101562 0.650000 0.100000 0.133333
0 0.667188 0.470833 0.100000 0.133333
0 0.696875 0.435417 0.100000 0.133333
0 0.346875 0.127083 0.100000 0.133333
0 0.734375 0.714583 0.100000 0.133333
0 0.215625 0.245833 0.100000 0.133333
0 0.467187 0.152083 0.100000 0.133333
0 0.284375 0.472917 0.100000 0.133333
0 0.207813 0.352083 0.100000 0.133333
0 0.289062 0.243750 0.100000 0.133333
0 0.670312 0.243750 0.100000 0.133333
0 0.160938 0.375000 0.100000 0.133333
0 0.721875 0.293750 0.100000 0.133333
0 0.884375 0.164583 0.100000 0.133333
0 0.646875 0.714583 0.100000 0.133333
0 0.826562 0.514583 0.100000 0.133333
0 0.201563 0.764583 0.100000 0.133333
0 0.828125 0.829167 0.100000 0.133333
0 0.840625 0.541667 0.100000 0.133333
0 0.362500 0.277083 0.100000 0.133333
0 0.151562 0.758333 0.100000 0.133333
0 0.767188 0.120833 0.100000 0.133333
0 0.631250 0.387500 0.100000 0.133333
0 0.425000 0.212500 0.100000 0.133333
0 0.803125 0.141667 0.100000 0.133333
0 0.789062 0.343750 0.100000 0.133333
0 0.737500 0.395833 0.100000 0.133333
0 0.681250 0.550000 0.100000 0.133333
0 0.748437 0.729167 0.100000 0.133333
0 0.760938 0.083333 0.100000 0.133333
0 0.650000 0.862500 0.100000 0.133333
0 0.490625 0.675000 0.100000 0.133333
0 0.614062 0.412500 0.100000 0.133333
0 0.517188 0.785417 0.100000 0.133333
0 0.553125 0.162500 0.100000 0.133333
0 0.879687 0.695833 0.100000 0.133333
0 0.143750 0.089583 0.100000 0.133333
0 0.235937 0.314583 0.100000 0.133333
0 0.385937 0.272917 0.100000 0.133333
0 0.551562 0.568750 0.100000 0.133333
0 0.715625 0.377083 0.100000 0.133333
0 0.548438 0.854167 0.100000 0.133333
0 0.571875 0.375000 0.100000 0.133333
0 0.693750 0.679167 0.100000 0.133333
0 0.200000 0.404167 0.100000 0.133333
0 0.453125 0.579167 0.100000 0.133333
0 0.381250 0.695833 0.100000 0.133333
0 0.193750 0.716667 0.100000 0.133333
0 0.375000 0.520833 0.100000 0.133333
0 0.717187 0.852083 0.100000 0.133333
0 0.393750 0.533333 0.100000 0.133333
0 0.340625 0.808333 0.100000 0.133333
0 0.298438 0.137500 0.100000 0.133333
0 0.348438 0.683333 0.100000 0.133333
0 0.878125 0.641667 0.100000 0.133333
0 0.881250 0.164583 0.100000 0.133333
1 0.871875 0.806250 0.100000 0.133333
1 0.567187 0.283333 0.100000 0.133333
1 0.081250 0.893750 0.100000 0.133333
1 0.239063 0.570833 0.100000 0.133333
1 0.559375 0.914583 0.100000 0.133333
