0 0.182812 0.793750 0.100000 0.133333
0 0.612500 0.143750 0.100000 0.133333
0 0.564063 0.847917 0.100000 0.133333
0 0.751563 0.672917 0.100000 0.133333
0 0.298438 0.085417 0.100000 0.133333
0 0.184375 0.372917 0.100000 0.133333
0 0.878125 0.608333 0.100000 0.133333
0 0.406250 0.137500 0.100000 0.133333
0 0.623437 0.304167 0.100000 0.133333
0 0.887500 0.820833 0.100000 0.133333
0 0.356250 0.177083 0.100000 0.133333
0 0.560937 0.427083 0.100000 0.133333
0 0.837500 0.550000 0.100000 0.133333
0 0.279687 0.606250 0.100000 0.133333
0 0.362500 0.483333 0.100000 0.133333
0 0.268750 0.831250 0.100000 0.133333
0 0.643750 0.543750 0.100000 0.133333
0 0.629687 0.168750 0.100000 0.133333
0 0.632812 0.162500 0.100000 0.133333
0 0.750000 0.833333 0.100000 0.133333
0 0.728125 0.235417 0.100000 0.133333
0 0.148438 0.804167 0.100000 0.133333
0 0.184375 0.847917 0.100000 0.133333
0 0.126562 0.270833 0.100000 0.133333
0 0.135937 0.662500 0.100000 0.133333
0 0.632812 0.343750 0.100000 0.133333
0 0.679688 0.097917 0.100000 0.133333
0 0.254688 0.466667 0.100000 0.133333
0 0.896875 0.562500 0.100000 0.133333
0 0.301563 0.727083 0.100000 0.133333
0 0.614062 0.160417 0.100000 0.133333
0 0.337500 0.350000 0.100000 0.133333
0 0.751563 0.141667 0.100000 0.133333
0 0.818750 0.318750 0.100000 0.133333
0 0.334375 0.462500 0.100000 0.133333
0 0.495312 0.700000 0.100000 0.133333
0 0.728125 0.329167 0.100000 0.133333
0 0.585938 0.135417 0.100000 0.133333
0 0.200000 0.350000 0.100000 0.133333
0 0.265625 0.856250 0.100000 0.133333
0 0.285938 0.364583 0.100000 0.133333
0 0.284375 0.241667 0.100000 0.133333
0 0.232813 0.731250 0.100000 0.133333
0 0.751563 0.095833 0.100000 0.133333
0 0.648438 0.177083 0.100000 0.133333
0 0.209375 0.781250 0.100000 0.133333
0 0.126562 0.468750 0.100000 0.133333
0 0.587500 0.514583 0.100000 0.133333
0 0.864062 0.364583 0.100000 0.133333
0 0.123438 0.602083 0.100000 0.133333
0 0.815625 0.762500 0.100000 0.133333
0 0.578125 0.293750 0.100000 0.133333
0 0.400000 0.785417 0.100000 0.133333
0 0.837500 0.137500 0.100000 0.133333
0 0.356250 0.775000 0.100000 0.133333
0 0.437500 0.537500 0.100000 0.133333
0 0.839063 0.139583 0.100000 0.133333
0 0.603125 0.093750 0.100000 0.133333
0 0.701562 0.193750 0.100000 0.133333
0 0.889062 0.187500 0.100000 0.133333
0 0.329688 0.750000 0.100000 0.133333
0 0.153125 0.766667 0.100000 0.133333
0 0.226562 0.741667 0.100000 0.133333
0 0.503125 0.220833 0.100000 0.133333
0 0.135937 0.600000 0.100000 0.133333
0 0.514062 0.789583 0.100000 0.133333
0 0.614062 0.827083 0.100000 0.133333
0 0.396875 0.089583 0.100000 0.133333
0 0.485938 0.677083 0.100000 0.133333
0 0.576562 0.777083 0.100000 0.133333
0 0.128125 0.477083 0.100000 0.133333
0 0.317188 0.725000 0.100000 0.133333
0 0.125000 0.625000 0.100000 0.133333
0 0.806250 0.722917 0.100000 0.133333
0 0.532813 0.743750 0.100000 0.133333
0 0.801562 0.802083 0.100000 0.133333
0 0.648438 0.335417 0.100000 0.133333
0 0.484375 0.193750 0.100000 0.133333
0 0.154688 0.816667 0.100000 0.133333
0 0.248438 0.100000 0.100000 0.133333
0 0.565625 0.797917 0.100000 0.133333
0 0.101562 0.710417 0.100000 0.133333
0 0.317188 0.504167 0.100000 0.133333
0 0.895312 0.483333 0.100000 0.133333
0 0.385937 0.616667 0.100000 0.133333
0 0.412500 0.416667 0.100000 0.133333
0 0.342187 0.856250 0.100000 0.133333
0 0.303125 0.306250 0.100000 0.133333
0 0.143750 0.489583 0.100000 0.133333
0 0.662500 0.389583 0.100000 0.133333
0 0.684375 0.366667 0.100000 0.133333
0 0.650000 0.425000 0.100000 0.133333
0 0.662500 0.200000 0.100000 0.133333
0 0.679688 0.072917 0.100000 0.133333
0 0.356250 0.614583 0.100000 0.133333
0 0.778125 0.656250 0.100000 0.133333
0 0.893750 0.687500 0.100000 0.133333
0 0.510938 0.458333 0.100000 0.133333
0 0.479687 0.518750 0.100000 0.133333
0 0.434375 0.762500 0.100000 0.133333
0 0.462500 0.816667 0.100000 0.133333
0 0.731250 0.454167 0.100000 0.133333
0 0.337500 0.756250 0.100000 0.133333
0 0.726562 0.675000 0.100000 0.133333
0 0.598437 0.835417 0.100000 0.133333
0 0.242188 0.712500 0.100000 0.133333
0 0.210938 0.339583 0.100000 0.133333
0 0.143750 0.635417 0.100000 0.133333
0 0.635938 0.675000 0.100000 0.133333
0 0.223438 0.279167 0.100000 0.133333
0 0.192188 0.200000 0.100000 0.133333
0 0.750000 0.389583 0.100000 0.133333
0 0.101562 0.818750 0.100000 0.133333
0 0.665625 0.252083 0.100000 0.133333
0 0.737500 0.733333 0.100000 0.133333
0 0.748437 0.204167 0.100000 0.133333
0 0.240625 0.393750 0.100000 0.133333
0 0.446875 0.762500 0.100000 0.133333
0 0.482812 0.656250 0.100000 0.133333
0 0.868750 0.272917 0.100000 0.133333
0 0.673438 0.635417 0.100000 0.133333
0 0.623437 0.477083 0.100000 0.133333
0 0.346875 0.362500 0.100000 0.133333
0 0.310937 0.750000 0.100000 0.133333
0 0.204687 0.125000 0.100000 0.133333
0 0.596875 0.585417 0.100000 0.133333
0 0.420312 0.639583 0.100000 0.133333
0 0.753125 0.579167 0.100000 0.133333
0 0.395313 0.531250 0.100000 0.133333
0 0.243750 0.354167 0.100000 0.133333
0 0.420312 0.883333 0.100000 0.133333
0 0.142187 0.216667 0.100000 0.133333
0 0.404687 0.845833 0.100000 0.133333
0 0.589063 0.181250 0.100000 0.133333
0 0.845313 0.100000 0.100000 0.133333
0 0.860938 0.739583 0.100000 0.133333
0 0.787500 0.531250 0.100000 0.133333
0 0.439063 0.889583 0.100000 0.133333
0 0.682813 0.289583 0.100000 0.133333
0 0.382812 0.570833 0.100000 0.133333
0 0.664062 0.200000 0.100000 0.133333
0 0.485938 0.841667 0.100000 0.133333
0 0.732812 0.595833 0.100000 0.133333
0 0.173437 0.156250 0.100000 0.133333
0 0.487500 0.070833 0.100000 0.133333
0 0.778125 0.683333 0.100000 0.133333
0 0.106250 0.254167 0.100000 0.133333
0 0.192188 0.704167 0.100000 0.133333
0 0.865625 0.650000 0.100000 0.133333
0 0.364063 0.068750 0.100000 0.133333
1 0.748437 0.635417 0.100000 0.133333
1 0.378125 0.927083 0.100000 0.133333
1 0.545312 0.754167 0.100000 0.133333
1 0.479687 0.185417 0.100000 0.133333
1 0.212500 0.389583 0.100000 0.133333
