0 0.107813 0.760417 0.100000 0.133333
0 0.876563 0.233333 0.100000 0.133333
0 0.450000 0.864583 0.100000 0.133333
0 0.167187 0.481250 0.100000 0.133333
0 0.845313 0.512500 0.100000 0.133333
0 0.315625 0.129167 0.100000 0.133333
0 0.631250 0.758333 0.100000 0.133333
0 0.464062 0.079167 0.100000 0.133333
0 0.868750 0.491667 0.100000 0.133333
0 0.359375 0.322917 0.100000 0.133333
0 0.523438 0.577083 0.100000 0.133333
0 0.632812 0.414583 0.100000 0.133333
0 0.400000 0.791667 0.100000 0.133333
0 0.825000 0.187500 0.100000 0.133333
0 0.526563 0.495833 0.100000 0.133333
0 0.767188 0.725000 0.100000 0.133333
0 0.371875 0.233333 0.100000 0.133333
0 0.678125 0.522917 0.100000 0.133333
0 0.528125 0.787500 0.100000 0.133333
0 0.223438 0.833333 0.100000 0.133333
0 0.129688 0.131250 0.100000 0.133333
0 0.859375 0.177083 0.100000 0.133333
0 0.439063 0.639583 0.100000 0.133333
0 0.814063 0.552083 0.100000 0.133333
0 0.521875 0.718750 0.100000 0.133333
0 0.425000 0.675000 0.100000 0.133333
0 0.107813 0.185417 0.100000 0.133333
0 0.879687 0.229167 0.100000 0.133333
0 0.389062 0.156250 0.100000 0.133333
0 0.337500 0.606250 0.100000 0.133333
0 0.679688 0.693750 0.100000 0.133333
0 0.337500 0.564583 0.100000 0.133333
0 0.284375 0.187500 0.100000 0.133333
0 0.382812 0.577083 0.100000 0.133333
0 0.453125 0.656250 0.100000 0.133333
0 0.751563 0.547917 0.100000 0.133333
0 0.454688 0.731250 0.100000 0.133333
0 0.112500 0.206250 0.100000 0.133333
0 0.660937 0.858333 0.100000 0.133333
0 0.579688 0.791667 0.100000 0.133333
0 0.737500 0.641667 0.100000 0.133333
0 0.304688 0.520833 0.100000 0.133333
0 0.400000 0.339583 0.100000 0.133333
0 0.157812 0.439583 0.100000 0.133333
0 0.884375 0.206250 0.100000 0.133333
0 0.504687 0.512500 0.100000 0.133333
0 0.251563 0.187500 0.100000 0.133333
0 0.104688 0.658333 0.100000 0.133333
0 0.582812 0.775000 0.100000 0.133333
0 0.593750 0.385417 0.100000 0.133333
0 0.559375 0.541667 0.100000 0.133333
0 0.368750 0.108333 0.100000 0.133333
0 0.342187 0.885417 0.100000 0.133333
0 0.364063 0.143750 0.100000 0.133333
0 0.375000 0.610417 0.100000 0.133333
0 0.295312 0.275000 0.100000 0.133333
0 0.298438 0.583333 0.100000 0.133333
0 0.743750 0.070833 0.100000 0.133333
0 0.442188 0.756250 0.100000 0.133333
0 0.139063 0.152083 0.100000 0.133333
0 0.281250 0.414583 0.100000 0.133333
0 0.384375 0.633333 0.100000 0.133333
0 0.254688 0.435417 0.100000 0.133333
0 0.170313 0.668750 0.100000 0.133333
0 0.839063 0.837500 0.100000 0.133333
0 0.156250 0.127083 0.100000 0.133333
0 0.104688 0.293750 0.100000 0.133333
0 0.585938 0.847917 0.100000 0.133333
0 0.128125 0.512500 0.100000 0.133333
0 0.293750 0.483333 0.100000 0.133333
0 0.628125 0.339583 0.100000 0.133333
0 0.235937 0.452083 0.100000 0.133333
0 0.507812 0.758333 0.100000 0.133333
0 0.895312 0.366667 0.100000 0.133333
0 0.685937 0.716667 0.100000 0.133333
0 0.353125 0.447917 0.100000 0.133333
0 0.200000 0.831250 0.100000 0.133333
0 0.771875 0.683333 0.100000 0.133333
0 0.401562 0.356250 0.100000 0.133333
0 0.854688 0.241667 0.100000 0.133333
0 0.278125 0.314583 0.100000 0.133333
0 0.896875 0.654167 0.100000 0.133333
0 0.526563 0.631250 0.100000 0.133333
0 0.715625 0.285417 0.100000 0.133333
0 0.796875 0.083333 0.100000 0.133333
0 0.520312 0.804167 0.100000 0.133333
0 0.846875 0.647917 0.100000 0.133333
0 0.115625 0.733333 0.100000 0.133333
0 0.354687 0.393750 0.100000 0.133333
0 0.798438 0.702083 0.100000 0.133333
0 0.471875 0.841667 0.100000 0.133333
0 0.335938 0.322917 0.100000 0.133333
0 0.820312 0.258333 0.100000 0.133333
0 0.603125 0.570833 0.100000 0.133333
0 0.853125 0.410417 0.100000 0.133333
0 0.646875 0.620833 0.100000 0.133333
0 0.517188 0.302083 0.100000 0.133333
0 0.114062 0.666667 0.100000 0.133333
0 0.828125 0.812500 0.100000 0.133333
0 0.242188 0.322917 0.100000 0.133333
0 0.601562 0.839583 0.100000 0.133333
0 0.526563 0.097917 0.100000 0.133333
0 0.570312 0.572917 0.100000 0.133333
0 0.167187 0.364583 0.100000 0.133333
0 0.656250 0.362500 0.100000 0.133333
0 0.265625 0.135417 0.100000 0.133333
0 0.203125 0.810417 0.100000 0.133333
0 0.515625 0.129167 0.100000 0.133333
0 0.718750 0.239583 0.100000 0.133333
0 0.610938 0.456250 0.100000 0.133333
0 0.854688 0.264583 0.100000 0.133333
0 0.748437 0.477083 0.100000 0.133333
0 0.787500 0.883333 0.100000 0.133333
0 0.443750 0.814583 0.100000 0.133333
0 0.454688 0.652083 0.100000 0.133333
0 0.745313 0.102083 0.100000 0.133333
0 0.462500 0.129167 0.100000 0.133333
0 0.667188 0.712500 0.100000 0.133333
0 0.365625 0.754167 0.100000 0.133333
0 0.551562 0.529167 0.100000 0.133333
0 0.820312 0.672917 0.100000 0.133333
0 0.464062 0.181250 0.100000 0.133333
0 0.679688 0.068750 0.100000 0.133333
0 0.570312 0.441667 0.100000 0.133333
0 0.331250 0.377083 0.100000 0.133333
0 0.781250 0.279167 0.100000 0.133333
0 0.862500 0.191667 0.100000 0.133333
0 0.107813 0.641667 0.100000 0.133333
0 0.864062 0.660417 0.100000 0.133333
0 0.657813 0.435417 0.100000 0.133333
0 0.417187 0.289583 0.100000 0.133333
0 0.350000 0.158333 0.100000 0.133333
0 0.417187 0.760417 0.100000 0.133333
0 0.729688 0.427083 0.100000 0.133333
0 0.206250 0.797917 0.100000 0.133333
0 0.392188 0.356250 0.100000 0.133333
0 0.815625 0.633333 0.100000 0.133333
0 0.529687 0.310417 0.100000 0.133333
0 0.348438 0.366667 0.100000 0.133333
0 0.440625 0.650000 0.100000 0.133333
0 0.132812 0.889583 0.100000 0.133333
0 0.884375 0.847917 0.100000 0.133333
0 0.132812 0.160417 0.100000 0.133333
0 0.810937 0.143750 0.100000 0.133333
0 0.478125 0.664583 0.100000 0.133333
0 0.701562 0.364583 0.100000 0.133333
0 0.423438 0.750000 0.100000 0.133333
0 0.545312 0.810417 0.100000 0.133333
0 0.748437 0.729167 0.100000 0.133333
0 0.159375 0.339583 0.100000 0.133333
1 0.648438 0.522917 0.100000 0.133333
1 0.187500 0.520833 0.100000 0.133333
1 0.664062 0.104167 0.100000 0.133333
1 0.857812 0.747917 0.100000 0.133333
1 0.514062 0.554167 0.100000 0.133333
