0 0.301563 0.460417 0.100000 0.133333
0 0.621875 0.614583 0.100000 0.133333
0 0.389062 0.752083 0.100000 0.133333
0 0.496875 0.731250 0.100000 0.133333
0 0.365625 0.883333 0.100000 0.133333
0 0.104688 0.745833 0.100000 0.133333
0 0.115625 0.741667 0.100000 0.133333
0 0.125000 0.356250 0.100000 0.133333
0 0.690625 0.695833 0.100000 0.133333
0 0.425000 0.516667 0.100000 0.133333
0 0.632812 0.685417 0.100000 0.133333
0 0.346875 0.102083 0.100000 0.133333
0 0.610938 0.708333 0.100000 0.133333
0 0.439063 0.491667 0.100000 0.133333
0 0.314063 0.502083 0.100000 0.133333
0 0.696875 0.793750 0.100000 0.133333
0 0.492188 0.495833 0.100000 0.133333
0 0.356250 0.258333 0.100000 0.133333
0 0.479687 0.883333 0.100000 0.133333
0 0.484375 0.812500 0.100000 0.133333
0 0.681250 0.212500 0.100000 0.133333
0 0.378125 0.147917 0.100000 0.133333
0 0.356250 0.566667 0.100000 0.133333
0 0.289062 0.145833 0.100000 0.133333
0 0.146875 0.760417 0.100000 0.133333
0 0.767188 0.166667 0.100000 0.133333
0 0.132812 0.362500 0.100000 0.133333
0 0.821875 0.127083 0.100000 0.133333
0 0.315625 0.670833 0.100000 0.133333
0 0.125000 0.804167 0.100000 0.133333
0 0.776563 0.622917 0.100000 0.133333
0 0.268750 0.185417 0.100000 0.133333
0 0.482812 0.735417 0.100000 0.133333
0 0.675000 0.641667 0.100000 0.133333
0 0.809375 0.118750 0.100000 0.133333
0 0.671875 0.462500 0.100000 0.133333
0 0.612500 0.383333 0.100000 0.133333
0 0.851562 0.316667 0.100000 0.133333
0 0.356250 0.825000 0.100000 0.133333
0 0.640625 0.108333 0.100000 0.133333
0 0.714063 0.706250 0.100000 0.133333
0 0.785937 0.572917 0.100000 0.133333
0 0.200000 0.789583 0.100000 0.133333
0 0.571875 0.779167 0.100000 0.133333
0 0.590625 0.850000 0.100000 0.133333
0 0.681250 0.143750 0.100000 0.133333
0 0.659375 0.477083 0.100000 0.133333
0 0.684375 0.506250 0.100000 0.133333
0 0.500000 0.227083 0.100000 0.133333
0 0.256250 0.818750 0.100000 0.133333
0 0.517188 0.077083 0.100000 0.133333
0 0.401562 0.227083 0.100000 0.133333
0 0.601562 0.445833 0.100000 0.133333
0 0.492188 0.147917 0.100000 0.133333
0 0.570312 0.127083 0.100000 0.133333
0 0.260937 0.647917 0.100000 0.133333
0 0.831250 0.270833 0.100000 0.133333
0 0.270313 0.447917 0.100000 0.133333
0 0.253125 0.304167 0.100000 0.133333
0 0.353125 0.483333 0.100000 0.133333
0 0.845313 0.522917 0.100000 0.133333
0 0.821875 0.350000 0.100000 0.133333
0 0.506250 0.785417 0.100000 0.133333
0 0.884375 0.756250 0.100000 0.133333
0 0.339062 0.697917 0.100000 0.133333
0 0.273438 0.441667 0.100000 0.133333
0 0.476562 0.418750 0.100000 0.133333
0 0.698438 0.566667 0.100000 0.133333
0 0.693750 0.281250 0.100000 0.133333
0 0.203125 0.600000 0.100000 0.133333
0 0.835938 0.718750 0.100000 0.133333
0 0.750000 0.295833 0.100000 0.133333
0 0.229687 0.477083 0.100000 0.133333
0 0.823438 0.112500 0.100000 0.133333
0 0.823438 0.691667 0.100000 0.133333
0 0.854688 0.208333 0.100000 0.133333
0 0.451562 0.400000 0.100000 0.133333
0 0.354687 0.429167 0.100000 0.133333
0 0.360938 0.810417 0.100000 0.133333
0 0.400000 0.675000 0.100000 0.133333
0 0.182812 0.333333 0.100000 0.133333
0 0.743750 0.727083 0.100000 0.133333
0 0.112500 0.370833 0.100000 0.133333
0 0.760938 0.118750 0.100000 0.133333
0 0.296875 0.462500 0.100000 0.133333
0 0.873437 0.800000 0.100000 0.133333
0 0.717187 0.420833 0.100000 0.133333
0 0.621875 0.089583 0.100000 0.133333
0 0.240625 0.156250 0.100000 0.133333
0 0.706250 0.854167 0.100000 0.133333
0 0.295312 0.618750 0.100000 0.133333
0 0.504687 0.731250 0.100000 0.133333
0 0.625000 0.435417 0.100000 0.133333
0 0.114062 0.085417 0.100000 0.133333
0 0.159375 0.304167 0.100000 0.133333
0 0.723437 0.875000 0.100000 0.133333
0 0.575000 0.527083 0.100000 0.133333
0 0.653125 0.754167 0.100000 0.133333
0 0.332813 0.404167 0.100000 0.133333
0 0.782813 0.250000 0.100000 0.133333
0 0.668750 0.464583 0.100000 0.133333
0 0.792188 0.766667 0.100000 0.133333
0 0.389062 0.464583 0.100000 0.133333
0 0.845313 0.768750 0.100000 0.133333
0 0.135937 0.100000 0.100000 0.133333
0 0.629687 0.393750 0.100000 0.133333
0 0.235937 0.379167 0.100000 0.133333
0 0.895312 0.650000 0.100000 0.133333
0 0.178125 0.410417 0.100000 0.133333
0 0.312500 0.752083 0.100000 0.133333
0 0.390625 0.270833 0.100000 0.133333
0 0.429688 0.162500 0.100000 0.133333
0 0.529687 0.681250 0.100000 0.133333
0 0.801562 0.662500 0.100000 0.133333
0 0.335938 0.479167 0.100000 0.133333
0 0.770312 0.277083 0.100000 0.133333
0 0.107813 0.250000 0.100000 0.133333
0 0.720313 0.083333 0.100000 0.133333
0 0.182812 0.191667 0.100000 0.133333
0 0.507812 0.106250 0.100000 0.133333
0 0.739062 0.256250 0.100000 0.133333
0 0.610938 0.691667 0.100000 0.133333
0 0.512500 0.370833 0.100000 0.133333
0 0.728125 0.414583 0.100000 0.133333
0 0.681250 0.414583 0.100000 0.133333
0 0.229687 0.556250 0.100000 0.133333
0 0.450000 0.162500 0.100000 0.133333
0 0.331250 0.245833 0.100000 0.133333
0 0.654687 0.281250 0.100000 0.133333
0 0.389062 0.231250 0.100000 0.133333
0 0.651563 0.235417 0.100000 0.133333
0 0.793750 0.777083 0.100000 0.133333
0 0.259375 0.122917 0.100000 0.133333
0 0.792188 0.204167 0.100000 0.133333
0 0.257812 0.122917 0.100000 0.133333
0 0.659375 0.414583 0.100000 0.133333
0 0.764062 0.325000 0.100000 0.133333
0 0.276562 0.302083 0.100000 0.133333
0 0.232813 0.587500 0.100000 0.133333
0 0.660937 0.131250 0.100000 0.133333
0 0.246875 0.493750 0.100000 0.133333
0 0.375000 0.202083 0.100000 0.133333
0 0.481250 0.754167 0.100000 0.133333
0 0.876563 0.593750 0.100000 0.133333
0 0.578125 0.110417 0.100000 0.133333
0 0.279687 0.802083 0.100000 0.133333
0 0.226562 0.685417 0.100000 0.133333
0 0.548438 0.383333 0.100000 0.133333
0 0.414062 0.537500 0.100000 0.133333
0 0.179688 0.585417 0.100000 0.133333
1 0.640625 0.689583 0.100000 0.133333
1 0.779687 0.860417 0.100000 0.133333
1 0.793750 0.112500 0.100000 0.133333
1 0.934375 0.070833 0.100000 0.133333
1 0.639062 0.552083 0.100000 0.133333
