0 0.640625 0.104167 0.100000 0.133333
0 0.426563 0.229167 0.100000 0.133333
0 0.843750 0.795833 0.100000 0.133333
0 0.296875 0.402083 0.100000 0.133333
0 0.546875 0.481250 0.100000 0.133333
0 0.285938 0.835417 0.100000 0.133333
0 0.403125 0.866667 0.100000 0.133333
0 0.225000 0.587500 0.100000 0.133333
0 0.415625 0.531250 0.100000 0.133333
0 0.293750 0.400000 0.100000 0.133333
0 0.828125 0.233333 0.100000 0.133333
0 0.206250 0.122917 0.100000 0.133333
0 0.117188 0.195833 0.100000 0.133333
0 0.148438 0.156250 0.100000 0.133333
0 0.787500 0.647917 0.100000 0.133333
0 0.776563 0.077083 0.100000 0.133333
0 0.462500 0.854167 0.100000 0.133333
0 0.295312 0.312500 0.100000 0.133333
0 0.276562 0.822917 0.100000 0.133333
0 0.681250 0.279167 0.100000 0.133333
0 0.584375 0.135417 0.100000 0.133333
0 0.768750 0.068750 0.100000 0.133333
0 0.618750 0.725000 0.100000 0.133333
0 0.607812 0.547917 0.100000 0.133333
0 0.475000 0.587500 0.100000 0.133333
0 0.348438 0.600000 0.100000 0.133333
0 0.509375 0.089583 0.100000 0.133333
0 0.718750 0.529167 0.100000 0.133333
0 0.542188 0.368750 0.100000 0.133333
0 0.507812 0.266667 0.100000 0.133333
0 0.643750 0.681250 0.100000 0.133333
0 0.103125 0.320833 0.100000 0.133333
0 0.170313 0.081250 0.100000 0.133333
0 0.264062 0.127083 0.100000 0.133333
0 0.823438 0.389583 0.100000 0.133333
0 0.460938 0.204167 0.100000 0.133333
0 0.345313 0.833333 0.100000 0.133333
0 0.381250 0.783333 0.100000 0.133333
0 0.207813 0.187500 0.100000 0.133333
0 0.203125 0.425000 0.100000 0.133333
0 0.171875 0.645833 0.100000 0.133333
0 0.656250 0.335417 0.100000 0.133333
0 0.785937 0.089583 0.100000 0.133333
0 0.748437 0.495833 0.100000 0.133333
0 0.765625 0.279167 0.100000 0.133333
0 0.214062 0.654167 0.100000 0.133333
0 0.742188 0.383333 0.100000 0.133333
0 0.681250 0.864583 0.100000 0.133333
0 0.139063 0.193750 0.100000 0.133333
0 0.823438 0.075000 0.100000 0.133333
0 0.895312 0.875000 0.100000 0.133333
0 0.809375 0.829167 0.100000 0.133333
0 0.748437 0.714583 0.100000 0.133333
0 0.475000 0.404167 0.100000 0.133333
0 0.193750 0.514583 0.100000 0.133333
0 0.348438 0.300000 0.100000 0.133333
0 0.714063 0.837500 0.100000 0.133333
0 0.540625 0.454167 0.100000 0.133333
0 0.820312 0.316667 0.100000 0.133333
0 0.617188 0.456250 0.100000 0.133333
0 0.439063 0.712500 0.100000 0.133333
0 0.239063 0.252083 0.100000 0.133333
0 0.242188 0.431250 0.100000 0.133333
0 0.528125 0.677083 0.100000 0.133333
0 0.821875 0.104167 0.100000 0.133333
0 0.582812 0.883333 0.100000 0.133333
0 0.340625 0.275000 0.100000 0.133333
0 0.459375 0.656250 0.100000 0.133333
0 0.398438 0.095833 0.100000 0.133333
0 0.579688 0.379167 0.100000 0.133333
0 0.501563 0.500000 0.100000 0.133333
0 0.443750 0.125000 0.100000 0.133333
0 0.204687 0.208333 0.100000 0.133333
0 0.628125 0.868750 0.100000 0.133333
0 0.706250 0.185417 0.100000 0.133333
0 0.409375 0.510417 0.100000 0.133333
0 0.521875 0.539583 0.100000 0.133333
0 0.439063 0.672917 0.100000 0.133333
0 0.212500 0.860417 0.100000 0.133333
0 0.354687 0.770833 0.100000 0.133333
0 0.220312 0.418750 0.100000 0.133333
0 0.254688 0.193750 0.100000 0.133333
0 0.889062 0.685417 0.100000 0.133333
0 0.676562 0.337500 0.100000 0.133333
0 0.295312 0.491667 0.100000 0.133333
0 0.534375 0.362500 0.100000 0.133333
0 0.303125 0.781250 0.100000 0.133333
0 0.853125 0.829167 0.100000 0.133333
0 0.439063 0.747917 0.100000 0.133333
0 0.221875 0.639583 0.100000 0.133333
0 0.425000 0.325000 0.100000 0.133333
0 0.439063 0.314583 0.100000 0.133333
0 0.382812 0.870833 0.100000 0.133333
0 0.539062 0.312500 0.100000 0.133333
0 0.729688 0.502083 0.100000 0.133333
0 0.803125 0.218750 0.100000 0.133333
0 0.429688 0.416667 0.100000 0.133333
0 0.471875 0.708333 0.100000 0.133333
0 0.181250 0.202083 0.100000 0.133333
0 0.517188 0.739583 0.100000 0.133333
0 0.306250 0.804167 0.100000 0.133333
0 0.750000 0.391667 0.100000 0.133333
0 0.300000 0.260417 0.100000 0.133333
0 0.482812 0.118750 0.100000 0.133333
0 0.440625 0.735417 0.100000 0.133333
0 0.410938 0.268750 0.100000 0.133333
0 0.181250 0.775000 0.100000 0.133333
0 0.462500 0.537500 0.100000 0.133333
0 0.885938 0.354167 0.100000 0.133333
0 0.353125 0.287500 0.100000 0.133333
0 0.323437 0.452083 0.100000 0.133333
0 0.195312 0.408333 0.100000 0.133333
0 0.864062 0.720833 0.100000 0.133333
0 0.260937 0.131250 0.100000 0.133333
0 0.676562 0.552083 0.100000 0.133333
0 0.684375 0.179167 0.100000 0.133333
0 0.662500 0.497917 0.100000 0.133333
0 0.887500 0.558333 0.100000 0.133333
0 0.178125 0.352083 0.100000 0.133333
0 0.175000 0.352083 0.100000 0.133333
0 0.273438 0.089583 0.100000 0.133333
0 0.314063 0.320833 0.100000 0.133333
0 0.737500 0.860417 0.100000 0.133333
0 0.810937 0.343750 0.100000 0.133333
0 0.426563 0.377083 0.100000 0.133333
0 0.589063 0.618750 0.100000 0.133333
0 0.431250 0.310417 0.100000 0.133333
0 0.173437 0.483333 0.100000 0.133333
0 0.487500 0.197917 0.100000 0.133333
0 0.445312 0.666667 0.100000 0.133333
0 0.467187 0.841667 0.100000 0.133333
0 0.595313 0.220833 0.100000 0.133333
0 0.312500 0.093750 0.100000 0.133333
0 0.393750 0.383333 0.100000 0.133333
0 0.695312 0.639583 0.100000 0.133333
0 0.756250 0.118750 0.100000 0.133333
0 0.823438 0.531250 0.100000 0.133333
0 0.329688 0.502083 0.100000 0.133333
0 0.132812 0.670833 0.100000 0.133333
0 0.250000 0.683333 0.100000 0.133333
0 0.243750 0.802083 0.100000 0.133333
0 0.279687 0.347917 0.100000 0.133333
0 0.496875 0.172917 0.100000 0.133333
0 0.892188 0.302083 0.100000 0.133333
0 0.446875 0.197917 0.100000 0.133333
0 0.182812 0.556250 0.100000 0.133333
0 0.335938 0.700000 0.100000 0.133333
0 0.514062 0.518750 0.100000 0.133333
0 0.700000 0.522917 0.100000 0.133333
0 0.896875 0.372917 0.100000 0.133333
1 0.650000 0.675000 0.100000 0.133333
1 0.846875 0.883333 0.100000 0.133333
1 0.476562 0.685417 0.100000 0.133333
1 0.806250 0.289583 0.100000 0.133333
1 0.145313 0.206250 0.100000 0.133333
