0 0.832812 0.241667 0.100000 0.133333
0 0.659375 0.881250 0.100000 0.133333
0 0.567187 0.366667 0.100000 0.133333
0 0.484375 0.097917 0.100000 0.133333
0 0.632812 0.702083 0.100000 0.133333
0 0.429688 0.250000 0.100000 0.133333
0 0.520312 0.272917 0.100000 0.133333
0 0.862500 0.766667 0.100000 0.133333
0 0.304688 0.370833 0.100000 0.133333
0 0.368750 0.614583 0.100000 0.133333
0 0.637500 0.568750 0.100000 0.133333
0 0.120313 0.708333 0.100000 0.133333
0 0.610938 0.231250 0.100000 0.133333
0 0.114062 0.472917 0.100000 0.133333
0 0.206250 0.612500 0.100000 0.133333
0 0.509375 0.385417 0.100000 0.133333
0 0.190625 0.706250 0.100000 0.133333
0 0.126562 0.522917 0.100000 0.133333
0 0.318750 0.231250 0.100000 0.133333
0 0.112500 0.518750 0.100000 0.133333
0 0.448437 0.775000 0.100000 0.133333
0 0.395313 0.404167 0.100000 0.133333
0 0.273438 0.810417 0.100000 0.133333
0 0.842187 0.889583 0.100000 0.133333
0 0.787500 0.652083 0.100000 0.133333
0 0.523438 0.750000 0.100000 0.133333
0 0.190625 0.564583 0.100000 0.133333
0 0.654687 0.816667 0.100000 0.133333
0 0.587500 0.510417 0.100000 0.133333
0 0.567187 0.112500 0.100000 0.133333
0 0.656250 0.464583 0.100000 0.133333
0 0.560937 0.183333 0.100000 0.133333
0 0.862500 0.225000 0.100000 0.133333
0 0.146875 0.743750 0.100000 0.133333
0 0.112500 0.887500 0.100000 0.133333
0 0.334375 0.145833 0.100000 0.133333
0 0.728125 0.633333 0.100000 0.133333
0 0.864062 0.477083 0.100000 0.133333
0 0.395313 0.143750 0.100000 0.133333
0 0.409375 0.397917 0.100000 0.133333
0 0.143750 0.231250 0.100000 0.133333
0 0.646875 0.468750 0.100000 0.133333
0 0.120313 0.447917 0.100000 0.133333
0 0.295312 0.152083 0.100000 0.133333
0 0.307812 0.570833 0.100000 0.133333
0 0.542188 0.291667 0.100000 0.133333
0 0.715625 0.147917 0.100000 0.133333
0 0.757812 0.664583 0.100000 0.133333
0 0.235937 0.397917 0.100000 0.133333
0 0.173437 0.172917 0.100000 0.133333
0 0.723437 0.631250 0.100000 0.133333
0 0.615625 0.785417 0.100000 0.133333
0 0.484375 0.568750 0.100000 0.133333
0 0.396875 0.395833 0.100000 0.133333
0 0.317188 0.504167 0.100000 0.133333
0 0.467187 0.166667 0.100000 0.133333
0 0.601562 0.622917 0.100000 0.133333
0 0.501563 0.793750 0.100000 0.133333
0 0.223438 0.312500 0.100000 0.133333
0 0.576562 0.804167 0.100000 0.133333
0 0.153125 0.187500 0.100000 0.133333
0 0.614062 0.779167 0.100000 0.133333
0 0.410938 0.747917 0.100000 0.133333
0 0.256250 0.435417 0.100000 0.133333
0 0.471875 0.477083 0.100000 0.133333
0 0.457813 0.850000 0.100000 0.133333
0 0.743750 0.343750 0.100000 0.133333
0 0.631250 0.635417 0.100000 0.133333
0 0.121875 0.295833 0.100000 0.133333
0 0.573438 0.375000 0.100000 0.133333
0 0.410938 0.650000 0.100000 0.133333
0 0.437500 0.441667 0.100000 0.133333
0 0.198437 0.633333 0.100000 0.133333
0 0.226562 0.166667 0.100000 0.133333
0 0.606250 0.604167 0.100000 0.133333
0 0.221875 0.187500 0.100000 0.133333
0 0.200000 0.352083 0.100000 0.133333
0 0.246875 0.852083 0.100000 0.133333
0 0.373437 0.133333 0.100000 0.133333
0 0.765625 0.268750 0.100000 0.133333
0 0.335938 0.470833 0.100000 0.133333
0 0.785937 0.581250 0.100000 0.133333
0 0.785937 0.302083 0.100000 0.133333
0 0.881250 0.675000 0.100000 0.133333
0 0.351562 0.795833 0.100000 0.133333
0 0.437500 0.350000 0.100000 0.133333
0 0.760938 0.672917 0.100000 0.133333
0 0.612500 0.543750 0.100000 0.133333
0 0.800000 0.777083 0.100000 0.133333
0 0.559375 0.233333 0.100000 0.133333
0 0.378125 0.556250 0.100000 0.133333
0 0.764062 0.562500 0.100000 0.133333
0 0.198437 0.556250 0.100000 0.133333
0 0.351562 0.675000 0.100000 0.133333
0 0.673438 0.181250 0.100000 0.133333
0 0.823438 0.614583 0.100000 0.133333
0 0.412500 0.662500 0.100000 0.133333
0 0.851562 0.418750 0.100000 0.133333
0 0.684375 0.185417 0.100000 0.133333
0 0.467187 0.470833 0.100000 0.133333
0 0.475000 0.516667 0.100000 0.133333
0 0.796875 0.595833 0.100000 0.133333
0 0.742188 0.322917 0.100000 0.133333
0 0.518750 0.308333 0.100000 0.133333
0 0.600000 0.358333 0.100000 0.133333
0 0.596875 0.854167 0.100000 0.133333
0 0.870313 0.095833 0.100000 0.133333
0 0.754687 0.533333 0.100000 0.133333
0 0.535937 0.816667 0.100000 0.133333
0 0.437500 0.385417 0.100000 0.133333
0 0.751563 0.445833 0.100000 0.133333
0 0.814063 0.447917 0.100000 0.133333
0 0.848437 0.404167 0.100000 0.133333
0 0.173437 0.768750 0.100000 0.133333
0 0.892188 0.752083 0.100000 0.133333
0 0.465625 0.654167 0.100000 0.133333
0 0.251563 0.320833 0.100000 0.133333
0 0.448437 0.433333 0.100000 0.133333
0 0.354687 0.410417 0.100000 0.133333
0 0.165625 0.577083 0.100000 0.133333
0 0.510938 0.072917 0.100000 0.133333
0 0.846875 0.700000 0.100000 0.133333
0 0.793750 0.177083 0.100000 0.133333
0 0.851562 0.493750 0.100000 0.133333
0 0.676562 0.143750 0.100000 0.133333
0 0.412500 0.304167 0.100000 0.133333
0 0.514062 0.364583 0.100000 0.133333
0 0.253125 0.679167 0.100000 0.133333
0 0.342187 0.416667 0.100000 0.133333
0 0.664062 0.100000 0.100000 0.133333
0 0.784375 0.291667 0.100000 0.133333
0 0.168750 0.512500 0.100000 0.133333
0 0.456250 0.293750 0.100000 0.133333
0 0.335938 0.591667 0.100000 0.133333
0 0.253125 0.689583 0.100000 0.133333
0 0.193750 0.285417 0.100000 0.133333
0 0.623437 0.122917 0.100000 0.133333
0 0.592187 0.587500 0.100000 0.133333
0 0.582812 0.252083 0.100000 0.133333
0 0.296875 0.654167 0.100000 0.133333
0 0.573438 0.437500 0.100000 0.133333
0 0.821875 0.847917 0.100000 0.133333
0 0.760938 0.500000 0.100000 0.133333
0 0.560937 0.252083 0.100000 0.133333
0 0.573438 0.560417 0.100000 0.133333
0 0.117188 0.795833 0.100000 0.133333
0 0.762500 0.758333 0.100000 0.133333
0 0.373437 0.514583 0.100000 0.133333
0 0.564063 0.525000 0.100000 0.133333
0 0.720313 0.452083 0.100000 0.133333
1 0.492188 0.562500 0.100000 0.133333
1 0.887500 0.481250 0.100000 0.133333
1 0.850000 0.235417 0.100000 0.133333
1 0.703125 0.833333 0.100000 0.133333
1 0.410938 0.697917 0.100000 0.133333
