0 0.615625 0.793750 0.100000 0.133333
0 0.215625 0.512500 0.100000 0.133333
0 0.206250 0.631250 0.100000 0.133333
0 0.900000 0.300000 0.100000 0.133333
0 0.760938 0.625000 0.100000 0.133333
0 0.612500 0.241667 0.100000 0.133333
0 0.731250 0.295833 0.100000 0.133333
0 0.420312 0.620833 0.100000 0.133333
0 0.895312 0.293750 0.100000 0.133333
0 0.764062 0.850000 0.100000 0.133333
0 0.192188 0.783333 0.100000 0.133333
0 0.553125 0.370833 0.100000 0.133333
0 0.506250 0.891667 0.100000 0.133333
0 0.678125 0.641667 0.100000 0.133333
0 0.684375 0.347917 0.100000 0.133333
0 0.281250 0.883333 0.100000 0.133333
0 0.587500 0.216667 0.100000 0.133333
0 0.323437 0.593750 0.100000 0.133333
0 0.250000 0.637500 0.100000 0.133333
0 0.356250 0.427083 0.100000 0.133333
0 0.804688 0.281250 0.100000 0.133333
0 0.421875 0.195833 0.100000 0.133333
0 0.642188 0.845833 0.100000 0.133333
0 0.850000 0.327083 0.100000 0.133333
0 0.575000 0.293750 0.100000 0.133333
0 0.457813 0.141667 0.100000 0.133333
0 0.496875 0.112500 0.100000 0.133333
0 0.868750 0.545833 0.100000 0.133333
0 0.101562 0.791667 0.100000 0.133333
0 0.840625 0.889583 0.100000 0.133333
0 0.585938 0.177083 0.100000 0.133333
0 0.753125 0.797917 0.100000 0.133333
0 0.779687 0.672917 0.100000 0.133333
0 0.303125 0.393750 0.100000 0.133333
0 0.257812 0.297917 0.100000 0.133333
0 0.353125 0.706250 0.100000 0.133333
0 0.646875 0.366667 0.100000 0.133333
0 0.170313 0.633333 0.100000 0.133333
0 0.726562 0.556250 0.100000 0.133333
0 0.817187 0.112500 0.100000 0.133333
0 0.367188 0.681250 0.100000 0.133333
0 0.156250 0.566667 0.100000 0.133333
0 0.585938 0.254167 0.100000 0.133333
0 0.889062 0.091667 0.100000 0.133333
0 0.507812 0.110417 0.100000 0.133333
0 0.526563 0.562500 0.100000 0.133333
0 0.651563 0.410417 0.100000 0.133333
0 0.415625 0.204167 0.100000 0.133333
0 0.812500 0.322917 0.100000 0.133333
0 0.517188 0.145833 0.100000 0.133333
0 0.809375 0.741667 0.100000 0.133333
0 0.426563 0.591667 0.100000 0.133333
0 0.303125 0.883333 0.100000 0.133333
0 0.343750 0.666667 0.100000 0.133333
0 0.756250 0.300000 0.100000 0.133333
0 0.489063 0.827083 0.100000 0.133333
0 0.657813 0.252083 0.100000 0.133333
0 0.404687 0.450000 0.100000 0.133333
0 0.207813 0.887500 0.100000 0.133333
0 0.428125 0.320833 0.100000 0.133333
0 0.176563 0.264583 0.100000 0.133333
0 0.762500 0.589583 0.100000 0.133333
0 0.254688 0.622917 0.100000 0.133333
0 0.876563 0.706250 0.100000 0.133333
0 0.554688 0.164583 0.100000 0.133333
0 0.887500 0.585417 0.100000 0.133333
0 0.823438 0.814583 0.100000 0.133333
0 0.848437 0.256250 0.100000 0.133333
0 0.548438 0.408333 0.100000 0.133333
0 0.435937 0.783333 0.100000 0.133333
0 0.481250 0.564583 0.100000 0.133333
0 0.556250 0.789583 0.100000 0.133333
0 0.896875 0.587500 0.100000 0.133333
0 0.585938 0.887500 0.100000 0.133333
0 0.162500 0.391667 0.100000 0.133333
0 0.375000 0.354167 0.100000 0.133333
0 0.679688 0.704167 0.100000 0.133333
0 0.621875 0.866667 0.100000 0.133333
0 0.156250 0.385417 0.100000 0.133333
0 0.775000 0.791667 0.100000 0.133333
0 0.775000 0.631250 0.100000 0.133333
0 0.231250 0.112500 0.100000 0.133333
0 0.489063 0.435417 0.100000 0.133333
0 0.581250 0.429167 0.100000 0.133333
0 0.140625 0.375000 0.100000 0.133333
0 0.475000 0.193750 0.100000 0.133333
0 0.254688 0.627083 0.100000 0.133333
0 0.307812 0.768750 0.100000 0.133333
0 0.854688 0.306250 0.100000 0.133333
0 0.365625 0.533333 0.100000 0.133333
0 0.193750 0.579167 0.100000 0.133333
0 0.546875 0.891667 0.100000 0.133333
0 0.434375 0.172917 0.100000 0.133333
0 0.643750 0.527083 0.100000 0.133333
0 0.689063 0.608333 0.100000 0.133333
0 0.212500 0.104167 0.100000 0.133333
0 0.175000 0.627083 0.100000 0.133333
0 0.860938 0.093750 0.100000 0.133333
0 0.243750 0.316667 0.100000 0.133333
0 0.471875 0.766667 0.100000 0.133333
0 0.498437 0.322917 0.100000 0.133333
0 0.193750 0.095833 0.100000 0.133333
0 0.271875 0.502083 0.100000 0.133333
0 0.431250 0.070833 0.100000 0.133333
0 0.246875 0.766667 0.100000 0.133333
0 0.509375 0.162500 0.100000 0.133333
0 0.303125 0.554167 0.100000 0.133333
0 0.398438 0.670833 0.100000 0.133333
0 0.879687 0.700000 0.100000 0.133333
0 0.637500 0.889583 0.100000 0.133333
0 0.609375 0.216667 0.100000 0.133333
0 0.292187 0.585417 0.100000 0.133333
0 0.254688 0.318750 0.100000 0.133333
0 0.310937 0.152083 0.100000 0.133333
0 0.437500 0.197917 0.100000 0.133333
0 0.201563 0.612500 0.100000 0.133333
0 0.693750 0.816667 0.100000 0.133333
0 0.732812 0.620833 0.100000 0.133333
0 0.728125 0.343750 0.100000 0.133333
0 0.781250 0.660417 0.100000 0.133333
0 0.875000 0.608333 0.100000 0.133333
0 0.842187 0.833333 0.100000 0.133333
0 0.806250 0.237500 0.100000 0.133333
0 0.592187 0.139583 0.100000 0.133333
0 0.560937 0.481250 0.100000 0.133333
0 0.395313 0.762500 0.100000 0.133333
0 0.506250 0.270833 0.100000 0.133333
0 0.740625 0.795833 0.100000 0.133333
0 0.579688 0.506250 0.100000 0.133333
0 0.423438 0.387500 0.100000 0.133333
0 0.812500 0.750000 0.100000 0.133333
0 0.487500 0.075000 0.100000 0.133333
0 0.245312 0.481250 0.100000 0.133333
0 0.454688 0.266667 0.100000 0.133333
0 0.759375 0.087500 0.100000 0.133333
0 0.367188 0.879167 0.100000 0.133333
0 0.871875 0.250000 0.100000 0.133333
0 0.590625 0.129167 0.100000 0.133333
0 0.350000 0.393750 0.100000 0.133333
0 0.156250 0.308333 0.100000 0.133333
0 0.128125 0.756250 0.100000 0.133333
0 0.296875 0.764583 0.100000 0.133333
0 0.189062 0.429167 0.100000 0.133333
0 0.478125 0.387500 0.100000 0.133333
0 0.675000 0.572917 0.100000 0.133333
0 0.562500 0.856250 0.100000 0.133333
0 0.867188 0.141667 0.100000 0.133333
0 0.693750 0.339583 0.100000 0.133333
0 0.579688 0.210417 0.100000 0.133333
0 0.637500 0.356250 0.100000 0.133333
1 0.740625 0.162500 0.100000 0.133333
1 0.203125 0.100000 0.100000 0.133333
1 0.503125 0.725000 0.100000 0.133333
1 0.134375 0.141667 0.100000 0.133333
1 0.812500 0.875000 0.100000 0.133333
