0 0.870313 0.279167 0.100000 0.133333
0 0.856250 0.418750 0.100000 0.133333
0 0.125000 0.497917 0.100000 0.133333
0 0.153125 0.281250 0.100000 0.133333
0 0.173437 0.731250 0.100000 0.133333
0 0.557813 0.635417 0.100000 0.133333
0 0.614062 0.243750 0.100000 0.133333
0 0.506250 0.235417 0.100000 0.133333
0 0.312500 0.747917 0.100000 0.133333
0 0.364063 0.372917 0.100000 0.133333
0 0.834375 0.489583 0.100000 0.133333
0 0.275000 0.389583 0.100000 0.133333
0 0.156250 0.233333 0.100000 0.133333
0 0.671875 0.191667 0.100000 0.133333
0 0.209375 0.283333 0.100000 0.133333
0 0.589063 0.597917 0.100000 0.133333
0 0.184375 0.158333 0.100000 0.133333
0 0.243750 0.335417 0.100000 0.133333
0 0.796875 0.829167 0.100000 0.133333
0 0.664062 0.072917 0.100000 0.133333
0 0.553125 0.116667 0.100000 0.133333
0 0.892188 0.718750 0.100000 0.133333
0 0.371875 0.095833 0.100000 0.133333
0 0.568750 0.418750 0.100000 0.133333
0 0.595313 0.800000 0.100000 0.133333
0 0.193750 0.866667 0.100000 0.133333
0 0.884375 0.587500 0.100000 0.133333
0 0.125000 0.737500 0.100000 0.133333
0 0.212500 0.264583 0.100000 0.133333
0 0.589063 0.764583 0.100000 0.133333
0 0.346875 0.070833 0.100000 0.133333
0 0.310937 0.202083 0.100000 0.133333
0 0.342187 0.345833 0.100000 0.133333
0 0.218750 0.602083 0.100000 0.133333
0 0.289062 0.204167 0.100000 0.133333
0 0.362500 0.254167 0.100000 0.133333
0 0.223438 0.210417 0.100000 0.133333
0 0.362500 0.393750 0.100000 0.133333
0 0.390625 0.475000 0.100000 0.133333
0 0.823438 0.164583 0.100000 0.133333
0 0.170313 0.189583 0.100000 0.133333
0 0.829688 0.585417 0.100000 0.133333
0 0.818750 0.868750 0.100000 0.133333
0 0.292187 0.454167 0.100000 0.133333
0 0.445312 0.852083 0.100000 0.133333
0 0.612500 0.152083 0.100000 0.133333
0 0.284375 0.337500 0.100000 0.133333
0 0.690625 0.241667 0.100000 0.133333
0 0.621875 0.285417 0.100000 0.133333
0 0.629687 0.291667 0.100000 0.133333
0 0.432812 0.110417 0.100000 0.133333
0 0.503125 0.158333 0.100000 0.133333
0 0.514062 0.122917 0.100000 0.133333
0 0.753125 0.083333 0.100000 0.133333
0 0.109375 0.620833 0.100000 0.133333
0 0.620313 0.766667 0.100000 0.133333
0 0.662500 0.485417 0.100000 0.133333
0 0.785937 0.687500 0.100000 0.133333
0 0.314063 0.664583 0.100000 0.133333
0 0.268750 0.597917 0.100000 0.133333
0 0.395313 0.383333 0.100000 0.133333
0 0.775000 0.183333 0.100000 0.133333
0 0.779687 0.135417 0.100000 0.133333
0 0.256250 0.077083 0.100000 0.133333
0 0.415625 0.495833 0.100000 0.133333
0 0.781250 0.822917 0.100000 0.133333
0 0.371875 0.614583 0.100000 0.133333
0 0.168750 0.858333 0.100000 0.133333
0 0.446875 0.150000 0.100000 0.133333
0 0.196875 0.291667 0.100000 0.133333
0 0.317188 0.760417 0.100000 0.133333
0 0.851562 0.227083 0.100000 0.133333
0 0.118750 0.379167 0.100000 0.133333
0 0.740625 0.102083 0.100000 0.133333
0 0.340625 0.816667 0.100000 0.133333
0 0.153125 0.091667 0.100000 0.133333
0 0.318750 0.100000 0.100000 0.133333
0 0.793750 0.743750 0.100000 0.133333
0 0.603125 0.656250 0.100000 0.133333
0 0.260937 0.212500 0.100000 0.133333
0 0.239063 0.391667 0.100000 0.133333
0 0.693750 0.447917 0.100000 0.133333
0 0.592187 0.489583 0.100000 0.133333
0 0.176563 0.262500 0.100000 0.133333
0 0.606250 0.877083 0.100000 0.133333
0 0.293750 0.100000 0.100000 0.133333
0 0.129688 0.202083 0.100000 0.133333
0 0.864062 0.525000 0.100000 0.133333
0 0.423438 0.372917 0.100000 0.133333
0 0.165625 0.162500 0.100000 0.133333
0 0.703125 0.856250 0.100000 0.133333
0 0.453125 0.675000 0.100000 0.133333
0 0.267188 0.077083 0.100000 0.133333
0 0.550000 0.441667 0.100000 0.133333
0 0.314063 0.718750 0.100000 0.133333
0 0.103125 0.162500 0.100000 0.133333
0 0.776563 0.258333 0.100000 0.133333
0 0.351562 0.443750 0.100000 0.133333
0 0.248438 0.454167 0.100000 0.133333
0 0.784375 0.662500 0.100000 0.133333
0 0.203125 0.766667 0.100000 0.133333
0 0.256250 0.122917 0.100000 0.133333
0 0.243750 0.077083 0.100000 0.133333
0 0.190625 0.645833 0.100000 0.133333
0 0.290625 0.762500 0.100000 0.133333
0 0.315625 0.452083 0.100000 0.133333
0 0.151562 0.354167 0.100000 0.133333
0 0.303125 0.116667 0.100000 0.133333
0 0.653125 0.264583 0.100000 0.133333
0 0.578125 0.631250 0.100000 0.133333
0 0.535937 0.095833 0.100000 0.133333
0 0.812500 0.437500 0.100000 0.133333
0 0.267188 0.556250 0.100000 0.133333
0 0.145313 0.643750 0.100000 0.133333
0 0.498437 0.793750 0.100000 0.133333
0 0.690625 0.660417 0.100000 0.133333
0 0.890625 0.266667 0.100000 0.133333
0 0.682813 0.156250 0.100000 0.133333
0 0.725000 0.402083 0.100000 0.133333
0 0.415625 0.841667 0.100000 0.133333
0 0.417187 0.379167 0.100000 0.133333
0 0.768750 0.272917 0.100000 0.133333
0 0.642188 0.079167 0.100000 0.133333
0 0.598437 0.506250 0.100000 0.133333
0 0.453125 0.360417 0.100000 0.133333
0 0.803125 0.077083 0.100000 0.133333
0 0.759375 0.831250 0.100000 0.133333
0 0.621875 0.156250 0.100000 0.133333
0 0.768750 0.860417 0.100000 0.133333
0 0.831250 0.704167 0.100000 0.133333
0 0.678125 0.733333 0.100000 0.133333
0 0.787500 0.302083 0.100000 0.133333
0 0.364063 0.264583 0.100000 0.133333
0 0.548438 0.731250 0.100000 0.133333
0 0.900000 0.116667 0.100000 0.133333
0 0.167187 0.275000 0.100000 0.133333
0 0.559375 0.356250 0.100000 0.133333
0 0.275000 0.620833 0.100000 0.133333
0 0.196875 0.633333 0.100000 0.133333
0 0.778125 0.139583 0.100000 0.133333
0 0.462500 0.835417 0.100000 0.133333
0 0.495312 0.381250 0.100000 0.133333
0 0.267188 0.858333 0.100000 0.133333
0 0.254688 0.564583 0.100000 0.133333
0 0.650000 0.793750 0.100000 0.133333
0 0.615625 0.608333 0.100000 0.133333
0 0.228125 0.120833 0.100000 0.133333
0 0.479687 0.072917 0.100000 0.133333
0 0.596875 0.556250 0.100000 0.133333
0 0.162500 0.577083 0.100000 0.133333
1 0.139063 0.904167 0.100000 0.133333
1 0.225000 0.164583 0.100000 0.133333
1 0.256250 0.139583 0.100000 0.133333
1 0.432812 0.133333 0.100000 0.133333
1 0.368750 0.527083 0.100000 0.133333
