0 0.325000 0.554167 0.100000 0.133333
0 0.314063 0.785417 0.100000 0.133333
0 0.679688 0.408333 0.100000 0.133333
0 0.762500 0.550000 0.100000 0.133333
0 0.157812 0.606250 0.100000 0.133333
0 0.684375 0.716667 0.100000 0.133333
0 0.568750 0.112500 0.100000 0.133333
0 0.662500 0.785417 0.100000 0.133333
0 0.773438 0.456250 0.100000 0.133333
0 0.528125 0.529167 0.100000 0.133333
0 0.689063 0.710417 0.100000 0.133333
0 0.196875 0.608333 0.100000 0.133333
0 0.418750 0.127083 0.100000 0.133333
0 0.400000 0.875000 0.100000 0.133333
0 0.864062 0.850000 0.100000 0.133333
0 0.864062 0.781250 0.100000 0.133333
0 0.589063 0.162500 0.100000 0.133333
0 0.857812 0.437500 0.100000 0.133333
0 0.550000 0.833333 0.100000 0.133333
0 0.450000 0.547917 0.100000 0.133333
0 0.159375 0.447917 0.100000 0.133333
0 0.812500 0.543750 0.100000 0.133333
0 0.710938 0.325000 0.100000 0.133333
0 0.200000 0.189583 0.100000 0.133333
0 0.134375 0.525000 0.100000 0.133333
0 0.129688 0.883333 0.100000 0.133333
0 0.126562 0.558333 0.100000 0.133333
0 0.370312 0.879167 0.100000 0.133333
0 0.848437 0.629167 0.100000 0.133333
0 0.298438 0.683333 0.100000 0.133333
0 0.610938 0.443750 0.100000 0.133333
0 0.296875 0.383333 0.100000 0.133333
0 0.373437 0.552083 0.100000 0.133333
0 0.595313 0.225000 0.100000 0.133333
0 0.231250 0.491667 0.100000 0.133333
0 0.306250 0.656250 0.100000 0.133333
0 0.378125 0.337500 0.100000 0.133333
0 0.340625 0.814583 0.100000 0.133333
0 0.720313 0.175000 0.100000 0.133333
0 0.360938 0.439583 0.100000 0.133333
0 0.531250 0.389583 0.100000 0.133333
0 0.634375 0.350000 0.100000 0.133333
0 0.745313 0.412500 0.100000 0.133333
0 0.459375 0.789583 0.100000 0.133333
0 0.496875 0.256250 0.100000 0.133333
0 0.823438 0.564583 0.100000 0.133333
0 0.890625 0.260417 0.100000 0.133333
0 0.750000 0.522917 0.100000 0.133333
0 0.112500 0.860417 0.100000 0.133333
0 0.181250 0.847917 0.100000 0.133333
0 0.801562 0.885417 0.100000 0.133333
0 0.495312 0.877083 0.100000 0.133333
0 0.331250 0.666667 0.100000 0.133333
0 0.796875 0.231250 0.100000 0.133333
0 0.510938 0.304167 0.100000 0.133333
0 0.646875 0.329167 0.100000 0.133333
0 0.418750 0.156250 0.100000 0.133333
0 0.856250 0.729167 0.100000 0.133333
0 0.576562 0.368750 0.100000 0.133333
0 0.515625 0.710417 0.100000 0.133333
0 0.254688 0.108333 0.100000 0.133333
0 0.839063 0.870833 0.100000 0.133333
0 0.337500 0.550000 0.100000 0.133333
0 0.250000 0.239583 0.100000 0.133333
0 0.179688 0.320833 0.100000 0.133333
0 0.842187 0.412500 0.100000 0.133333
0 0.125000 0.779167 0.100000 0.133333
0 0.268750 0.358333 0.100000 0.133333
0 0.106250 0.645833 0.100000 0.133333
0 0.593750 0.868750 0.100000 0.133333
0 0.457813 0.685417 0.100000 0.133333
0 0.567187 0.316667 0.100000 0.133333
0 0.268750 0.600000 0.100000 0.133333
0 0.679688 0.735417 0.100000 0.133333
0 0.675000 0.289583 0.100000 0.133333
0 0.289062 0.714583 0.100000 0.133333
0 0.754687 0.175000 0.100000 0.133333
0 0.895312 0.862500 0.100000 0.133333
0 0.287500 0.081250 0.100000 0.133333
0 0.335938 0.739583 0.100000 0.133333
0 0.723437 0.322917 0.100000 0.133333
0 0.182812 0.797917 0.100000 0.133333
0 0.471875 0.102083 0.100000 0.133333
0 0.306250 0.516667 0.100000 0.133333
0 0.743750 0.764583 0.100000 0.133333
0 0.609375 0.379167 0.100000 0.133333
0 0.246875 0.768750 0.100000 0.133333
0 0.439063 0.258333 0.100000 0.133333
0 0.715625 0.579167 0.100000 0.133333
0 0.860938 0.762500 0.100000 0.133333
0 0.453125 0.329167 0.100000 0.133333
0 0.831250 0.743750 0.100000 0.133333
0 0.307812 0.833333 0.100000 0.133333
0 0.270313 0.350000 0.100000 0.133333
0 0.110937 0.841667 0.100000 0.133333
0 0.828125 0.183333 0.100000 0.133333
0 0.273438 0.718750 0.100000 0.133333
0 0.367188 0.220833 0.100000 0.133333
0 0.526563 0.427083 0.100000 0.133333
0 0.782813 0.785417 0.100000 0.133333
0 0.685937 0.285417 0.100000 0.133333
0 0.640625 0.579167 0.100000 0.133333
0 0.135937 0.439583 0.100000 0.133333
0 0.707812 0.585417 0.100000 0.133333
0 0.128125 0.627083 0.100000 0.133333
0 0.629687 0.127083 0.100000 0.133333
0 0.734375 0.270833 0.100000 0.133333
0 0.429688 0.497917 0.100000 0.133333
0 0.148438 0.677083 0.100000 0.133333
0 0.635938 0.652083 0.100000 0.133333
0 0.737500 0.400000 0.100000 0.133333
0 0.298438 0.868750 0.100000 0.133333
0 0.475000 0.206250 0.100000 0.133333
0 0.435937 0.212500 0.100000 0.133333
0 0.729688 0.145833 0.100000 0.133333
0 0.885938 0.858333 0.100000 0.133333
0 0.329688 0.293750 0.100000 0.133333
0 0.307812 0.145833 0.100000 0.133333
0 0.787500 0.691667 0.100000 0.133333
0 0.496875 0.687500 0.100000 0.133333
0 0.306250 0.835417 0.100000 0.133333
0 0.401562 0.752083 0.100000 0.133333
0 0.204687 0.156250 0.100000 0.133333
0 0.870313 0.362500 0.100000 0.133333
0 0.768750 0.533333 0.100000 0.133333
0 0.310937 0.633333 0.100000 0.133333
0 0.665625 0.656250 0.100000 0.133333
0 0.670312 0.166667 0.100000 0.133333
0 0.715625 0.397917 0.100000 0.133333
0 0.868750 0.133333 0.100000 0.133333
0 0.151562 0.283333 0.100000 0.133333
0 0.218750 0.106250 0.100000 0.133333
0 0.684375 0.258333 0.100000 0.133333
0 0.667188 0.793750 0.100000 0.133333
0 0.315625 0.133333 0.100000 0.133333
0 0.873437 0.212500 0.100000 0.133333
0 0.570312 0.358333 0.100000 0.133333
0 0.115625 0.264583 0.100000 0.133333
0 0.542188 0.829167 0.100000 0.133333
0 0.509375 0.654167 0.100000 0.133333
0 0.685937 0.306250 0.100000 0.133333
0 0.857812 0.839583 0.100000 0.133333
0 0.417187 0.481250 0.100000 0.133333
0 0.160938 0.343750 0.100000 0.133333
0 0.765625 0.531250 0.100000 0.133333
0 0.520312 0.829167 0.100000 0.133333
0 0.554688 0.397917 0.100000 0.133333
0 0.434375 0.418750 0.100000 0.133333
0 0.767188 0.525000 0.100000 0.133333
0 0.295312 0.235417 0.100000 0.133333
1 0.209375 0.310417 0.100000 0.133333
1 0.900000 0.868750 0.100000 0.133333
1 0.759375 0.912500 0.100000 0.133333
1 0.621875 0.356250 0.100000 0.133333
1 0.234375 0.464583 0.100000 0.133333
