0 0.231250 0.389583 0.100000 0.133333
0 0.685937 0.347917 0.100000 0.133333
0 0.693750 0.889583 0.100000 0.133333
0 0.862500 0.708333 0.100000 0.133333
0 0.573438 0.414583 0.100000 0.133333
0 0.670312 0.566667 0.100000 0.133333
0 0.132812 0.572917 0.100000 0.133333
0 0.217188 0.289583 0.100000 0.133333
0 0.568750 0.454167 0.100000 0.133333
0 0.229687 0.679167 0.100000 0.133333
0 0.632812 0.535417 0.100000 0.133333
0 0.523438 0.468750 0.100000 0.133333
0 0.535937 0.287500 0.100000 0.133333
0 0.748437 0.293750 0.100000 0.133333
0 0.312500 0.647917 0.100000 0.133333
0 0.143750 0.497917 0.100000 0.133333
0 0.631250 0.404167 0.100000 0.133333
0 0.131250 0.850000 0.100000 0.133333
0 0.868750 0.860417 0.100000 0.133333
0 0.129688 0.112500 0.100000 0.133333
0 0.293750 0.675000 0.100000 0.133333
0 0.217188 0.412500 0.100000 0.133333
0 0.853125 0.510417 0.100000 0.133333
0 0.742188 0.118750 0.100000 0.133333
0 0.528125 0.652083 0.100000 0.133333
0 0.679688 0.683333 0.100000 0.133333
0 0.165625 0.189583 0.100000 0.133333
0 0.871875 0.122917 0.100000 0.133333
0 0.521875 0.650000 0.100000 0.133333
0 0.532813 0.135417 0.100000 0.133333
0 0.151562 0.720833 0.100000 0.133333
0 0.867188 0.500000 0.100000 0.133333
0 0.818750 0.700000 0.100000 0.133333
0 0.662500 0.379167 0.100000 0.133333
0 0.845313 0.533333 0.100000 0.133333
0 0.621875 0.512500 0.100000 0.133333
0 0.676562 0.689583 0.100000 0.133333
0 0.248438 0.372917 0.100000 0.133333
0 0.871875 0.675000 0.100000 0.133333
0 0.770312 0.485417 0.100000 0.133333
0 0.373437 0.275000 0.100000 0.133333
0 0.439063 0.572917 0.100000 0.133333
0 0.767188 0.777083 0.100000 0.133333
0 0.851562 0.522917 0.100000 0.133333
0 0.576562 0.629167 0.100000 0.133333
0 0.479687 0.493750 0.100000 0.133333
0 0.771875 0.725000 0.100000 0.133333
0 0.275000 0.375000 0.100000 0.133333
0 0.212500 0.214583 0.100000 0.133333
0 0.356250 0.097917 0.100000 0.133333
0 0.660937 0.743750 0.100000 0.133333
0 0.162500 0.725000 0.100000 0.133333
0 0.867188 0.833333 0.100000 0.133333
0 0.365625 0.522917 0.100000 0.133333
0 0.107813 0.354167 0.100000 0.133333
0 0.143750 0.283333 0.100000 0.133333
0 0.332813 0.825000 0.100000 0.133333
0 0.298438 0.852083 0.100000 0.133333
0 0.739062 0.264583 0.100000 0.133333
0 0.820312 0.354167 0.100000 0.133333
0 0.256250 0.627083 0.100000 0.133333
0 0.342187 0.831250 0.100000 0.133333
0 0.470313 0.556250 0.100000 0.133333
0 0.198437 0.641667 0.100000 0.133333
0 0.159375 0.787500 0.100000 0.133333
0 0.423438 0.231250 0.100000 0.133333
0 0.479687 0.687500 0.100000 0.133333
0 0.546875 0.400000 0.100000 0.133333
0 0.157812 0.327083 0.100000 0.133333
0 0.451562 0.302083 0.100000 0.133333
0 0.693750 0.504167 0.100000 0.133333
0 0.559375 0.425000 0.100000 0.133333
0 0.603125 0.116667 0.100000 0.133333
0 0.101562 0.793750 0.100000 0.133333
0 0.246875 0.593750 0.100000 0.133333
0 0.296875 0.120833 0.100000 0.133333
0 0.684375 0.852083 0.100000 0.133333
0 0.565625 0.302083 0.100000 0.133333
0 0.167187 0.247917 0.100000 0.133333
0 0.665625 0.079167 0.100000 0.133333
0 0.765625 0.552083 0.100000 0.133333
0 0.834375 0.725000 0.100000 0.133333
0 0.200000 0.360417 0.100000 0.133333
0 0.795312 0.377083 0.100000 0.133333
0 0.801562 0.118750 0.100000 0.133333
0 0.178125 0.754167 0.100000 0.133333
0 0.371875 0.718750 0.100000 0.133333
0 0.398438 0.087500 0.100000 0.133333
0 0.206250 0.770833 0.100000 0.133333
0 0.268750 0.610417 0.100000 0.133333
0 0.439063 0.327083 0.100000 0.133333
0 0.593750 0.783333 0.100000 0.133333
0 0.218750 0.239583 0.100000 0.133333
0 0.835938 0.168750 0.100000 0.133333
0 0.712500 0.329167 0.100000 0.133333
0 0.798438 0.725000 0.100000 0.133333
0 0.715625 0.241667 0.100000 0.133333
0 0.131250 0.725000 0.100000 0.133333
0 0.121875 0.256250 0.100000 0.133333
0 0.418750 0.206250 0.100000 0.133333
0 0.475000 0.262500 0.100000 0.133333
0 0.465625 0.720833 0.100000 0.133333
0 0.895312 0.379167 0.100000 0.133333
0 0.551562 0.089583 0.100000 0.133333
0 0.617188 0.804167 0.100000 0.133333
0 0.139063 0.414583 0.100000 0.133333
0 0.760938 0.502083 0.100000 0.133333
0 0.318750 0.466667 0.100000 0.133333
0 0.481250 0.106250 0.100000 0.133333
0 0.585938 0.675000 0.100000 0.133333
0 0.121875 0.858333 0.100000 0.133333
0 0.564063 0.662500 0.100000 0.133333
0 0.532813 0.881250 0.100000 0.133333
0 0.378125 0.264583 0.100000 0.133333
0 0.607812 0.441667 0.100000 0.133333
0 0.182812 0.479167 0.100000 0.133333
0 0.353125 0.862500 0.100000 0.133333
0 0.779687 0.183333 0.100000 0.133333
0 0.198437 0.243750 0.100000 0.133333
0 0.210938 0.400000 0.100000 0.133333
0 0.870313 0.389583 0.100000 0.133333
0 0.107813 0.077083 0.100000 0.133333
0 0.465625 0.468750 0.100000 0.133333
0 0.534375 0.691667 0.100000 0.133333
0 0.218750 0.777083 0.100000 0.133333
0 0.157812 0.662500 0.100000 0.133333
0 0.196875 0.747917 0.100000 0.133333
0 0.834375 0.564583 0.100000 0.133333
0 0.878125 0.372917 0.100000 0.133333
0 0.812500 0.708333 0.100000 0.133333
0 0.554688 0.191667 0.100000 0.133333
0 0.145313 0.564583 0.100000 0.133333
0 0.342187 0.293750 0.100000 0.133333
0 0.456250 0.447917 0.100000 0.133333
0 0.798438 0.097917 0.100000 0.133333
0 0.542188 0.452083 0.100000 0.133333
0 0.653125 0.789583 0.100000 0.133333
0 0.401562 0.502083 0.100000 0.133333
0 0.576562 0.891667 0.100000 0.133333
0 0.500000 0.331250 0.100000 0.133333
0 0.525000 0.129167 0.100000 0.133333
0 0.303125 0.152083 0.100000 0.133333
0 0.625000 0.885417 0.100000 0.133333
0 0.825000 0.170833 0.100000 0.133333
0 0.487500 0.833333 0.100000 0.133333
0 0.726562 0.510417 0.100000 0.133333
0 0.185938 0.670833 0.100000 0.133333
0 0.735938 0.854167 0.100000 0.133333
0 0.510938 0.310417 0.100000 0.133333
0 0.498437 0.504167 0.100000 0.133333
1 0.218750 0.108333 0.100000 0.133333
1 0.196875 0.614583 0.100000 0.133333
1 0.079687 0.304167 0.100000 0.133333
1 0.073438 0.295833 0.100000 0.133333
1 0.275000 0.720833 0.100000 0.133333
