0 0.312500 0.202083 0.100000 0.133333
0 0.395313 0.652083 0.100000 0.133333
0 0.165625 0.135417 0.100000 0.133333
0 0.471875 0.183333 0.100000 0.133333
0 0.704688 0.325000 0.100000 0.133333
0 0.306250 0.802083 0.100000 0.133333
0 0.184375 0.360417 0.100000 0.133333
0 0.771875 0.581250 0.100000 0.133333
0 0.889062 0.293750 0.100000 0.133333
0 0.776563 0.525000 0.100000 0.133333
0 0.639062 0.427083 0.100000 0.133333
0 0.740625 0.225000 0.100000 0.133333
0 0.860938 0.770833 0.100000 0.133333
0 0.612500 0.343750 0.100000 0.133333
0 0.792188 0.404167 0.100000 0.133333
0 0.137500 0.518750 0.100000 0.133333
0 0.268750 0.614583 0.100000 0.133333
0 0.840625 0.752083 0.100000 0.133333
0 0.106250 0.341667 0.100000 0.133333
0 0.625000 0.868750 0.100000 0.133333
0 0.510938 0.879167 0.100000 0.133333
0 0.398438 0.239583 0.100000 0.133333
0 0.450000 0.427083 0.100000 0.133333
0 0.896875 0.454167 0.100000 0.133333
0 0.479687 0.485417 0.100000 0.133333
0 0.323437 0.695833 0.100000 0.133333
0 0.637500 0.341667 0.100000 0.133333
0 0.240625 0.572917 0.100000 0.133333
0 0.692187 0.543750 0.100000 0.133333
0 0.779687 0.225000 0.100000 0.133333
0 0.432812 0.579167 0.100000 0.133333
0 0.326562 0.135417 0.100000 0.133333
0 0.434375 0.820833 0.100000 0.133333
0 0.859375 0.239583 0.100000 0.133333
0 0.198437 0.785417 0.100000 0.133333
0 0.635938 0.795833 0.100000 0.133333
0 0.350000 0.527083 0.100000 0.133333
0 0.515625 0.350000 0.100000 0.133333
0 0.362500 0.818750 0.100000 0.133333
0 0.532813 0.177083 0.100000 0.133333
0 0.389062 0.835417 0.100000 0.133333
0 0.745313 0.675000 0.100000 0.133333
0 0.296875 0.789583 0.100000 0.133333
0 0.128125 0.177083 0.100000 0.133333
0 0.504687 0.250000 0.100000 0.133333
0 0.790625 0.152083 0.100000 0.133333
0 0.448437 0.616667 0.100000 0.133333
0 0.846875 0.287500 0.100000 0.133333
0 0.862500 0.652083 0.100000 0.133333
0 0.385937 0.643750 0.100000 0.133333
0 0.409375 0.143750 0.100000 0.133333
0 0.589063 0.629167 0.100000 0.133333
0 0.154688 0.370833 0.100000 0.133333
0 0.618750 0.722917 0.100000 0.133333
0 0.304688 0.500000 0.100000 0.133333
0 0.323437 0.689583 0.100000 0.133333
0 0.662500 0.829167 0.100000 0.133333
0 0.851562 0.185417 0.100000 0.133333
0 0.703125 0.091667 0.100000 0.133333
0 0.123438 0.427083 0.100000 0.133333
0 0.271875 0.077083 0.100000 0.133333
0 0.479687 0.625000 0.100000 0.133333
0 0.121875 0.616667 0.100000 0.133333
0 0.278125 0.687500 0.100000 0.133333
0 0.323437 0.264583 0.100000 0.133333
0 0.803125 0.583333 0.100000 0.133333
0 0.573438 0.418750 0.100000 0.133333
0 0.750000 0.697917 0.100000 0.133333
0 0.171875 0.600000 0.100000 0.133333
0 0.335938 0.354167 0.100000 0.133333
0 0.537500 0.168750 0.100000 0.133333
0 0.526563 0.137500 0.100000 0.133333
0 0.553125 0.562500 0.100000 0.133333
0 0.654687 0.339583 0.100000 0.133333
0 0.153125 0.833333 0.100000 0.133333
0 0.340625 0.593750 0.100000 0.133333
0 0.856250 0.068750 0.100000 0.133333
0 0.717187 0.693750 0.100000 0.133333
0 0.131250 0.818750 0.100000 0.133333
0 0.357812 0.889583 0.100000 0.133333
0 0.617188 0.597917 0.100000 0.133333
0 0.354687 0.777083 0.100000 0.133333
0 0.104688 0.350000 0.100000 0.133333
0 0.587500 0.785417 0.100000 0.133333
0 0.292187 0.291667 0.100000 0.133333
0 0.237500 0.400000 0.100000 0.133333
0 0.200000 0.272917 0.100000 0.133333
0 0.520312 0.741667 0.100000 0.133333
0 0.734375 0.745833 0.100000 0.133333
0 0.623437 0.302083 0.100000 0.133333
0 0.120313 0.718750 0.100000 0.133333
0 0.751563 0.762500 0.100000 0.133333
0 0.256250 0.543750 0.100000 0.133333
0 0.709375 0.122917 0.100000 0.133333
0 0.431250 0.745833 0.100000 0.133333
0 0.340625 0.208333 0.100000 0.133333
0 0.459375 0.777083 0.100000 0.133333
0 0.700000 0.639583 0.100000 0.133333
0 0.609375 0.487500 0.100000 0.133333
0 0.187500 0.616667 0.100000 0.133333
0 0.821875 0.533333 0.100000 0.133333
0 0.214062 0.862500 0.100000 0.133333
0 0.139063 0.395833 0.100000 0.133333
0 0.193750 0.762500 0.100000 0.133333
0 0.404687 0.127083 0.100000 0.133333
0 0.228125 0.560417 0.100000 0.133333
0 0.859375 0.410417 0.100000 0.133333
0 0.187500 0.562500 0.100000 0.133333
0 0.571875 0.720833 0.100000 0.133333
0 0.521875 0.433333 0.100000 0.133333
0 0.684375 0.081250 0.100000 0.133333
0 0.876563 0.518750 0.100000 0.133333
0 0.223438 0.408333 0.100000 0.133333
0 0.671875 0.272917 0.100000 0.133333
0 0.448437 0.633333 0.100000 0.133333
0 0.321875 0.508333 0.100000 0.133333
0 0.493750 0.412500 0.100000 0.133333
0 0.217188 0.122917 0.100000 0.133333
0 0.785937 0.289583 0.100000 0.133333
0 0.700000 0.837500 0.100000 0.133333
0 0.612500 0.812500 0.100000 0.133333
0 0.335938 0.433333 0.100000 0.133333
0 0.204687 0.254167 0.100000 0.133333
0 0.471875 0.772917 0.100000 0.133333
0 0.220312 0.558333 0.100000 0.133333
0 0.835938 0.489583 0.100000 0.133333
0 0.659375 0.527083 0.100000 0.133333
0 0.121875 0.175000 0.100000 0.133333
0 0.843750 0.114583 0.100000 0.133333
0 0.785937 0.502083 0.100000 0.133333
0 0.432812 0.225000 0.100000 0.133333
0 0.534375 0.554167 0.100000 0.133333
0 0.785937 0.766667 0.100000 0.133333
0 0.110937 0.758333 0.100000 0.133333
0 0.470313 0.164583 0.100000 0.133333
0 0.232813 0.395833 0.100000 0.133333
0 0.487500 0.570833 0.100000 0.133333
0 0.815625 0.764583 0.100000 0.133333
0 0.187500 0.433333 0.100000 0.133333
0 0.626563 0.687500 0.100000 0.133333
0 0.225000 0.247917 0.100000 0.133333
0 0.529687 0.562500 0.100000 0.133333
0 0.848437 0.822917 0.100000 0.133333
0 0.275000 0.543750 0.100000 0.133333
0 0.840625 0.743750 0.100000 0.133333
0 0.304688 0.447917 0.100000 0.133333
0 0.257812 0.512500 0.100000 0.133333
0 0.640625 0.687500 0.100000 0.133333
0 0.768750 0.177083 0.100000 0.133333
0 0.275000 0.429167 0.100000 0.133333
1 0.773438 0.400000 0.100000 0.133333
1 0.185938 0.214583 0.100000 0.133333
1 0.548438 0.579167 0.100000 0.133333
1 0.126562 0.266667 0.100000 0.133333
1 0.303125 0.193750 0.100000 0.133333
