0 0.117188 0.397917 0.100000 0.133333
0 0.129688 0.600000 0.100000 0.133333
0 0.184375 0.658333 0.100000 0.133333
0 0.720313 0.843750 0.100000 0.133333
0 0.401562 0.745833 0.100000 0.133333
0 0.768750 0.654167 0.100000 0.133333
0 0.643750 0.693750 0.100000 0.133333
0 0.242188 0.135417 0.100000 0.133333
0 0.645312 0.416667 0.100000 0.133333
0 0.346875 0.520833 0.100000 0.133333
0 0.623437 0.593750 0.100000 0.133333
0 0.196875 0.289583 0.100000 0.133333
0 0.170313 0.779167 0.100000 0.133333
0 0.412500 0.593750 0.100000 0.133333
0 0.659375 0.585417 0.100000 0.133333
0 0.759375 0.370833 0.100000 0.133333
0 0.450000 0.214583 0.100000 0.133333
0 0.700000 0.391667 0.100000 0.133333
0 0.332813 0.395833 0.100000 0.133333
0 0.371875 0.362500 0.100000 0.133333
0 0.273438 0.816667 0.100000 0.133333
0 0.342187 0.554167 0.100000 0.133333
0 0.406250 0.697917 0.100000 0.133333
0 0.540625 0.191667 0.100000 0.133333
0 0.760938 0.675000 0.100000 0.133333
0 0.517188 0.722917 0.100000 0.133333
0 0.721875 0.193750 0.100000 0.133333
0 0.267188 0.554167 0.100000 0.133333
0 0.810937 0.781250 0.100000 0.133333
0 0.754687 0.231250 0.100000 0.133333
0 0.145313 0.833333 0.100000 0.133333
0 0.665625 0.370833 0.100000 0.133333
0 0.395313 0.679167 0.100000 0.133333
0 0.879687 0.377083 0.100000 0.133333
0 0.731250 0.516667 0.100000 0.133333
0 0.831250 0.079167 0.100000 0.133333
0 0.250000 0.858333 0.100000 0.133333
0 0.600000 0.312500 0.100000 0.133333
0 0.429688 0.366667 0.100000 0.133333
0 0.270313 0.102083 0.100000 0.133333
0 0.864062 0.606250 0.100000 0.133333
0 0.242188 0.843750 0.100000 0.133333
0 0.340625 0.293750 0.100000 0.133333
0 0.120313 0.272917 0.100000 0.133333
0 0.165625 0.797917 0.100000 0.133333
0 0.748437 0.164583 0.100000 0.133333
0 0.528125 0.768750 0.100000 0.133333
0 0.790625 0.387500 0.100000 0.133333
0 0.581250 0.416667 0.100000 0.133333
0 0.387500 0.481250 0.100000 0.133333
0 0.307812 0.868750 0.100000 0.133333
0 0.368750 0.581250 0.100000 0.133333
0 0.890625 0.131250 0.100000 0.133333
0 0.140625 0.729167 0.100000 0.133333
0 0.803125 0.485417 0.100000 0.133333
0 0.895312 0.208333 0.100000 0.133333
0 0.312500 0.312500 0.100000 0.133333
0 0.442188 0.739583 0.100000 0.133333
0 0.839063 0.210417 0.100000 0.133333
0 0.190625 0.502083 0.100000 0.133333
0 0.809375 0.804167 0.100000 0.133333
0 0.639062 0.481250 0.100000 0.133333
0 0.326562 0.631250 0.100000 0.133333
0 0.871875 0.733333 0.100000 0.133333
0 0.350000 0.600000 0.100000 0.133333
0 0.179688 0.700000 0.100000 0.133333
0 0.129688 0.156250 0.100000 0.133333
0 0.137500 0.502083 0.100000 0.133333
0 0.492188 0.279167 0.100000 0.133333
0 0.198437 0.793750 0.100000 0.133333
0 0.437500 0.427083 0.100000 0.133333
0 0.210938 0.139583 0.100000 0.133333
0 0.592187 0.741667 0.100000 0.133333
0 0.110937 0.779167 0.100000 0.133333
0 0.720313 0.562500 0.100000 0.133333
0 0.837500 0.306250 0.100000 0.133333
0 0.112500 0.472917 0.100000 0.133333
0 0.485938 0.756250 0.100000 0.133333
0 0.235937 0.366667 0.100000 0.133333
0 0.437500 0.200000 0.100000 0.133333
0 0.873437 0.879167 0.100000 0.133333
0 0.442188 0.404167 0.100000 0.133333
0 0.689063 0.435417 0.100000 0.133333
0 0.579688 0.139583 0.100000 0.133333
0 0.360938 0.170833 0.100000 0.133333
0 0.846875 0.318750 0.100000 0.133333
0 0.598437 0.770833 0.100000 0.133333
0 0.779687 0.700000 0.100000 0.133333
0 0.734375 0.587500 0.100000 0.133333
0 0.295312 0.370833 0.100000 0.133333
0 0.695312 0.677083 0.100000 0.133333
0 0.692187 0.468750 0.100000 0.133333
0 0.426563 0.616667 0.100000 0.133333
0 0.767188 0.500000 0.100000 0.133333
0 0.203125 0.652083 0.100000 0.133333
0 0.373437 0.214583 0.100000 0.133333
0 0.153125 0.437500 0.100000 0.133333
0 0.248438 0.825000 0.100000 0.133333
0 0.112500 0.127083 0.100000 0.133333
0 0.598437 0.570833 0.100000 0.133333
0 0.715625 0.718750 0.100000 0.133333
0 0.475000 0.591667 0.100000 0.133333
0 0.118750 0.293750 0.100000 0.133333
0 0.768750 0.610417 0.100000 0.133333
0 0.214062 0.229167 0.100000 0.133333
0 0.771875 0.397917 0.100000 0.133333
0 0.571875 0.870833 0.100000 0.133333
0 0.196875 0.114583 0.100000 0.133333
0 0.237500 0.600000 0.100000 0.133333
0 0.642188 0.297917 0.100000 0.133333
0 0.576562 0.283333 0.100000 0.133333
0 0.867188 0.443750 0.100000 0.133333
0 0.821875 0.177083 0.100000 0.133333
0 0.882812 0.858333 0.100000 0.133333
0 0.415625 0.683333 0.100000 0.133333
0 0.535937 0.681250 0.100000 0.133333
0 0.278125 0.566667 0.100000 0.133333
0 0.248438 0.193750 0.100000 0.133333
0 0.518750 0.760417 0.100000 0.133333
0 0.112500 0.254167 0.100000 0.133333
0 0.170313 0.533333 0.100000 0.133333
0 0.723437 0.600000 0.100000 0.133333
0 0.407813 0.245833 0.100000 0.133333
0 0.639062 0.735417 0.100000 0.133333
0 0.845313 0.081250 0.100000 0.133333
0 0.487500 0.210417 0.100000 0.133333
0 0.576562 0.831250 0.100000 0.133333
0 0.239063 0.841667 0.100000 0.133333
0 0.373437 0.260417 0.100000 0.133333
0 0.818750 0.847917 0.100000 0.133333
0 0.115625 0.097917 0.100000 0.133333
0 0.371875 0.350000 0.100000 0.133333
0 0.698438 0.729167 0.100000 0.133333
0 0.184375 0.147917 0.100000 0.133333
0 0.314063 0.354167 0.100000 0.133333
0 0.325000 0.604167 0.100000 0.133333
0 0.378125 0.141667 0.100000 0.133333
0 0.217188 0.358333 0.100000 0.133333
0 0.689063 0.412500 0.100000 0.133333
0 0.673438 0.804167 0.100000 0.133333
0 0.382812 0.375000 0.100000 0.133333
0 0.862500 0.664583 0.100000 0.133333
0 0.585938 0.685417 0.100000 0.133333
0 0.879687 0.650000 0.100000 0.133333
0 0.495312 0.456250 0.100000 0.133333
0 0.760938 0.125000 0.100000 0.133333
0 0.198437 0.247917 0.100000 0.133333
0 0.334375 0.512500 0.100000 0.133333
0 0.648438 0.545833 0.100000 0.133333
0 0.375000 0.081250 0.100000 0.133333
1 0.931250 0.729167 0.100000 0.133333
1 0.228125 0.866667 0.100000 0.133333
1 0.400000 0.189583 0.100000 0.133333
1 0.470313 0.602083 0.100000 0.133333
1 0.835938 0.295833 0.100000 0.133333
