0 0.384375 0.283333 0.100000 0.133333
0 0.820312 0.512500 0.100000 0.133333
0 0.507812 0.589583 0.100000 0.133333
0 0.117188 0.200000 0.100000 0.133333
0 0.854688 0.262500 0.100000 0.133333
0 0.260937 0.862500 0.100000 0.133333
0 0.709375 0.850000 0.100000 0.133333
0 0.359375 0.741667 0.100000 0.133333
0 0.167187 0.568750 0.100000 0.133333
0 0.226562 0.110417 0.100000 0.133333
0 0.128125 0.404167 0.100000 0.133333
0 0.637500 0.341667 0.100000 0.133333
0 0.876563 0.827083 0.100000 0.133333
0 0.496875 0.535417 0.100000 0.133333
0 0.489063 0.660417 0.100000 0.133333
0 0.251563 0.329167 0.100000 0.133333
0 0.157812 0.337500 0.100000 0.133333
0 0.445312 0.195833 0.100000 0.133333
0 0.400000 0.762500 0.100000 0.133333
0 0.667188 0.797917 0.100000 0.133333
0 0.365625 0.431250 0.100000 0.133333
0 0.281250 0.768750 0.100000 0.133333
0 0.759375 0.310417 0.100000 0.133333
0 0.615625 0.187500 0.100000 0.133333
0 0.751563 0.608333 0.100000 0.133333
0 0.214062 0.412500 0.100000 0.133333
0 0.662500 0.845833 0.100000 0.133333
0 0.323437 0.150000 0.100000 0.133333
0 0.676562 0.410417 0.100000 0.133333
0 0.371875 0.518750 0.100000 0.133333
0 0.546875 0.254167 0.100000 0.133333
0 0.681250 0.289583 0.100000 0.133333
0 0.173437 0.312500 0.100000 0.133333
0 0.542188 0.583333 0.100000 0.133333
0 0.825000 0.168750 0.100000 0.133333
0 0.329688 0.666667 0.100000 0.133333
0 0.645312 0.372917 0.100000 0.133333
0 0.518750 0.375000 0.100000 0.133333
0 0.476562 0.310417 0.100000 0.133333
0 0.621875 0.445833 0.100000 0.133333
0 0.753125 0.281250 0.100000 0.133333
0 0.284375 0.102083 0.100000 0.133333
0 0.454688 0.168750 0.100000 0.133333
0 0.737500 0.289583 0.100000 0.133333
0 0.217188 0.139583 0.100000 0.133333
0 0.129688 0.379167 0.100000 0.133333
0 0.168750 0.739583 0.100000 0.133333
0 0.696875 0.260417 0.100000 0.133333
0 0.309375 0.547917 0.100000 0.133333
0 0.870313 0.637500 0.100000 0.133333
0 0.481250 0.687500 0.100000 0.133333
0 0.135937 0.150000 0.100000 0.133333
0 0.809375 0.408333 0.100000 0.133333
0 0.518750 0.735417 0.100000 0.133333
0 0.118750 0.379167 0.100000 0.133333
0 0.548438 0.606250 0.100000 0.133333
0 0.104688 0.675000 0.100000 0.133333
0 0.420312 0.095833 0.100000 0.133333
0 0.664062 0.729167 0.100000 0.133333
0 0.275000 0.414583 0.100000 0.133333
0 0.289062 0.562500 0.100000 0.133333
0 0.139063 0.335417 0.100000 0.133333
0 0.165625 0.241667 0.100000 0.133333
0 0.823438 0.229167 0.100000 0.133333
0 0.396875 0.168750 0.100000 0.133333
0 0.557813 0.162500 0.100000 0.133333
0 0.253125 0.075000 0.100000 0.133333
0 0.714063 0.568750 0.100000 0.133333
0 0.598437 0.435417 0.100000 0.133333
0 0.287500 0.145833 0.100000 0.133333
0 0.498437 0.812500 0.100000 0.133333
0 0.787500 0.841667 0.100000 0.133333
0 0.387500 0.414583 0.100000 0.133333
0 0.500000 0.489583 0.100000 0.133333
0 0.896875 0.633333 0.100000 0.133333
0 0.776563 0.600000 0.100000 0.133333
0 0.220312 0.262500 0.100000 0.133333
0 0.657813 0.320833 0.100000 0.133333
0 0.189062 0.106250 0.100000 0.133333
0 0.570312 0.095833 0.100000 0.133333
0 0.664062 0.454167 0.100000 0.133333
0 0.203125 0.204167 0.100000 0.133333
0 0.271875 0.752083 0.100000 0.133333
0 0.606250 0.068750 0.100000 0.133333
0 0.890625 0.156250 0.100000 0.133333
0 0.523438 0.750000 0.100000 0.133333
0 0.481250 0.891667 0.100000 0.133333
0 0.329688 0.435417 0.100000 0.133333
0 0.585938 0.214583 0.100000 0.133333
0 0.556250 0.089583 0.100000 0.133333
0 0.570312 0.779167 0.100000 0.133333
0 0.270313 0.158333 0.100000 0.133333
0 0.545312 0.095833 0.100000 0.133333
0 0.262500 0.418750 0.100000 0.133333
0 0.831250 0.308333 0.100000 0.133333
0 0.509375 0.158333 0.100000 0.133333
0 0.800000 0.133333 0.100000 0.133333
0 0.853125 0.770833 0.100000 0.133333
0 0.125000 0.460417 0.100000 0.133333
0 0.200000 0.070833 0.100000 0.133333
0 0.825000 0.714583 0.100000 0.133333
0 0.765625 0.147917 0.100000 0.133333
0 0.876563 0.218750 0.100000 0.133333
0 0.848437 0.170833 0.100000 0.133333
0 0.596875 0.510417 0.100000 0.133333
0 0.598437 0.395833 0.100000 0.133333
0 0.357812 0.656250 0.100000 0.133333
0 0.240625 0.850000 0.100000 0.133333
0 0.790625 0.285417 0.100000 0.133333
0 0.467187 0.862500 0.100000 0.133333
0 0.718750 0.752083 0.100000 0.133333
0 0.506250 0.685417 0.100000 0.133333
0 0.445312 0.770833 0.100000 0.133333
0 0.704688 0.854167 0.100000 0.133333
0 0.551562 0.343750 0.100000 0.133333
0 0.292187 0.489583 0.100000 0.133333
0 0.646875 0.597917 0.100000 0.133333
0 0.782813 0.406250 0.100000 0.133333
0 0.604688 0.116667 0.100000 0.133333
0 0.660937 0.241667 0.100000 0.133333
0 0.834375 0.256250 0.100000 0.133333
0 0.603125 0.695833 0.100000 0.133333
0 0.882812 0.772917 0.100000 0.133333
0 0.454688 0.677083 0.100000 0.133333
0 0.689063 0.272917 0.100000 0.133333
0 0.789062 0.720833 0.100000 0.133333
0 0.900000 0.456250 0.100000 0.133333
0 0.357812 0.164583 0.100000 0.133333
0 0.520312 0.762500 0.100000 0.133333
0 0.759375 0.233333 0.100000 0.133333
0 0.809375 0.116667 0.100000 0.133333
0 0.718750 0.085417 0.100000 0.133333
0 0.575000 0.118750 0.100000 0.133333
0 0.339062 0.481250 0.100000 0.133333
0 0.164062 0.762500 0.100000 0.133333
0 0.281250 0.522917 0.100000 0.133333
0 0.190625 0.731250 0.100000 0.133333
0 0.618750 0.439583 0.100000 0.133333
0 0.323437 0.583333 0.100000 0.133333
0 0.140625 0.427083 0.100000 0.133333
0 0.250000 0.237500 0.100000 0.133333
0 0.589063 0.700000 0.100000 0.133333
0 0.262500 0.300000 0.100000 0.133333
0 0.562500 0.262500 0.100000 0.133333
0 0.289062 0.885417 0.100000 0.133333
0 0.759375 0.289583 0.100000 0.133333
0 0.600000 0.866667 0.100000 0.133333
0 0.368750 0.143750 0.100000 0.133333
0 0.737500 0.539583 0.100000 0.133333
0 0.575000 0.410417 0.100000 0.133333
1 0.126562 0.931250 0.100000 0.133333
1 0.756250 0.862500 0.100000 0.133333
1 0.395313 0.662500 0.100000 0.133333
1 0.928125 0.781250 0.100000 0.133333
1 0.881250 0.839583 0.100000 0.133333
