0 0.126562 0.639583 0.100000 0.133333
0 0.687500 0.431250 0.100000 0.133333
0 0.126562 0.143750 0.100000 0.133333
0 0.796875 0.225000 0.100000 0.133333
0 0.267188 0.337500 0.100000 0.133333
0 0.781250 0.260417 0.100000 0.133333
0 0.637500 0.802083 0.100000 0.133333
0 0.623437 0.579167 0.100000 0.133333
0 0.267188 0.291667 0.100000 0.133333
0 0.837500 0.593750 0.100000 0.133333
0 0.756250 0.214583 0.100000 0.133333
0 0.637500 0.470833 0.100000 0.133333
0 0.640625 0.508333 0.100000 0.133333
0 0.132812 0.183333 0.100000 0.133333
0 0.598437 0.270833 0.100000 0.133333
0 0.182812 0.800000 0.100000 0.133333
0 0.370312 0.812500 0.100000 0.133333
0 0.420312 0.239583 0.100000 0.133333
0 0.553125 0.812500 0.100000 0.133333
0 0.107813 0.247917 0.100000 0.133333
0 0.585938 0.412500 0.100000 0.133333
0 0.454688 0.285417 0.100000 0.133333
0 0.146875 0.537500 0.100000 0.133333
0 0.201563 0.718750 0.100000 0.133333
0 0.190625 0.872917 0.100000 0.133333
0 0.296875 0.185417 0.100000 0.133333
0 0.239063 0.614583 0.100000 0.133333
0 0.817187 0.506250 0.100000 0.133333
0 0.446875 0.537500 0.100000 0.133333
0 0.398438 0.702083 0.100000 0.133333
0 0.201563 0.187500 0.100000 0.133333
0 0.460938 0.537500 0.100000 0.133333
0 0.540625 0.487500 0.100000 0.133333
0 0.607812 0.302083 0.100000 0.133333
0 0.312500 0.422917 0.100000 0.133333
0 0.582812 0.845833 0.100000 0.133333
0 0.431250 0.245833 0.100000 0.133333
0 0.282813 0.216667 0.100000 0.133333
0 0.246875 0.364583 0.100000 0.133333
0 0.598437 0.118750 0.100000 0.133333
0 0.659375 0.793750 0.100000 0.133333
0 0.296875 0.333333 0.100000 0.133333
0 0.510938 0.285417 0.100000 0.133333
0 0.193750 0.718750 0.100000 0.133333
0 0.628125 0.804167 0.100000 0.133333
0 0.612500 0.379167 0.100000 0.133333
0 0.306250 0.679167 0.100000 0.133333
0 0.573438 0.452083 0.100000 0.133333
0 0.507812 0.887500 0.100000 0.133333
0 0.498437 0.241667 0.100000 0.133333
0 0.504687 0.277083 0.100000 0.133333
0 0.140625 0.112500 0.100000 0.133333
0 0.512500 0.633333 0.100000 0.133333
0 0.295312 0.637500 0.100000 0.133333
0 0.526563 0.660417 0.100000 0.133333
0 0.895312 0.539583 0.100000 0.133333
0 0.125000 0.114583 0.100000 0.133333
0 0.593750 0.385417 0.100000 0.133333
0 0.673438 0.750000 0.100000 0.133333
0 0.448437 0.268750 0.100000 0.133333
0 0.479687 0.566667 0.100000 0.133333
0 0.170313 0.681250 0.100000 0.133333
0 0.835938 0.835417 0.100000 0.133333
0 0.600000 0.660417 0.100000 0.133333
0 0.650000 0.810417 0.100000 0.133333
0 0.345313 0.777083 0.100000 0.133333
0 0.678125 0.145833 0.100000 0.133333
0 0.371875 0.658333 0.100000 0.133333
0 0.482812 0.339583 0.100000 0.133333
0 0.809375 0.752083 0.100000 0.133333
0 0.378125 0.225000 0.100000 0.133333
0 0.325000 0.258333 0.100000 0.133333
0 0.610938 0.156250 0.100000 0.133333
0 0.292187 0.150000 0.100000 0.133333
0 0.203125 0.387500 0.100000 0.133333
0 0.726562 0.362500 0.100000 0.133333
0 0.348438 0.866667 0.100000 0.133333
0 0.835938 0.568750 0.100000 0.133333
0 0.284375 0.818750 0.100000 0.133333
0 0.529687 0.333333 0.100000 0.133333
0 0.535937 0.462500 0.100000 0.133333
0 0.132812 0.697917 0.100000 0.133333
0 0.820312 0.581250 0.100000 0.133333
0 0.131250 0.325000 0.100000 0.133333
0 0.334375 0.316667 0.100000 0.133333
0 0.817187 0.166667 0.100000 0.133333
0 0.526563 0.597917 0.100000 0.133333
0 0.557813 0.439583 0.100000 0.133333
0 0.315625 0.191667 0.100000 0.133333
0 0.695312 0.302083 0.100000 0.133333
0 0.354687 0.566667 0.100000 0.133333
0 0.687500 0.677083 0.100000 0.133333
0 0.273438 0.706250 0.100000 0.133333
0 0.137500 0.275000 0.100000 0.133333
0 0.403125 0.781250 0.100000 0.133333
0 0.360938 0.202083 0.100000 0.133333
0 0.398438 0.343750 0.100000 0.133333
0 0.193750 0.229167 0.100000 0.133333
0 0.115625 0.772917 0.100000 0.133333
0 0.215625 0.200000 0.100000 0.133333
0 0.232813 0.431250 0.100000 0.133333
0 0.173437 0.581250 0.100000 0.133333
0 0.600000 0.206250 0.100000 0.133333
0 0.671875 0.456250 0.100000 0.133333
0 0.104688 0.387500 0.100000 0.133333
0 0.260937 0.500000 0.100000 0.133333
0 0.379688 0.279167 0.100000 0.133333
0 0.160938 0.520833 0.100000 0.133333
0 0.731250 0.804167 0.100000 0.133333
0 0.393750 0.179167 0.100000 0.133333
0 0.598437 0.145833 0.100000 0.133333
0 0.123438 0.391667 0.100000 0.133333
0 0.365625 0.175000 0.100000 0.133333
0 0.885938 0.243750 0.100000 0.133333
0 0.895312 0.825000 0.100000 0.133333
0 0.593750 0.154167 0.100000 0.133333
0 0.760938 0.672917 0.100000 0.133333
0 0.264062 0.383333 0.100000 0.133333
0 0.592187 0.162500 0.100000 0.133333
0 0.656250 0.550000 0.100000 0.133333
0 0.754687 0.775000 0.100000 0.133333
0 0.873437 0.718750 0.100000 0.133333
0 0.260937 0.789583 0.100000 0.133333
0 0.832812 0.104167 0.100000 0.133333
0 0.473438 0.316667 0.100000 0.133333
0 0.346875 0.260417 0.100000 0.133333
0 0.657813 0.552083 0.100000 0.133333
0 0.253125 0.739583 0.100000 0.133333
0 0.856250 0.827083 0.100000 0.133333
0 0.681250 0.197917 0.100000 0.133333
0 0.712500 0.779167 0.100000 0.133333
0 0.279687 0.593750 0.100000 0.133333
0 0.679688 0.735417 0.100000 0.133333
0 0.482812 0.606250 0.100000 0.133333
0 0.675000 0.504167 0.100000 0.133333
0 0.596875 0.887500 0.100000 0.133333
0 0.282813 0.768750 0.100000 0.133333
0 0.532813 0.206250 0.100000 0.133333
0 0.117188 0.720833 0.100000 0.133333
0 0.259375 0.204167 0.100000 0.133333
0 0.301563 0.550000 0.100000 0.133333
0 0.443750 0.585417 0.100000 0.133333
0 0.860938 0.802083 0.100000 0.133333
0 0.450000 0.600000 0.100000 0.133333
0 0.610938 0.243750 0.100000 0.133333
0 0.396875 0.637500 0.100000 0.133333
0 0.660937 0.714583 0.100000 0.133333
0 0.851562 0.652083 0.100000 0.133333
0 0.576562 0.514583 0.100000 0.133333
0 0.695312 0.687500 0.100000 0.133333
1 0.375000 0.431250 0.100000 0.133333
1 0.870313 0.735417 0.100000 0.133333
1 0.607812 0.502083 0.100000 0.133333
1 0.585938 0.197917 0.100000 0.133333
1 0.064062 0.545833 0.100000 0.133333
