0 0.490625 0.625000 0.100000 0.133333
0 0.823438 0.443750 0.100000 0.133333
0 0.706250 0.141667 0.100000 0.133333
0 0.501563 0.687500 0.100000 0.133333
0 0.262500 0.733333 0.100000 0.133333
0 0.765625 0.814583 0.100000 0.133333
0 0.359375 0.864583 0.100000 0.133333
0 0.603125 0.595833 0.100000 0.133333
0 0.307812 0.593750 0.100000 0.133333
0 0.798438 0.856250 0.100000 0.133333
0 0.346875 0.785417 0.100000 0.133333
0 0.214062 0.479167 0.100000 0.133333
0 0.334375 0.358333 0.100000 0.133333
0 0.290625 0.731250 0.100000 0.133333
0 0.785937 0.212500 0.100000 0.133333
0 0.590625 0.212500 0.100000 0.133333
0 0.571875 0.237500 0.100000 0.133333
0 0.348438 0.356250 0.100000 0.133333
0 0.642188 0.627083 0.100000 0.133333
0 0.276562 0.152083 0.100000 0.133333
0 0.676562 0.131250 0.100000 0.133333
0 0.490625 0.804167 0.100000 0.133333
0 0.164062 0.506250 0.100000 0.133333
0 0.204687 0.866667 0.100000 0.133333
0 0.637500 0.787500 0.100000 0.133333
0 0.256250 0.891667 0.100000 0.133333
0 0.356250 0.310417 0.100000 0.133333
0 0.504687 0.666667 0.100000 0.133333
0 0.784375 0.595833 0.100000 0.133333
0 0.495312 0.579167 0.100000 0.133333
0 0.351562 0.245833 0.100000 0.133333
0 0.426563 0.847917 0.100000 0.133333
0 0.565625 0.127083 0.100000 0.133333
0 0.353125 0.658333 0.100000 0.133333
0 0.684375 0.229167 0.100000 0.133333
0 0.857812 0.391667 0.100000 0.133333
0 0.453125 0.518750 0.100000 0.133333
0 0.673438 0.193750 0.100000 0.133333
0 0.714063 0.268750 0.100000 0.133333
0 0.695312 0.389583 0.100000 0.133333
0 0.707812 0.585417 0.100000 0.133333
0 0.879687 0.593750 0.100000 0.133333
0 0.890625 0.568750 0.100000 0.133333
0 0.500000 0.081250 0.100000 0.133333
0 0.689063 0.820833 0.100000 0.133333
0 0.603125 0.400000 0.100000 0.133333
0 0.884375 0.095833 0.100000 0.133333
0 0.829688 0.404167 0.100000 0.133333
0 0.659375 0.729167 0.100000 0.133333
0 0.885938 0.856250 0.100000 0.133333
0 0.421875 0.177083 0.100000 0.133333
0 0.801562 0.816667 0.100000 0.133333
0 0.878125 0.585417 0.100000 0.133333
0 0.615625 0.195833 0.100000 0.133333
0 0.598437 0.614583 0.100000 0.133333
0 0.559375 0.597917 0.100000 0.133333
0 0.782813 0.341667 0.100000 0.133333
0 0.817187 0.500000 0.100000 0.133333
0 0.764062 0.762500 0.100000 0.133333
0 0.593750 0.389583 0.100000 0.133333
0 0.818750 0.381250 0.100000 0.133333
0 0.250000 0.706250 0.100000 0.133333
0 0.304688 0.727083 0.100000 0.133333
0 0.501563 0.872917 0.100000 0.133333
0 0.759375 0.289583 0.100000 0.133333
0 0.501563 0.416667 0.100000 0.133333
0 0.360938 0.170833 0.100000 0.133333
0 0.178125 0.114583 0.100000 0.133333
0 0.643750 0.689583 0.100000 0.133333
0 0.878125 0.150000 0.100000 0.133333
0 0.687500 0.100000 0.100000 0.133333
0 0.289062 0.150000 0.100000 0.133333
0 0.239063 0.785417 0.100000 0.133333
0 0.337500 0.768750 0.100000 0.133333
0 0.637500 0.433333 0.100000 0.133333
0 0.312500 0.691667 0.100000 0.133333
0 0.540625 0.868750 0.100000 0.133333
0 0.789062 0.414583 0.100000 0.133333
0 0.170313 0.800000 0.100000 0.133333
0 0.153125 0.068750 0.100000 0.133333
0 0.414062 0.191667 0.100000 0.133333
0 0.531250 0.681250 0.100000 0.133333
0 0.353125 0.772917 0.100000 0.133333
0 0.798438 0.722917 0.100000 0.133333
0 0.204687 0.343750 0.100000 0.133333
0 0.346875 0.631250 0.100000 0.133333
0 0.203125 0.647917 0.100000 0.133333
0 0.300000 0.831250 0.100000 0.133333
0 0.700000 0.839583 0.100000 0.133333
0 0.515625 0.612500 0.100000 0.133333
0 0.360938 0.204167 0.100000 0.133333
0 0.367188 0.589583 0.100000 0.133333
0 0.696875 0.806250 0.100000 0.133333
0 0.693750 0.135417 0.100000 0.133333
0 0.606250 0.133333 0.100000 0.133333
0 0.140625 0.658333 0.100000 0.133333
0 0.139063 0.125000 0.100000 0.133333
0 0.379688 0.347917 0.100000 0.133333
0 0.615625 0.122917 0.100000 0.133333
0 0.300000 0.593750 0.100000 0.133333
0 0.767188 0.191667 0.100000 0.133333
0 0.690625 0.139583 0.100000 0.133333
0 0.529687 0.516667 0.100000 0.133333
0 0.328125 0.766667 0.100000 0.133333
0 0.543750 0.604167 0.100000 0.133333
0 0.621875 0.341667 0.100000 0.133333
0 0.437500 0.143750 0.100000 0.133333
0 0.793750 0.864583 0.100000 0.133333
0 0.751563 0.114583 0.100000 0.133333
0 0.726562 0.479167 0.100000 0.133333
0 0.103125 0.189583 0.100000 0.133333
0 0.604688 0.333333 0.100000 0.133333
0 0.404687 0.852083 0.100000 0.133333
0 0.487500 0.093750 0.100000 0.133333
0 0.709375 0.727083 0.100000 0.133333
0 0.162500 0.641667 0.100000 0.133333
0 0.131250 0.216667 0.100000 0.133333
0 0.326562 0.427083 0.100000 0.133333
0 0.439063 0.354167 0.100000 0.133333
0 0.529687 0.675000 0.100000 0.133333
0 0.371875 0.164583 0.100000 0.133333
0 0.253125 0.389583 0.100000 0.133333
0 0.618750 0.164583 0.100000 0.133333
0 0.801562 0.264583 0.100000 0.133333
0 0.778125 0.225000 0.100000 0.133333
0 0.673438 0.379167 0.100000 0.133333
0 0.325000 0.818750 0.100000 0.133333
0 0.129688 0.570833 0.100000 0.133333
0 0.262500 0.862500 0.100000 0.133333
0 0.800000 0.868750 0.100000 0.133333
0 0.734375 0.227083 0.100000 0.133333
0 0.589063 0.185417 0.100000 0.133333
0 0.268750 0.427083 0.100000 0.133333
0 0.679688 0.785417 0.100000 0.133333
0 0.268750 0.737500 0.100000 0.133333
0 0.212500 0.831250 0.100000 0.133333
0 0.134375 0.875000 0.100000 0.133333
0 0.398438 0.097917 0.100000 0.133333
0 0.831250 0.195833 0.100000 0.133333
0 0.750000 0.722917 0.100000 0.133333
0 0.434375 0.783333 0.100000 0.133333
0 0.301563 0.208333 0.100000 0.133333
0 0.785937 0.535417 0.100000 0.133333
0 0.404687 0.141667 0.100000 0.133333
0 0.162500 0.508333 0.100000 0.133333
0 0.701562 0.754167 0.100000 0.133333
0 0.735938 0.720833 0.100000 0.133333
0 0.739062 0.602083 0.100000 0.133333
0 0.139063 0.529167 0.100000 0.133333
0 0.850000 0.600000 0.100000 0.133333
1 0.126562 0.812500 0.100000 0.133333
1 0.551562 0.466667 0.100000 0.133333
1 0.828125 0.631250 0.100000 0.133333
1 0.828125 0.835417 0.100000 0.133333
1 0.460938 0.825000 0.100000 0.133333
