0 0.606250 0.583333 0.100000 0.133333
0 0.604688 0.172917 0.100000 0.133333
0 0.553125 0.316667 0.100000 0.133333
0 0.778125 0.152083 0.100000 0.133333
0 0.593750 0.479167 0.100000 0.133333
0 0.367188 0.185417 0.100000 0.133333
0 0.190625 0.452083 0.100000 0.133333
0 0.882812 0.256250 0.100000 0.133333
0 0.726562 0.516667 0.100000 0.133333
0 0.885938 0.404167 0.100000 0.133333
0 0.404687 0.472917 0.100000 0.133333
0 0.692187 0.862500 0.100000 0.133333
0 0.245312 0.837500 0.100000 0.133333
0 0.110937 0.687500 0.100000 0.133333
0 0.735938 0.297917 0.100000 0.133333
0 0.765625 0.479167 0.100000 0.133333
0 0.678125 0.602083 0.100000 0.133333
0 0.320312 0.439583 0.100000 0.133333
0 0.414062 0.577083 0.100000 0.133333
0 0.532813 0.843750 0.100000 0.133333
0 0.784375 0.443750 0.100000 0.133333
0 0.437500 0.689583 0.100000 0.133333
0 0.689063 0.762500 0.100000 0.133333
0 0.156250 0.833333 0.100000 0.133333
0 0.156250 0.479167 0.100000 0.133333
0 0.648438 0.483333 0.100000 0.133333
0 0.179688 0.654167 0.100000 0.133333
0 0.414062 0.452083 0.100000 0.133333
0 0.104688 0.206250 0.100000 0.133333
0 0.479687 0.068750 0.100000 0.133333
0 0.179688 0.210417 0.100000 0.133333
0 0.839063 0.231250 0.100000 0.133333
0 0.634375 0.664583 0.100000 0.133333
0 0.387500 0.587500 0.100000 0.133333
0 0.817187 0.681250 0.100000 0.133333
0 0.131250 0.685417 0.100000 0.133333
0 0.256250 0.458333 0.100000 0.133333
0 0.323437 0.733333 0.100000 0.133333
0 0.404687 0.537500 0.100000 0.133333
0 0.576562 0.320833 0.100000 0.133333
0 0.826562 0.364583 0.100000 0.133333
0 0.804688 0.166667 0.100000 0.133333
0 0.281250 0.106250 0.100000 0.133333
0 0.784375 0.250000 0.100000 0.133333
0 0.398438 0.356250 0.100000 0.133333
0 0.182812 0.731250 0.100000 0.133333
0 0.778125 0.712500 0.100000 0.133333
0 0.767188 0.460417 0.100000 0.133333
0 0.293750 0.675000 0.100000 0.133333
0 0.242188 0.083333 0.100000 0.133333
0 0.835938 0.460417 0.100000 0.133333
0 0.485938 0.870833 0.100000 0.133333
0 0.881250 0.658333 0.100000 0.133333
0 0.287500 0.414583 0.100000 0.133333
0 0.153125 0.314583 0.100000 0.133333
0 0.317188 0.089583 0.100000 0.133333
0 0.654687 0.233333 0.100000 0.133333
0 0.326562 0.404167 0.100000 0.133333
0 0.401562 0.793750 0.100000 0.133333
0 0.610938 0.891667 0.100000 0.133333
0 0.703125 0.225000 0.100000 0.133333
0 0.385937 0.308333 0.100000 0.133333
0 0.728125 0.687500 0.100000 0.133333
0 0.212500 0.729167 0.100000 0.133333
0 0.710938 0.260417 0.100000 0.133333
0 0.675000 0.170833 0.100000 0.133333
0 0.328125 0.347917 0.100000 0.133333
0 0.768750 0.164583 0.100000 0.133333
0 0.103125 0.641667 0.100000 0.133333
0 0.103125 0.785417 0.100000 0.133333
0 0.257812 0.714583 0.100000 0.133333
0 0.217188 0.758333 0.100000 0.133333
0 0.192188 0.125000 0.100000 0.133333
0 0.360938 0.862500 0.100000 0.133333
0 0.425000 0.639583 0.100000 0.133333
0 0.854688 0.114583 0.100000 0.133333
0 0.493750 0.487500 0.100000 0.133333
0 0.110937 0.141667 0.100000 0.133333
0 0.317188 0.643750 0.100000 0.133333
0 0.632812 0.397917 0.100000 0.133333
0 0.739062 0.304167 0.100000 0.133333
0 0.773438 0.791667 0.100000 0.133333
0 0.640625 0.435417 0.100000 0.133333
0 0.643750 0.460417 0.100000 0.133333
0 0.859375 0.750000 0.100000 0.133333
0 0.143750 0.562500 0.100000 0.133333
0 0.254688 0.439583 0.100000 0.133333
0 0.525000 0.266667 0.100000 0.133333
0 0.443750 0.308333 0.100000 0.133333
0 0.550000 0.758333 0.100000 0.133333
0 0.581250 0.866667 0.100000 0.133333
0 0.125000 0.868750 0.100000 0.133333
0 0.457813 0.572917 0.100000 0.133333
0 0.653125 0.337500 0.100000 0.133333
0 0.175000 0.835417 0.100000 0.133333
0 0.443750 0.789583 0.100000 0.133333
0 0.826562 0.339583 0.100000 0.133333
0 0.754687 0.372917 0.100000 0.133333
0 0.565625 0.791667 0.100000 0.133333
0 0.110937 0.416667 0.100000 0.133333
0 0.817187 0.789583 0.100000 0.133333
0 0.226562 0.112500 0.100000 0.133333
0 0.393750 0.472917 0.100000 0.133333
0 0.412500 0.581250 0.100000 0.133333
0 0.432812 0.462500 0.100000 0.133333
0 0.645312 0.093750 0.100000 0.133333
0 0.551562 0.077083 0.100000 0.133333
0 0.181250 0.625000 0.100000 0.133333
0 0.631250 0.725000 0.100000 0.133333
0 0.250000 0.802083 0.100000 0.133333
0 0.304688 0.447917 0.100000 0.133333
0 0.417187 0.108333 0.100000 0.133333
0 0.485938 0.885417 0.100000 0.133333
0 0.515625 0.547917 0.100000 0.133333
0 0.151562 0.743750 0.100000 0.133333
0 0.360938 0.270833 0.100000 0.133333
0 0.843750 0.127083 0.100000 0.133333
0 0.307812 0.860417 0.100000 0.133333
0 0.253125 0.277083 0.100000 0.133333
0 0.490625 0.427083 0.100000 0.133333
0 0.406250 0.662500 0.100000 0.133333
0 0.603125 0.645833 0.100000 0.133333
0 0.242188 0.270833 0.100000 0.133333
0 0.773438 0.527083 0.100000 0.133333
0 0.428125 0.552083 0.100000 0.133333
0 0.420312 0.620833 0.100000 0.133333
0 0.240625 0.152083 0.100000 0.133333
0 0.653125 0.825000 0.100000 0.133333
0 0.392188 0.070833 0.100000 0.133333
0 0.476562 0.087500 0.100000 0.133333
0 0.834375 0.645833 0.100000 0.133333
0 0.167187 0.295833 0.100000 0.133333
0 0.812500 0.818750 0.100000 0.133333
0 0.407813 0.839583 0.100000 0.133333
0 0.357812 0.166667 0.100000 0.133333
0 0.843750 0.118750 0.100000 0.133333
0 0.229687 0.404167 0.100000 0.133333
0 0.742188 0.804167 0.100000 0.133333
0 0.584375 0.154167 0.100000 0.133333
0 0.684375 0.708333 0.100000 0.133333
0 0.610938 0.422917 0.100000 0.133333
0 0.839063 0.333333 0.100000 0.133333
0 0.201563 0.258333 0.100000 0.133333
0 0.365625 0.391667 0.100000 0.133333
0 0.700000 0.622917 0.100000 0.133333
0 0.198437 0.470833 0.100000 0.133333
0 0.250000 0.670833 0.100000 0.133333
0 0.382812 0.825000 0.100000 0.133333
0 0.506250 0.422917 0.100000 0.133333
0 0.607812 0.808333 0.100000 0.133333
1 0.495312 0.120833 0.100000 0.133333
1 0.606250 0.879167 0.100000 0.133333
1 0.870313 0.783333 0.100000 0.133333
1 0.621875 0.454167 0.100000 0.133333
1 0.815625 0.358333 0.100000 0.133333
