0 0.189062 0.133333 0.100000 0.133333
0 0.315625 0.264583 0.100000 0.133333
0 0.456250 0.714583 0.100000 0.133333
0 0.748437 0.175000 0.100000 0.133333
0 0.637500 0.454167 0.100000 0.133333
0 0.493750 0.306250 0.100000 0.133333
0 0.428125 0.558333 0.100000 0.133333
0 0.351562 0.577083 0.100000 0.133333
0 0.890625 0.156250 0.100000 0.133333
0 0.542188 0.572917 0.100000 0.133333
0 0.881250 0.485417 0.100000 0.133333
0 0.554688 0.622917 0.100000 0.133333
0 0.603125 0.231250 0.100000 0.133333
0 0.873437 0.241667 0.100000 0.133333
0 0.589063 0.110417 0.100000 0.133333
0 0.518750 0.212500 0.100000 0.133333
0 0.631250 0.537500 0.100000 0.133333
0 0.304688 0.639583 0.100000 0.133333
0 0.217188 0.366667 0.100000 0.133333
0 0.828125 0.272917 0.100000 0.133333
0 0.667188 0.289583 0.100000 0.133333
0 0.426563 0.137500 0.100000 0.133333
0 0.310937 0.545833 0.100000 0.133333
0 0.526563 0.466667 0.100000 0.133333
0 0.535937 0.522917 0.100000 0.133333
0 0.542188 0.266667 0.100000 0.133333
0 0.818750 0.468750 0.100000 0.133333
0 0.453125 0.812500 0.100000 0.133333
0 0.345313 0.470833 0.100000 0.133333
0 0.239063 0.152083 0.100000 0.133333
0 0.387500 0.120833 0.100000 0.133333
0 0.400000 0.364583 0.100000 0.133333
0 0.760938 0.318750 0.100000 0.133333
0 0.832812 0.545833 0.100000 0.133333
0 0.892188 0.325000 0.100000 0.133333
0 0.779687 0.339583 0.100000 0.133333
0 0.276562 0.360417 0.100000 0.133333
0 0.496875 0.277083 0.100000 0.133333
0 0.834375 0.529167 0.100000 0.133333
0 0.337500 0.075000 0.100000 0.133333
0 0.703125 0.812500 0.100000 0.133333
0 0.437500 0.516667 0.100000 0.133333
0 0.140625 0.225000 0.100000 0.133333
0 0.164062 0.666667 0.100000 0.133333
0 0.789062 0.608333 0.100000 0.133333
0 0.751563 0.664583 0.100000 0.133333
0 0.565625 0.485417 0.100000 0.133333
0 0.415625 0.531250 0.100000 0.133333
0 0.290625 0.477083 0.100000 0.133333
0 0.410938 0.375000 0.100000 0.133333
0 0.618750 0.779167 0.100000 0.133333
0 0.857812 0.602083 0.100000 0.133333
0 0.809375 0.479167 0.100000 0.133333
0 0.354687 0.716667 0.100000 0.133333
0 0.310937 0.068750 0.100000 0.133333
0 0.709375 0.735417 0.100000 0.133333
0 0.529687 0.629167 0.100000 0.133333
0 0.326562 0.402083 0.100000 0.133333
0 0.853125 0.447917 0.100000 0.133333
0 0.179688 0.664583 0.100000 0.133333
0 0.242188 0.077083 0.100000 0.133333
0 0.689063 0.458333 0.100000 0.133333
0 0.195312 0.312500 0.100000 0.133333
0 0.262500 0.231250 0.100000 0.133333
0 0.632812 0.266667 0.100000 0.133333
0 0.273438 0.410417 0.100000 0.133333
0 0.107813 0.560417 0.100000 0.133333
0 0.228125 0.833333 0.100000 0.133333
0 0.203125 0.306250 0.100000 0.133333
0 0.650000 0.660417 0.100000 0.133333
0 0.432812 0.331250 0.100000 0.133333
0 0.571875 0.737500 0.100000 0.133333
0 0.759375 0.479167 0.100000 0.133333
0 0.850000 0.258333 0.100000 0.133333
0 0.775000 0.518750 0.100000 0.133333
0 0.131250 0.279167 0.100000 0.133333
0 0.712500 0.362500 0.100000 0.133333
0 0.381250 0.193750 0.100000 0.133333
0 0.232813 0.568750 0.100000 0.133333
0 0.375000 0.118750 0.100000 0.133333
0 0.834375 0.708333 0.100000 0.133333
0 0.139063 0.343750 0.100000 0.133333
0 0.546875 0.641667 0.100000 0.133333
0 0.746875 0.177083 0.100000 0.133333
0 0.537500 0.241667 0.100000 0.133333
0 0.600000 0.850000 0.100000 0.133333
0 0.248438 0.212500 0.100000 0.133333
0 0.425000 0.091667 0.100000 0.133333
0 0.432812 0.375000 0.100000 0.133333
0 0.464062 0.389583 0.100000 0.133333
0 0.721875 0.831250 0.100000 0.133333
0 0.779687 0.314583 0.100000 0.133333
0 0.467187 0.479167 0.100000 0.133333
0 0.295312 0.575000 0.100000 0.133333
0 0.840625 0.133333 0.100000 0.133333
0 0.342187 0.462500 0.100000 0.133333
0 0.237500 0.087500 0.100000 0.133333
0 0.834375 0.772917 0.100000 0.133333
0 0.550000 0.195833 0.100000 0.133333
0 0.834375 0.114583 0.100000 0.133333
0 0.603125 0.343750 0.100000 0.133333
0 0.850000 0.889583 0.100000 0.133333
0 0.575000 0.358333 0.100000 0.133333
0 0.146875 0.287500 0.100000 0.133333
0 0.309375 0.316667 0.100000 0.133333
0 0.512500 0.810417 0.100000 0.133333
0 0.303125 0.095833 0.100000 0.133333
0 0.720313 0.379167 0.100000 0.133333
0 0.896875 0.243750 0.100000 0.133333
0 0.639062 0.068750 0.100000 0.133333
0 0.489063 0.675000 0.100000 0.133333
0 0.296875 0.075000 0.100000 0.133333
0 0.165625 0.408333 0.100000 0.133333
0 0.478125 0.720833 0.100000 0.133333
0 0.443750 0.206250 0.100000 0.133333
0 0.292187 0.518750 0.100000 0.133333
0 0.184375 0.562500 0.100000 0.133333
0 0.525000 0.210417 0.100000 0.133333
0 0.701562 0.783333 0.100000 0.133333
0 0.854688 0.560417 0.100000 0.133333
0 0.623437 0.850000 0.100000 0.133333
0 0.779687 0.077083 0.100000 0.133333
0 0.712500 0.154167 0.100000 0.133333
0 0.853125 0.166667 0.100000 0.133333
0 0.590625 0.604167 0.100000 0.133333
0 0.787500 0.662500 0.100000 0.133333
0 0.125000 0.666667 0.100000 0.133333
0 0.396875 0.104167 0.100000 0.133333
0 0.521875 0.254167 0.100000 0.133333
0 0.834375 0.283333 0.100000 0.133333
0 0.548438 0.231250 0.100000 0.133333
0 0.810937 0.316667 0.100000 0.133333
0 0.114062 0.191667 0.100000 0.133333
0 0.895312 0.766667 0.100000 0.133333
0 0.156250 0.575000 0.100000 0.133333
0 0.871875 0.368750 0.100000 0.133333
0 0.743750 0.416667 0.100000 0.133333
0 0.162500 0.539583 0.100000 0.133333
0 0.670312 0.504167 0.100000 0.133333
0 0.550000 0.591667 0.100000 0.133333
0 0.454688 0.743750 0.100000 0.133333
0 0.704688 0.268750 0.100000 0.133333
0 0.167187 0.641667 0.100000 0.133333
0 0.248438 0.320833 0.100000 0.133333
0 0.729688 0.466667 0.100000 0.133333
0 0.350000 0.393750 0.100000 0.133333
0 0.362500 0.612500 0.100000 0.133333
0 0.235937 0.314583 0.100000 0.133333
0 0.329688 0.633333 0.100000 0.133333
0 0.226562 0.081250 0.100000 0.133333
1 0.871875 0.670833 0.100000 0.133333
1 0.787500 0.612500 0.100000 0.133333
1 0.825000 0.329167 0.100000 0.133333
1 0.657813 0.135417 0.100000 0.133333
1 0.910937 0.416667 0.100000 0.133333
