0 0.264062 0.720833 0.100000 0.133333
0 0.487500 0.797917 0.100000 0.133333
0 0.276562 0.414583 0.100000 0.133333
0 0.290625 0.447917 0.100000 0.133333
0 0.107813 0.856250 0.100000 0.133333
0 0.481250 0.620833 0.100000 0.133333
0 0.140625 0.875000 0.100000 0.133333
0 0.370312 0.543750 0.100000 0.133333
0 0.829688 0.756250 0.100000 0.133333
0 0.734375 0.872917 0.100000 0.133333
0 0.521875 0.575000 0.100000 0.133333
0 0.670312 0.520833 0.100000 0.133333
0 0.296875 0.866667 0.100000 0.133333
0 0.209375 0.250000 0.100000 0.133333
0 0.585938 0.629167 0.100000 0.133333
0 0.240625 0.672917 0.100000 0.133333
0 0.178125 0.464583 0.100000 0.133333
0 0.776563 0.091667 0.100000 0.133333
0 0.284375 0.356250 0.100000 0.133333
0 0.226562 0.229167 0.100000 0.133333
0 0.345313 0.604167 0.100000 0.133333
0 0.609375 0.570833 0.100000 0.133333
0 0.840625 0.241667 0.100000 0.133333
0 0.759375 0.741667 0.100000 0.133333
0 0.217188 0.495833 0.100000 0.133333
0 0.559375 0.670833 0.100000 0.133333
0 0.398438 0.358333 0.100000 0.133333
0 0.426563 0.477083 0.100000 0.133333
0 0.782813 0.889583 0.100000 0.133333
0 0.685937 0.839583 0.100000 0.133333
0 0.828125 0.689583 0.100000 0.133333
0 0.846875 0.889583 0.100000 0.133333
0 0.117188 0.368750 0.100000 0.133333
0 0.401562 0.345833 0.100000 0.133333
0 0.353125 0.200000 0.100000 0.133333
0 0.479687 0.443750 0.100000 0.133333
0 0.779687 0.533333 0.100000 0.133333
0 0.587500 0.818750 0.100000 0.133333
0 0.271875 0.654167 0.100000 0.133333
0 0.359375 0.327083 0.100000 0.133333
0 0.315625 0.210417 0.100000 0.133333
0 0.373437 0.293750 0.100000 0.133333
0 0.292187 0.608333 0.100000 0.133333
0 0.800000 0.835417 0.100000 0.133333
0 0.750000 0.479167 0.100000 0.133333
0 0.345313 0.529167 0.100000 0.133333
0 0.462500 0.579167 0.100000 0.133333
0 0.421875 0.560417 0.100000 0.133333
0 0.731250 0.289583 0.100000 0.133333
0 0.303125 0.214583 0.100000 0.133333
0 0.501563 0.306250 0.100000 0.133333
0 0.671875 0.633333 0.100000 0.133333
0 0.729688 0.181250 0.100000 0.133333
0 0.467187 0.095833 0.100000 0.133333
0 0.620313 0.312500 0.100000 0.133333
0 0.610938 0.539583 0.100000 0.133333
0 0.406250 0.541667 0.100000 0.133333
0 0.831250 0.754167 0.100000 0.133333
0 0.385937 0.300000 0.100000 0.133333
0 0.164062 0.068750 0.100000 0.133333
0 0.770312 0.237500 0.100000 0.133333
0 0.823438 0.512500 0.100000 0.133333
0 0.623437 0.343750 0.100000 0.133333
0 0.317188 0.439583 0.100000 0.133333
0 0.760938 0.491667 0.100000 0.133333
0 0.309375 0.243750 0.100000 0.133333
0 0.667188 0.370833 0.100000 0.133333
0 0.551562 0.120833 0.100000 0.133333
0 0.859375 0.600000 0.100000 0.133333
0 0.104688 0.597917 0.100000 0.133333
0 0.450000 0.522917 0.100000 0.133333
0 0.251563 0.260417 0.100000 0.133333
0 0.279687 0.285417 0.100000 0.133333
0 0.110937 0.839583 0.100000 0.133333
0 0.104688 0.360417 0.100000 0.133333
0 0.418750 0.072917 0.100000 0.133333
0 0.840625 0.610417 0.100000 0.133333
0 0.454688 0.233333 0.100000 0.133333
0 0.796875 0.856250 0.100000 0.133333
0 0.878125 0.289583 0.100000 0.133333
0 0.509375 0.879167 0.100000 0.133333
0 0.820312 0.579167 0.100000 0.133333
0 0.671875 0.364583 0.100000 0.133333
0 0.639062 0.508333 0.100000 0.133333
0 0.434375 0.887500 0.100000 0.133333
0 0.239063 0.593750 0.100000 0.133333
0 0.453125 0.512500 0.100000 0.133333
0 0.381250 0.441667 0.100000 0.133333
0 0.668750 0.683333 0.100000 0.133333
0 0.357812 0.691667 0.100000 0.133333
0 0.203125 0.745833 0.100000 0.133333
0 0.593750 0.572917 0.100000 0.133333
0 0.201563 0.700000 0.100000 0.133333
0 0.656250 0.779167 0.100000 0.133333
0 0.142187 0.752083 0.100000 0.133333
0 0.212500 0.514583 0.100000 0.133333
0 0.537500 0.454167 0.100000 0.133333
0 0.284375 0.645833 0.100000 0.133333
0 0.509375 0.560417 0.100000 0.133333
0 0.834375 0.716667 0.100000 0.133333
0 0.437500 0.862500 0.100000 0.133333
0 0.342187 0.647917 0.100000 0.133333
0 0.725000 0.704167 0.100000 0.133333
0 0.639062 0.368750 0.100000 0.133333
0 0.570312 0.639583 0.100000 0.133333
0 0.278125 0.468750 0.100000 0.133333
0 0.562500 0.689583 0.100000 0.133333
0 0.664062 0.387500 0.100000 0.133333
0 0.895312 0.577083 0.100000 0.133333
0 0.654687 0.460417 0.100000 0.133333
0 0.751563 0.854167 0.100000 0.133333
0 0.514062 0.266667 0.100000 0.133333
0 0.790625 0.672917 0.100000 0.133333
0 0.345313 0.385417 0.100000 0.133333
0 0.403125 0.322917 0.100000 0.133333
0 0.481250 0.718750 0.100000 0.133333
0 0.128125 0.668750 0.100000 0.133333
0 0.782813 0.260417 0.100000 0.133333
0 0.750000 0.418750 0.100000 0.133333
0 0.568750 0.475000 0.100000 0.133333
0 0.139063 0.475000 0.100000 0.133333
0 0.170313 0.527083 0.100000 0.133333
0 0.700000 0.450000 0.100000 0.133333
0 0.401562 0.847917 0.100000 0.133333
0 0.439063 0.197917 0.100000 0.133333
0 0.790625 0.764583 0.100000 0.133333
0 0.339062 0.381250 0.100000 0.133333
0 0.353125 0.766667 0.100000 0.133333
0 0.875000 0.716667 0.100000 0.133333
0 0.129688 0.741667 0.100000 0.133333
0 0.173437 0.852083 0.100000 0.133333
0 0.109375 0.120833 0.100000 0.133333
0 0.257812 0.693750 0.100000 0.133333
0 0.767188 0.560417 0.100000 0.133333
0 0.381250 0.189583 0.100000 0.133333
0 0.112500 0.739583 0.100000 0.133333
0 0.878125 0.879167 0.100000 0.133333
0 0.140625 0.297917 0.100000 0.133333
0 0.253125 0.285417 0.100000 0.133333
0 0.621875 0.783333 0.100000 0.133333
0 0.378125 0.543750 0.100000 0.133333
0 0.725000 0.366667 0.100000 0.133333
0 0.509375 0.631250 0.100000 0.133333
0 0.518750 0.356250 0.100000 0.133333
0 0.829688 0.447917 0.100000 0.133333
0 0.107813 0.825000 0.100000 0.133333
0 0.745313 0.675000 0.100000 0.133333
0 0.645312 0.850000 0.100000 0.133333
0 0.371875 0.837500 0.100000 0.133333
0 0.670312 0.512500 0.100000 0.133333
1 0.171875 0.216667 0.100000 0.133333
1 0.787500 0.518750 0.100000 0.133333
1 0.465625 0.470833 0.100000 0.133333
1 0.659375 0.283333 0.100000 0.133333
1 0.334375 0.683333 0.100000 0.133333
