0 0.185938 0.283333 0.100000 0.133333
0 0.767188 0.866667 0.100000 0.133333
0 0.550000 0.556250 0.100000 0.133333
0 0.375000 0.635417 0.100000 0.133333
0 0.331250 0.662500 0.100000 0.133333
0 0.870313 0.662500 0.100000 0.133333
0 0.390625 0.279167 0.100000 0.133333
0 0.725000 0.377083 0.100000 0.133333
0 0.582812 0.197917 0.100000 0.133333
0 0.445312 0.643750 0.100000 0.133333
0 0.770312 0.362500 0.100000 0.133333
0 0.848437 0.850000 0.100000 0.133333
0 0.720313 0.435417 0.100000 0.133333
0 0.590625 0.427083 0.100000 0.133333
0 0.168750 0.189583 0.100000 0.133333
0 0.417187 0.781250 0.100000 0.133333
0 0.526563 0.387500 0.100000 0.133333
0 0.471875 0.597917 0.100000 0.133333
0 0.310937 0.725000 0.100000 0.133333
0 0.590625 0.281250 0.100000 0.133333
0 0.328125 0.437500 0.100000 0.133333
0 0.521875 0.254167 0.100000 0.133333
0 0.826562 0.433333 0.100000 0.133333
0 0.365625 0.806250 0.100000 0.133333
0 0.300000 0.562500 0.100000 0.133333
0 0.653125 0.883333 0.100000 0.133333
0 0.367188 0.429167 0.100000 0.133333
0 0.825000 0.087500 0.100000 0.133333
0 0.101562 0.802083 0.100000 0.133333
0 0.565625 0.760417 0.100000 0.133333
0 0.287500 0.810417 0.100000 0.133333
0 0.421875 0.164583 0.100000 0.133333
0 0.159375 0.179167 0.100000 0.133333
0 0.276562 0.797917 0.100000 0.133333
0 0.734375 0.714583 0.100000 0.133333
0 0.593750 0.318750 0.100000 0.133333
0 0.323437 0.445833 0.100000 0.133333
0 0.479687 0.481250 0.100000 0.133333
0 0.606250 0.608333 0.100000 0.133333
0 0.342187 0.256250 0.100000 0.133333
0 0.114062 0.250000 0.100000 0.133333
0 0.598437 0.085417 0.100000 0.133333
0 0.420312 0.110417 0.100000 0.133333
0 0.153125 0.766667 0.100000 0.133333
0 0.659375 0.816667 0.100000 0.133333
0 0.493750 0.856250 0.100000 0.133333
0 0.176563 0.393750 0.100000 0.133333
0 0.720313 0.441667 0.100000 0.133333
0 0.509375 0.541667 0.100000 0.133333
0 0.843750 0.641667 0.100000 0.133333
0 0.428125 0.872917 0.100000 0.133333
0 0.175000 0.604167 0.100000 0.133333
0 0.287500 0.143750 0.100000 0.133333
0 0.189062 0.362500 0.100000 0.133333
0 0.526563 0.312500 0.100000 0.133333
0 0.534375 0.670833 0.100000 0.133333
0 0.581250 0.329167 0.100000 0.133333
0 0.243750 0.206250 0.100000 0.133333
0 0.610938 0.166667 0.100000 0.133333
0 0.415625 0.275000 0.100000 0.133333
0 0.446875 0.250000 0.100000 0.133333
0 0.473438 0.741667 0.100000 0.133333
0 0.865625 0.843750 0.100000 0.133333
0 0.523438 0.577083 0.100000 0.133333
0 0.467187 0.477083 0.100000 0.133333
0 0.314063 0.591667 0.100000 0.133333
0 0.450000 0.727083 0.100000 0.133333
0 0.306250 0.358333 0.100000 0.133333
0 0.204687 0.483333 0.100000 0.133333
0 0.239063 0.877083 0.100000 0.133333
0 0.759375 0.822917 0.100000 0.133333
0 0.584375 0.239583 0.100000 0.133333
0 0.281250 0.541667 0.100000 0.133333
0 0.400000 0.864583 0.100000 0.133333
0 0.623437 0.468750 0.100000 0.133333
0 0.895312 0.766667 0.100000 0.133333
0 0.137500 0.537500 0.100000 0.133333
0 0.617188 0.262500 0.100000 0.133333
0 0.415625 0.577083 0.100000 0.133333
0 0.229687 0.364583 0.100000 0.133333
0 0.717187 0.722917 0.100000 0.133333
0 0.850000 0.106250 0.100000 0.133333
0 0.656250 0.652083 0.100000 0.133333
0 0.145313 0.885417 0.100000 0.133333
0 0.881250 0.477083 0.100000 0.133333
0 0.193750 0.545833 0.100000 0.133333
0 0.467187 0.608333 0.100000 0.133333
0 0.884375 0.793750 0.100000 0.133333
0 0.407813 0.462500 0.100000 0.133333
0 0.131250 0.512500 0.100000 0.133333
0 0.495312 0.358333 0.100000 0.133333
0 0.640625 0.845833 0.100000 0.133333
0 0.279687 0.070833 0.100000 0.133333
0 0.303125 0.393750 0.100000 0.133333
0 0.625000 0.354167 0.100000 0.133333
0 0.414062 0.508333 0.100000 0.133333
0 0.584375 0.112500 0.100000 0.133333
0 0.521875 0.177083 0.100000 0.133333
0 0.379688 0.791667 0.100000 0.133333
0 0.610938 0.285417 0.100000 0.133333
0 0.871875 0.847917 0.100000 0.133333
0 0.320312 0.089583 0.100000 0.133333
0 0.835938 0.495833 0.100000 0.133333
0 0.275000 0.347917 0.100000 0.133333
0 0.851562 0.306250 0.100000 0.133333
0 0.357812 0.377083 0.100000 0.133333
0 0.796875 0.691667 0.100000 0.133333
0 0.745313 0.172917 0.100000 0.133333
0 0.298438 0.181250 0.100000 0.133333
0 0.507812 0.662500 0.100000 0.133333
0 0.406250 0.089583 0.100000 0.133333
0 0.484375 0.789583 0.100000 0.133333
0 0.346875 0.172917 0.100000 0.133333
0 0.601562 0.870833 0.100000 0.133333
0 0.410938 0.560417 0.100000 0.133333
0 0.656250 0.291667 0.100000 0.133333
0 0.148438 0.691667 0.100000 0.133333
0 0.384375 0.433333 0.100000 0.133333
0 0.607812 0.139583 0.100000 0.133333
0 0.168750 0.166667 0.100000 0.133333
0 0.762500 0.183333 0.100000 0.133333
0 0.871875 0.304167 0.100000 0.133333
0 0.631250 0.147917 0.100000 0.133333
0 0.831250 0.187500 0.100000 0.133333
0 0.550000 0.616667 0.100000 0.133333
0 0.148438 0.791667 0.100000 0.133333
0 0.706250 0.189583 0.100000 0.133333
0 0.543750 0.302083 0.100000 0.133333
0 0.584375 0.137500 0.100000 0.133333
0 0.642188 0.193750 0.100000 0.133333
0 0.607812 0.550000 0.100000 0.133333
0 0.470313 0.666667 0.100000 0.133333
0 0.689063 0.627083 0.100000 0.133333
0 0.803125 0.804167 0.100000 0.133333
0 0.178125 0.600000 0.100000 0.133333
0 0.554688 0.231250 0.100000 0.133333
0 0.184375 0.137500 0.100000 0.133333
0 0.285938 0.560417 0.100000 0.133333
0 0.440625 0.091667 0.100000 0.133333
0 0.506250 0.179167 0.100000 0.133333
0 0.668750 0.670833 0.100000 0.133333
0 0.278125 0.216667 0.100000 0.133333
0 0.335938 0.687500 0.100000 0.133333
0 0.750000 0.872917 0.100000 0.133333
0 0.587500 0.385417 0.100000 0.133333
0 0.248438 0.464583 0.100000 0.133333
0 0.145313 0.856250 0.100000 0.133333
0 0.360938 0.695833 0.100000 0.133333
0 0.342187 0.116667 0.100000 0.133333
0 0.500000 0.879167 0.100000 0.133333
1 0.581250 0.733333 0.100000 0.133333
1 0.107813 0.877083 0.100000 0.133333
1 0.706250 0.735417 0.100000 0.133333
1 0.331250 0.408333 0.100000 0.133333
1 0.204687 0.518750 0.100000 0.133333
