0 0.885938 0.512500 0.100000 0.133333
0 0.137500 0.072917 0.100000 0.133333
0 0.518750 0.583333 0.100000 0.133333
0 0.545312 0.556250 0.100000 0.133333
0 0.467187 0.487500 0.100000 0.133333
0 0.217188 0.672917 0.100000 0.133333
0 0.145313 0.875000 0.100000 0.133333
0 0.732812 0.647917 0.100000 0.133333
0 0.284375 0.656250 0.100000 0.133333
0 0.645312 0.383333 0.100000 0.133333
0 0.801562 0.102083 0.100000 0.133333
0 0.121875 0.175000 0.100000 0.133333
0 0.221875 0.150000 0.100000 0.133333
0 0.154688 0.381250 0.100000 0.133333
0 0.321875 0.479167 0.100000 0.133333
0 0.781250 0.470833 0.100000 0.133333
0 0.685937 0.737500 0.100000 0.133333
0 0.398438 0.858333 0.100000 0.133333
0 0.815625 0.270833 0.100000 0.133333
0 0.407813 0.412500 0.100000 0.133333
0 0.378125 0.502083 0.100000 0.133333
0 0.571875 0.766667 0.100000 0.133333
0 0.793750 0.177083 0.100000 0.133333
0 0.287500 0.208333 0.100000 0.133333
0 0.532813 0.789583 0.100000 0.133333
0 0.493750 0.441667 0.100000 0.133333
0 0.434375 0.335417 0.100000 0.133333
0 0.721875 0.831250 0.100000 0.133333
0 0.564063 0.881250 0.100000 0.133333
0 0.535937 0.825000 0.100000 0.133333
0 0.853125 0.527083 0.100000 0.133333
0 0.125000 0.677083 0.100000 0.133333
0 0.756250 0.533333 0.100000 0.133333
0 0.300000 0.393750 0.100000 0.133333
0 0.206250 0.627083 0.100000 0.133333
0 0.851562 0.558333 0.100000 0.133333
0 0.571875 0.410417 0.100000 0.133333
0 0.331250 0.306250 0.100000 0.133333
0 0.667188 0.452083 0.100000 0.133333
0 0.157812 0.462500 0.100000 0.133333
0 0.856250 0.416667 0.100000 0.133333
0 0.560937 0.762500 0.100000 0.133333
0 0.782813 0.527083 0.100000 0.133333
0 0.321875 0.420833 0.100000 0.133333
0 0.148438 0.645833 0.100000 0.133333
0 0.434375 0.593750 0.100000 0.133333
0 0.117188 0.195833 0.100000 0.133333
0 0.131250 0.733333 0.100000 0.133333
0 0.301563 0.491667 0.100000 0.133333
0 0.518750 0.264583 0.100000 0.133333
0 0.553125 0.439583 0.100000 0.133333
0 0.831250 0.464583 0.100000 0.133333
0 0.853125 0.816667 0.100000 0.133333
0 0.190625 0.314583 0.100000 0.133333
0 0.529687 0.556250 0.100000 0.133333
0 0.703125 0.610417 0.100000 0.133333
0 0.465625 0.885417 0.100000 0.133333
0 0.859375 0.531250 0.100000 0.133333
0 0.434375 0.816667 0.100000 0.133333
0 0.717187 0.743750 0.100000 0.133333
0 0.331250 0.716667 0.100000 0.133333
0 0.557813 0.564583 0.100000 0.133333
0 0.676562 0.870833 0.100000 0.133333
0 0.757812 0.241667 0.100000 0.133333
0 0.584375 0.872917 0.100000 0.133333
0 0.518750 0.666667 0.100000 0.133333
0 0.371875 0.829167 0.100000 0.133333
0 0.618750 0.564583 0.100000 0.133333
0 0.303125 0.537500 0.100000 0.133333
0 0.421875 0.408333 0.100000 0.133333
0 0.164062 0.635417 0.100000 0.133333
0 0.465625 0.883333 0.100000 0.133333
0 0.892188 0.654167 0.100000 0.133333
0 0.817187 0.266667 0.100000 0.133333
0 0.628125 0.618750 0.100000 0.133333
0 0.604688 0.675000 0.100000 0.133333
0 0.810937 0.762500 0.100000 0.133333
0 0.695312 0.641667 0.100000 0.133333
0 0.476562 0.552083 0.100000 0.133333
0 0.579688 0.443750 0.100000 0.133333
0 0.343750 0.539583 0.100000 0.133333
0 0.832812 0.079167 0.100000 0.133333
0 0.690625 0.560417 0.100000 0.133333
0 0.598437 0.641667 0.100000 0.133333
0 0.578125 0.362500 0.100000 0.133333
0 0.639062 0.222917 0.100000 0.133333
0 0.748437 0.468750 0.100000 0.133333
0 0.707812 0.558333 0.100000 0.133333
0 0.704688 0.120833 0.100000 0.133333
0 0.434375 0.533333 0.100000 0.133333
0 0.615625 0.460417 0.100000 0.133333
0 0.523438 0.350000 0.100000 0.133333
0 0.368750 0.439583 0.100000 0.133333
0 0.115625 0.527083 0.100000 0.133333
0 0.104688 0.606250 0.100000 0.133333
0 0.156250 0.541667 0.100000 0.133333
0 0.803125 0.441667 0.100000 0.133333
0 0.409375 0.556250 0.100000 0.133333
0 0.454688 0.810417 0.100000 0.133333
0 0.437500 0.637500 0.100000 0.133333
0 0.795312 0.085417 0.100000 0.133333
0 0.668750 0.850000 0.100000 0.133333
0 0.117188 0.668750 0.100000 0.133333
0 0.378125 0.677083 0.100000 0.133333
0 0.479687 0.277083 0.100000 0.133333
0 0.693750 0.775000 0.100000 0.133333
0 0.220312 0.312500 0.100000 0.133333
0 0.343750 0.691667 0.100000 0.133333
0 0.654687 0.489583 0.100000 0.133333
0 0.385937 0.750000 0.100000 0.133333
0 0.309375 0.452083 0.100000 0.133333
0 0.365625 0.587500 0.100000 0.133333
0 0.851562 0.533333 0.100000 0.133333
0 0.723437 0.427083 0.100000 0.133333
0 0.446875 0.866667 0.100000 0.133333
0 0.898438 0.437500 0.100000 0.133333
0 0.631250 0.618750 0.100000 0.133333
0 0.525000 0.541667 0.100000 0.133333
0 0.578125 0.793750 0.100000 0.133333
0 0.798438 0.241667 0.100000 0.133333
0 0.206250 0.822917 0.100000 0.133333
0 0.254688 0.620833 0.100000 0.133333
0 0.873437 0.716667 0.100000 0.133333
0 0.525000 0.591667 0.100000 0.133333
0 0.637500 0.695833 0.100000 0.133333
0 0.898438 0.293750 0.100000 0.133333
0 0.825000 0.368750 0.100000 0.133333
0 0.510938 0.456250 0.100000 0.133333
0 0.890625 0.295833 0.100000 0.133333
0 0.229687 0.656250 0.100000 0.133333
0 0.121875 0.443750 0.100000 0.133333
0 0.495312 0.762500 0.100000 0.133333
0 0.260937 0.687500 0.100000 0.133333
0 0.723437 0.881250 0.100000 0.133333
0 0.576562 0.481250 0.100000 0.133333
0 0.425000 0.218750 0.100000 0.133333
0 0.495312 0.487500 0.100000 0.133333
0 0.531250 0.658333 0.100000 0.133333
0 0.148438 0.629167 0.100000 0.133333
0 0.857812 0.622917 0.100000 0.133333
0 0.354687 0.643750 0.100000 0.133333
0 0.900000 0.187500 0.100000 0.133333
0 0.425000 0.889583 0.100000 0.133333
0 0.315625 0.431250 0.100000 0.133333
0 0.534375 0.850000 0.100000 0.133333
0 0.889062 0.652083 0.100000 0.133333
0 0.609375 0.793750 0.100000 0.133333
0 0.695312 0.666667 0.100000 0.133333
0 0.614062 0.077083 0.100000 0.133333
0 0.387500 0.087500 0.100000 0.133333
1 0.789062 0.337500 0.100000 0.133333
1 0.285938 0.229167 0.100000 0.133333
1 0.589063 0.533333 0.100000 0.133333
1 0.940625 0.320833 0.100000 0.133333
1 0.745313 0.291667 0.100000 0.133333
