0 0.614062 0.141667 0.100000 0.133333
0 0.512500 0.470833 0.100000 0.133333
0 0.292187 0.485417 0.100000 0.133333
0 0.771875 0.175000 0.100000 0.133333
0 0.239063 0.877083 0.100000 0.133333
0 0.292187 0.131250 0.100000 0.133333
0 0.735938 0.741667 0.100000 0.133333
0 0.764062 0.812500 0.100000 0.133333
0 0.873437 0.477083 0.100000 0.133333
0 0.329688 0.164583 0.100000 0.133333
0 0.748437 0.464583 0.100000 0.133333
0 0.618750 0.493750 0.100000 0.133333
0 0.626563 0.816667 0.100000 0.133333
0 0.629687 0.341667 0.100000 0.133333
0 0.604688 0.620833 0.100000 0.133333
0 0.368750 0.870833 0.100000 0.133333
0 0.506250 0.312500 0.100000 0.133333
0 0.646875 0.654167 0.100000 0.133333
0 0.190625 0.327083 0.100000 0.133333
0 0.757812 0.193750 0.100000 0.133333
0 0.498437 0.429167 0.100000 0.133333
0 0.254688 0.389583 0.100000 0.133333
0 0.223438 0.125000 0.100000 0.133333
0 0.134375 0.506250 0.100000 0.133333
0 0.476562 0.116667 0.100000 0.133333
0 0.548438 0.858333 0.100000 0.133333
0 0.712500 0.279167 0.100000 0.133333
0 0.793750 0.835417 0.100000 0.133333
0 0.328125 0.702083 0.100000 0.133333
0 0.646875 0.152083 0.100000 0.133333
0 0.881250 0.658333 0.100000 0.133333
0 0.610938 0.847917 0.100000 0.133333
0 0.618750 0.185417 0.100000 0.133333
0 0.432812 0.793750 0.100000 0.133333
0 0.265625 0.716667 0.100000 0.133333
0 0.817187 0.118750 0.100000 0.133333
0 0.621875 0.256250 0.100000 0.133333
0 0.251563 0.820833 0.100000 0.133333
0 0.214062 0.150000 0.100000 0.133333
0 0.476562 0.341667 0.100000 0.133333
0 0.532813 0.552083 0.100000 0.133333
0 0.826562 0.316667 0.100000 0.133333
0 0.162500 0.239583 0.100000 0.133333
0 0.496875 0.079167 0.100000 0.133333
0 0.740625 0.718750 0.100000 0.133333
0 0.440625 0.662500 0.100000 0.133333
0 0.475000 0.779167 0.100000 0.133333
0 0.782813 0.243750 0.100000 0.133333
0 0.209375 0.312500 0.100000 0.133333
0 0.700000 0.664583 0.100000 0.133333
0 0.595313 0.816667 0.100000 0.133333
0 0.878125 0.425000 0.100000 0.133333
0 0.190625 0.435417 0.100000 0.133333
0 0.837500 0.360417 0.100000 0.133333
0 0.414062 0.512500 0.100000 0.133333
0 0.539062 0.362500 0.100000 0.133333
0 0.576562 0.891667 0.100000 0.133333
0 0.592187 0.752083 0.100000 0.133333
0 0.414062 0.160417 0.100000 0.133333
0 0.423438 0.437500 0.100000 0.133333
0 0.776563 0.077083 0.100000 0.133333
0 0.181250 0.337500 0.100000 0.133333
0 0.329688 0.118750 0.100000 0.133333
0 0.573438 0.316667 0.100000 0.133333
0 0.887500 0.389583 0.100000 0.133333
0 0.400000 0.889583 0.100000 0.133333
0 0.564063 0.518750 0.100000 0.133333
0 0.457813 0.497917 0.100000 0.133333
0 0.335938 0.772917 0.100000 0.133333
0 0.168750 0.229167 0.100000 0.133333
0 0.896875 0.589583 0.100000 0.133333
0 0.628125 0.222917 0.100000 0.133333
0 0.114062 0.158333 0.100000 0.133333
0 0.634375 0.433333 0.100000 0.133333
0 0.278125 0.760417 0.100000 0.133333
0 0.618750 0.502083 0.100000 0.133333
0 0.300000 0.497917 0.100000 0.133333
0 0.218750 0.643750 0.100000 0.133333
0 0.782813 0.531250 0.100000 0.133333
0 0.825000 0.452083 0.100000 0.133333
0 0.687500 0.810417 0.100000 0.133333
0 0.865625 0.779167 0.100000 0.133333
0 0.256250 0.785417 0.100000 0.133333
0 0.792188 0.329167 0.100000 0.133333
0 0.859375 0.577083 0.100000 0.133333
0 0.315625 0.791667 0.100000 0.133333
0 0.585938 0.654167 0.100000 0.133333
0 0.135937 0.781250 0.100000 0.133333
0 0.235937 0.606250 0.100000 0.133333
0 0.225000 0.154167 0.100000 0.133333
0 0.146875 0.245833 0.100000 0.133333
0 0.700000 0.670833 0.100000 0.133333
0 0.228125 0.522917 0.100000 0.133333
0 0.487500 0.797917 0.100000 0.133333
0 0.451562 0.418750 0.100000 0.133333
0 0.165625 0.712500 0.100000 0.133333
0 0.189062 0.681250 0.100000 0.133333
0 0.607812 0.750000 0.100000 0.133333
0 0.540625 0.214583 0.100000 0.133333
0 0.789062 0.447917 0.100000 0.133333
0 0.556250 0.585417 0.100000 0.133333
0 0.220312 0.162500 0.100000 0.133333
0 0.767188 0.262500 0.100000 0.133333
0 0.454688 0.372917 0.100000 0.133333
0 0.559375 0.177083 0.100000 0.133333
0 0.142187 0.400000 0.100000 0.133333
0 0.529687 0.864583 0.100000 0.133333
0 0.323437 0.518750 0.100000 0.133333
0 0.823438 0.683333 0.100000 0.133333
0 0.890625 0.879167 0.100000 0.133333
0 0.250000 0.675000 0.100000 0.133333
0 0.615625 0.127083 0.100000 0.133333
0 0.759375 0.370833 0.100000 0.133333
0 0.753125 0.666667 0.100000 0.133333
0 0.631250 0.718750 0.100000 0.133333
0 0.493750 0.445833 0.100000 0.133333
0 0.873437 0.083333 0.100000 0.133333
0 0.204687 0.722917 0.100000 0.133333
0 0.328125 0.068750 0.100000 0.133333
0 0.576562 0.889583 0.100000 0.133333
0 0.585938 0.125000 0.100000 0.133333
0 0.250000 0.772917 0.100000 0.133333
0 0.370312 0.508333 0.100000 0.133333
0 0.690625 0.741667 0.100000 0.133333
0 0.365625 0.289583 0.100000 0.133333
0 0.871875 0.291667 0.100000 0.133333
0 0.550000 0.472917 0.100000 0.133333
0 0.754687 0.447917 0.100000 0.133333
0 0.470313 0.500000 0.100000 0.133333
0 0.767188 0.220833 0.100000 0.133333
0 0.610938 0.383333 0.100000 0.133333
0 0.517188 0.372917 0.100000 0.133333
0 0.831250 0.610417 0.100000 0.133333
0 0.539062 0.520833 0.100000 0.133333
0 0.520312 0.068750 0.100000 0.133333
0 0.554688 0.889583 0.100000 0.133333
0 0.771875 0.510417 0.100000 0.133333
0 0.234375 0.391667 0.100000 0.133333
0 0.695312 0.675000 0.100000 0.133333
0 0.420312 0.777083 0.100000 0.133333
0 0.345313 0.270833 0.100000 0.133333
0 0.460938 0.412500 0.100000 0.133333
0 0.771875 0.827083 0.100000 0.133333
0 0.264062 0.229167 0.100000 0.133333
0 0.603125 0.833333 0.100000 0.133333
0 0.837500 0.885417 0.100000 0.133333
0 0.876563 0.862500 0.100000 0.133333
0 0.507812 0.668750 0.100000 0.133333
0 0.190625 0.375000 0.100000 0.133333
0 0.360938 0.335417 0.100000 0.133333
1 0.068750 0.766667 0.100000 0.133333
1 0.228125 0.916667 0.100000 0.133333
1 0.750000 0.287500 0.100000 0.133333
1 0.134375 0.287500 0.100000 0.133333
1 0.598437 0.450000 0.100000 0.133333
