0 0.132812 0.164583 0.100000 0.133333
0 0.287500 0.322917 0.100000 0.133333
0 0.175000 0.220833 0.100000 0.133333
0 0.559375 0.568750 0.100000 0.133333
0 0.139063 0.362500 0.100000 0.133333
0 0.807813 0.752083 0.100000 0.133333
0 0.310937 0.854167 0.100000 0.133333
0 0.817187 0.554167 0.100000 0.133333
0 0.840625 0.612500 0.100000 0.133333
0 0.151562 0.327083 0.100000 0.133333
0 0.170313 0.279167 0.100000 0.133333
0 0.176563 0.150000 0.100000 0.133333
0 0.750000 0.422917 0.100000 0.133333
0 0.112500 0.177083 0.100000 0.133333
0 0.195312 0.231250 0.100000 0.133333
0 0.579688 0.756250 0.100000 0.133333
0 0.384375 0.350000 0.100000 0.133333
0 0.548438 0.879167 0.100000 0.133333
0 0.182812 0.464583 0.100000 0.133333
0 0.231250 0.291667 0.100000 0.133333
0 0.900000 0.687500 0.100000 0.133333
0 0.390625 0.431250 0.100000 0.133333
0 0.526563 0.447917 0.100000 0.133333
0 0.856250 0.281250 0.100000 0.133333
0 0.739062 0.179167 0.100000 0.133333
0 0.743750 0.264583 0.100000 0.133333
0 0.331250 0.733333 0.100000 0.133333
0 0.432812 0.625000 0.100000 0.133333
0 0.360938 0.437500 0.100000 0.133333
0 0.454688 0.845833 0.100000 0.133333
0 0.751563 0.210417 0.100000 0.133333
0 0.290625 0.425000 0.100000 0.133333
0 0.343750 0.568750 0.100000 0.133333
0 0.421875 0.356250 0.100000 0.133333
0 0.403125 0.512500 0.100000 0.133333
0 0.632812 0.566667 0.100000 0.133333
0 0.192188 0.800000 0.100000 0.133333
0 0.460938 0.620833 0.100000 0.133333
0 0.609375 0.820833 0.100000 0.133333
0 0.243750 0.479167 0.100000 0.133333
0 0.434375 0.277083 0.100000 0.133333
0 0.656250 0.493750 0.100000 0.133333
0 0.140625 0.462500 0.100000 0.133333
0 0.823438 0.383333 0.100000 0.133333
0 0.650000 0.095833 0.100000 0.133333
0 0.439063 0.175000 0.100000 0.133333
0 0.706250 0.827083 0.100000 0.133333
0 0.185938 0.235417 0.100000 0.133333
0 0.135937 0.200000 0.100000 0.133333
0 0.346875 0.620833 0.100000 0.133333
0 0.785937 0.245833 0.100000 0.133333
0 0.490625 0.633333 0.100000 0.133333
0 0.267188 0.158333 0.100000 0.133333
0 0.475000 0.179167 0.100000 0.133333
0 0.310937 0.541667 0.100000 0.133333
0 0.190625 0.627083 0.100000 0.133333
0 0.118750 0.164583 0.100000 0.133333
0 0.396875 0.079167 0.100000 0.133333
0 0.151562 0.254167 0.100000 0.133333
0 0.612500 0.741667 0.100000 0.133333
0 0.204687 0.112500 0.100000 0.133333
0 0.284375 0.616667 0.100000 0.133333
0 0.217188 0.752083 0.100000 0.133333
0 0.325000 0.772917 0.100000 0.133333
0 0.823438 0.277083 0.100000 0.133333
0 0.767188 0.735417 0.100000 0.133333
0 0.603125 0.364583 0.100000 0.133333
0 0.695312 0.666667 0.100000 0.133333
0 0.193750 0.347917 0.100000 0.133333
0 0.742188 0.110417 0.100000 0.133333
0 0.864062 0.554167 0.100000 0.133333
0 0.414062 0.672917 0.100000 0.133333
0 0.660937 0.741667 0.100000 0.133333
0 0.881250 0.304167 0.100000 0.133333
0 0.810937 0.143750 0.100000 0.133333
0 0.706250 0.150000 0.100000 0.133333
0 0.260937 0.202083 0.100000 0.133333
0 0.301563 0.856250 0.100000 0.133333
0 0.239063 0.281250 0.100000 0.133333
0 0.246875 0.233333 0.100000 0.133333
0 0.126562 0.545833 0.100000 0.133333
0 0.357812 0.116667 0.100000 0.133333
0 0.246875 0.425000 0.100000 0.133333
0 0.385937 0.266667 0.100000 0.133333
0 0.198437 0.512500 0.100000 0.133333
0 0.692187 0.795833 0.100000 0.133333
0 0.395313 0.533333 0.100000 0.133333
0 0.645312 0.752083 0.100000 0.133333
0 0.146875 0.827083 0.100000 0.133333
0 0.604688 0.122917 0.100000 0.133333
0 0.201563 0.806250 0.100000 0.133333
0 0.287500 0.068750 0.100000 0.133333
0 0.681250 0.585417 0.100000 0.133333
0 0.820312 0.412500 0.100000 0.133333
0 0.448437 0.716667 0.100000 0.133333
0 0.359375 0.139583 0.100000 0.133333
0 0.123438 0.558333 0.100000 0.133333
0 0.704688 0.606250 0.100000 0.133333
0 0.743750 0.733333 0.100000 0.133333
0 0.806250 0.714583 0.100000 0.133333
0 0.582812 0.462500 0.100000 0.133333
0 0.106250 0.506250 0.100000 0.133333
0 0.725000 0.693750 0.100000 0.133333
0 0.425000 0.464583 0.100000 0.133333
0 0.668750 0.166667 0.100000 0.133333
0 0.728125 0.618750 0.100000 0.133333
0 0.325000 0.233333 0.100000 0.133333
0 0.410938 0.087500 0.100000 0.133333
0 0.445312 0.170833 0.100000 0.133333
0 0.478125 0.291667 0.100000 0.133333
0 0.414062 0.537500 0.100000 0.133333
0 0.298438 0.079167 0.100000 0.133333
0 0.148438 0.764583 0.100000 0.133333
0 0.426563 0.250000 0.100000 0.133333
0 0.546875 0.710417 0.100000 0.133333
0 0.414062 0.164583 0.100000 0.133333
0 0.329688 0.266667 0.100000 0.133333
0 0.729688 0.875000 0.100000 0.133333
0 0.535937 0.195833 0.100000 0.133333
0 0.850000 0.710417 0.100000 0.133333
0 0.650000 0.152083 0.100000 0.133333
0 0.429688 0.829167 0.100000 0.133333
0 0.259375 0.429167 0.100000 0.133333
0 0.415625 0.385417 0.100000 0.133333
0 0.220312 0.145833 0.100000 0.133333
0 0.785937 0.456250 0.100000 0.133333
0 0.490625 0.270833 0.100000 0.133333
0 0.710938 0.664583 0.100000 0.133333
0 0.292187 0.864583 0.100000 0.133333
0 0.290625 0.791667 0.100000 0.133333
0 0.743750 0.435417 0.100000 0.133333
0 0.137500 0.810417 0.100000 0.133333
0 0.753125 0.431250 0.100000 0.133333
0 0.318750 0.293750 0.100000 0.133333
0 0.421875 0.672917 0.100000 0.133333
0 0.104688 0.166667 0.100000 0.133333
0 0.837500 0.391667 0.100000 0.133333
0 0.492188 0.464583 0.100000 0.133333
0 0.764062 0.068750 0.100000 0.133333
0 0.246875 0.364583 0.100000 0.133333
0 0.131250 0.695833 0.100000 0.133333
0 0.779687 0.506250 0.100000 0.133333
0 0.504687 0.500000 0.100000 0.133333
0 0.253125 0.472917 0.100000 0.133333
0 0.257812 0.272917 0.100000 0.133333
0 0.498437 0.391667 0.100000 0.133333
0 0.900000 0.579167 0.100000 0.133333
0 0.407813 0.854167 0.100000 0.133333
0 0.420312 0.579167 0.100000 0.133333
0 0.659375 0.379167 0.100000 0.133333
1 0.332813 0.856250 0.100000 0.133333
1 0.689063 0.235417 0.100000 0.133333
1 0.881250 0.245833 0.100000 0.133333
1 0.570312 0.668750 0.100000 0.133333
1 0.317188 0.916667 0.100000 0.133333
