0 0.464062 0.218750 0.100000 0.133333
0 0.721875 0.366667 0.100000 0.133333
0 0.271875 0.756250 0.100000 0.133333
0 0.760938 0.685417 0.100000 0.133333
0 0.771875 0.310417 0.100000 0.133333
0 0.653125 0.091667 0.100000 0.133333
0 0.304688 0.158333 0.100000 0.133333
0 0.396875 0.212500 0.100000 0.133333
0 0.632812 0.754167 0.100000 0.133333
0 0.129688 0.283333 0.100000 0.133333
0 0.653125 0.641667 0.100000 0.133333
0 0.428125 0.210417 0.100000 0.133333
0 0.248438 0.168750 0.100000 0.133333
0 0.492188 0.733333 0.100000 0.133333
0 0.429688 0.202083 0.100000 0.133333
0 0.490625 0.106250 0.100000 0.133333
0 0.881250 0.666667 0.100000 0.133333
0 0.226562 0.506250 0.100000 0.133333
0 0.257812 0.852083 0.100000 0.133333
0 0.821875 0.262500 0.100000 0.133333
0 0.707812 0.562500 0.100000 0.133333
0 0.707812 0.318750 0.100000 0.133333
0 0.217188 0.500000 0.100000 0.133333
0 0.853125 0.116667 0.100000 0.133333
0 0.173437 0.708333 0.100000 0.133333
0 0.115625 0.783333 0.100000 0.133333
0 0.426563 0.318750 0.100000 0.133333
0 0.579688 0.185417 0.100000 0.133333
0 0.182812 0.272917 0.100000 0.133333
0 0.806250 0.416667 0.100000 0.133333
0 0.598437 0.593750 0.100000 0.133333
0 0.601562 0.466667 0.100000 0.133333
0 0.403125 0.575000 0.100000 0.133333
0 0.375000 0.339583 0.100000 0.133333
0 0.182812 0.081250 0.100000 0.133333
0 0.642188 0.591667 0.100000 0.133333
0 0.142187 0.452083 0.100000 0.133333
0 0.645312 0.533333 0.100000 0.133333
0 0.540625 0.852083 0.100000 0.133333
0 0.568750 0.287500 0.100000 0.133333
0 0.795312 0.137500 0.100000 0.133333
0 0.676562 0.408333 0.100000 0.133333
0 0.276562 0.529167 0.100000 0.133333
0 0.415625 0.712500 0.100000 0.133333
0 0.156250 0.385417 0.100000 0.133333
0 0.665625 0.366667 0.100000 0.133333
0 0.648438 0.625000 0.100000 0.133333
0 0.559375 0.341667 0.100000 0.133333
0 0.509375 0.441667 0.100000 0.133333
0 0.214062 0.795833 0.100000 0.133333
0 0.715625 0.747917 0.100000 0.133333
0 0.598437 0.758333 0.100000 0.133333
0 0.384375 0.485417 0.100000 0.133333
0 0.670312 0.831250 0.100000 0.133333
0 0.592187 0.485417 0.100000 0.133333
0 0.864062 0.516667 0.100000 0.133333
0 0.225000 0.806250 0.100000 0.133333
0 0.878125 0.768750 0.100000 0.133333
0 0.573438 0.654167 0.100000 0.133333
0 0.721875 0.722917 0.100000 0.133333
0 0.310937 0.331250 0.100000 0.133333
0 0.562500 0.106250 0.100000 0.133333
0 0.639062 0.620833 0.100000 0.133333
0 0.142187 0.410417 0.100000 0.133333
0 0.642188 0.462500 0.100000 0.133333
0 0.323437 0.152083 0.100000 0.133333
0 0.789062 0.833333 0.100000 0.133333
0 0.617188 0.785417 0.100000 0.133333
0 0.473438 0.833333 0.100000 0.133333
0 0.756250 0.408333 0.100000 0.133333
0 0.292187 0.452083 0.100000 0.133333
0 0.453125 0.702083 0.100000 0.133333
0 0.162500 0.395833 0.100000 0.133333
0 0.560937 0.114583 0.100000 0.133333
0 0.453125 0.643750 0.100000 0.133333
0 0.687500 0.891667 0.100000 0.133333
0 0.535937 0.643750 0.100000 0.133333
0 0.600000 0.733333 0.100000 0.133333
0 0.226562 0.702083 0.100000 0.133333
0 0.787500 0.343750 0.100000 0.133333
0 0.110937 0.564583 0.100000 0.133333
0 0.565625 0.139583 0.100000 0.133333
0 0.792188 0.152083 0.100000 0.133333
0 0.817187 0.368750 0.100000 0.133333
0 0.543750 0.554167 0.100000 0.133333
0 0.145313 0.235417 0.100000 0.133333
0 0.870313 0.841667 0.100000 0.133333
0 0.312500 0.687500 0.100000 0.133333
0 0.703125 0.268750 0.100000 0.133333
0 0.501563 0.208333 0.100000 0.133333
0 0.500000 0.068750 0.100000 0.133333
0 0.146875 0.860417 0.100000 0.133333
0 0.382812 0.518750 0.100000 0.133333
0 0.490625 0.510417 0.100000 0.133333
0 0.870313 0.108333 0.100000 0.133333
0 0.389062 0.808333 0.100000 0.133333
0 0.179688 0.764583 0.100000 0.133333
0 0.543750 0.420833 0.100000 0.133333
0 0.698438 0.585417 0.100000 0.133333
0 0.756250 0.297917 0.100000 0.133333
0 0.626563 0.643750 0.100000 0.133333
0 0.626563 0.527083 0.100000 0.133333
0 0.604688 0.810417 0.100000 0.133333
0 0.135937 0.552083 0.100000 0.133333
0 0.745313 0.558333 0.100000 0.133333
0 0.775000 0.772917 0.100000 0.133333
0 0.395313 0.302083 0.100000 0.133333
0 0.773438 0.306250 0.100000 0.133333
0 0.496875 0.477083 0.100000 0.133333
0 0.660937 0.112500 0.100000 0.133333
0 0.345313 0.716667 0.100000 0.133333
0 0.339062 0.518750 0.100000 0.133333
0 0.681250 0.487500 0.100000 0.133333
0 0.467187 0.672917 0.100000 0.133333
0 0.373437 0.466667 0.100000 0.133333
0 0.834375 0.656250 0.100000 0.133333
0 0.239063 0.835417 0.100000 0.133333
0 0.375000 0.739583 0.100000 0.133333
0 0.639062 0.845833 0.100000 0.133333
0 0.440625 0.725000 0.100000 0.133333
0 0.139063 0.468750 0.100000 0.133333
0 0.632812 0.687500 0.100000 0.133333
0 0.228125 0.462500 0.100000 0.133333
0 0.492188 0.760417 0.100000 0.133333
0 0.537500 0.539583 0.100000 0.133333
0 0.426563 0.327083 0.100000 0.133333
0 0.654687 0.114583 0.100000 0.133333
0 0.301563 0.391667 0.100000 0.133333
0 0.660937 0.185417 0.100000 0.133333
0 0.864062 0.633333 0.100000 0.133333
0 0.878125 0.156250 0.100000 0.133333
0 0.376563 0.272917 0.100000 0.133333
0 0.707812 0.783333 0.100000 0.133333
0 0.115625 0.472917 0.100000 0.133333
0 0.267188 0.758333 0.100000 0.133333
0 0.575000 0.870833 0.100000 0.133333
0 0.612500 0.258333 0.100000 0.133333
0 0.762500 0.435417 0.100000 0.133333
0 0.481250 0.343750 0.100000 0.133333
0 0.871875 0.520833 0.100000 0.133333
0 0.614062 0.366667 0.100000 0.133333
0 0.159375 0.566667 0.100000 0.133333
0 0.554688 0.314583 0.100000 0.133333
0 0.728125 0.160417 0.100000 0.133333
0 0.392188 0.516667 0.100000 0.133333
0 0.507812 0.118750 0.100000 0.133333
0 0.145313 0.183333 0.100000 0.133333
0 0.882812 0.660417 0.100000 0.133333
0 0.320312 0.239583 0.100000 0.133333
0 0.589063 0.414583 0.100000 0.133333
1 0.821875 0.731250 0.100000 0.133333
1 0.117188 0.431250 0.100000 0.133333
1 0.879687 0.091667 0.100000 0.133333
1 0.229687 0.804167 0.100000 0.133333
1 0.243750 0.652083 0.100000 0.133333
