0 0.648438 0.547917 0.100000 0.133333
0 0.635938 0.585417 0.100000 0.133333
0 0.457813 0.760417 0.100000 0.133333
0 0.425000 0.175000 0.100000 0.133333
0 0.142187 0.602083 0.100000 0.133333
0 0.821875 0.214583 0.100000 0.133333
0 0.871875 0.629167 0.100000 0.133333
0 0.379688 0.410417 0.100000 0.133333
0 0.756250 0.441667 0.100000 0.133333
0 0.350000 0.331250 0.100000 0.133333
0 0.217188 0.725000 0.100000 0.133333
0 0.648438 0.797917 0.100000 0.133333
0 0.359375 0.562500 0.100000 0.133333
0 0.114062 0.562500 0.100000 0.133333
0 0.398438 0.758333 0.100000 0.133333
0 0.150000 0.339583 0.100000 0.133333
0 0.693750 0.691667 0.100000 0.133333
0 0.415625 0.693750 0.100000 0.133333
0 0.423438 0.256250 0.100000 0.133333
0 0.878125 0.195833 0.100000 0.133333
0 0.359375 0.572917 0.100000 0.133333
0 0.770312 0.795833 0.100000 0.133333
0 0.829688 0.427083 0.100000 0.133333
0 0.298438 0.097917 0.100000 0.133333
0 0.759375 0.816667 0.100000 0.133333
0 0.221875 0.214583 0.100000 0.133333
0 0.571875 0.350000 0.100000 0.133333
0 0.693750 0.725000 0.100000 0.133333
0 0.707812 0.191667 0.100000 0.133333
0 0.306250 0.750000 0.100000 0.133333
0 0.215625 0.852083 0.100000 0.133333
0 0.542188 0.393750 0.100000 0.133333
0 0.493750 0.179167 0.100000 0.133333
0 0.890625 0.839583 0.100000 0.133333
0 0.823438 0.614583 0.100000 0.133333
0 0.310937 0.191667 0.100000 0.133333
0 0.390625 0.541667 0.100000 0.133333
0 0.200000 0.475000 0.100000 0.133333
0 0.740625 0.218750 0.100000 0.133333
0 0.329688 0.679167 0.100000 0.133333
0 0.304688 0.775000 0.100000 0.133333
0 0.175000 0.564583 0.100000 0.133333
0 0.587500 0.541667 0.100000 0.133333
0 0.593750 0.093750 0.100000 0.133333
0 0.543750 0.300000 0.100000 0.133333
0 0.723437 0.441667 0.100000 0.133333
0 0.660937 0.877083 0.100000 0.133333
0 0.710938 0.222917 0.100000 0.133333
0 0.539062 0.375000 0.100000 0.133333
0 0.862500 0.216667 0.100000 0.133333
0 0.895312 0.593750 0.100000 0.133333
0 0.109375 0.070833 0.100000 0.133333
0 0.250000 0.610417 0.100000 0.133333
0 0.440625 0.212500 0.100000 0.133333
0 0.265625 0.891667 0.100000 0.133333
0 0.387500 0.212500 0.100000 0.133333
0 0.812500 0.758333 0.100000 0.133333
0 0.285938 0.672917 0.100000 0.133333
0 0.351562 0.164583 0.100000 0.133333
0 0.221875 0.106250 0.100000 0.133333
0 0.478125 0.089583 0.100000 0.133333
0 0.475000 0.112500 0.100000 0.133333
0 0.612500 0.802083 0.100000 0.133333
0 0.673438 0.522917 0.100000 0.133333
0 0.534375 0.345833 0.100000 0.133333
0 0.900000 0.662500 0.100000 0.133333
0 0.900000 0.754167 0.100000 0.133333
0 0.315625 0.781250 0.100000 0.133333
0 0.500000 0.341667 0.100000 0.133333
0 0.192188 0.718750 0.100000 0.133333
0 0.159375 0.802083 0.100000 0.133333
0 0.265625 0.683333 0.100000 0.133333
0 0.171875 0.516667 0.100000 0.133333
0 0.815625 0.283333 0.100000 0.133333
0 0.634375 0.300000 0.100000 0.133333
0 0.759375 0.439583 0.100000 0.133333
0 0.692187 0.095833 0.100000 0.133333
0 0.357812 0.158333 0.100000 0.133333
0 0.310937 0.079167 0.100000 0.133333
0 0.246875 0.462500 0.100000 0.133333
0 0.821875 0.085417 0.100000 0.133333
0 0.734375 0.572917 0.100000 0.133333
0 0.709375 0.437500 0.100000 0.133333
0 0.437500 0.889583 0.100000 0.133333
0 0.503125 0.545833 0.100000 0.133333
0 0.228125 0.518750 0.100000 0.133333
0 0.778125 0.843750 0.100000 0.133333
0 0.362500 0.325000 0.100000 0.133333
0 0.275000 0.881250 0.100000 0.133333
0 0.740625 0.820833 0.100000 0.133333
0 0.179688 0.491667 0.100000 0.133333
0 0.801562 0.606250 0.100000 0.133333
0 0.650000 0.670833 0.100000 0.133333
0 0.446875 0.295833 0.100000 0.133333
0 0.118750 0.768750 0.100000 0.133333
0 0.414062 0.587500 0.100000 0.133333
0 0.254688 0.227083 0.100000 0.133333
0 0.109375 0.147917 0.100000 0.133333
0 0.637500 0.872917 0.100000 0.133333
0 0.520312 0.589583 0.100000 0.133333
0 0.109375 0.854167 0.100000 0.133333
0 0.882812 0.122917 0.100000 0.133333
0 0.867188 0.283333 0.100000 0.133333
0 0.729688 0.581250 0.100000 0.133333
0 0.451562 0.264583 0.100000 0.133333
0 0.645312 0.852083 0.100000 0.133333
0 0.215625 0.418750 0.100000 0.133333
0 0.275000 0.685417 0.100000 0.133333
0 0.175000 0.775000 0.100000 0.133333
0 0.118750 0.479167 0.100000 0.133333
0 0.243750 0.502083 0.100000 0.133333
0 0.203125 0.625000 0.100000 0.133333
0 0.753125 0.418750 0.100000 0.133333
0 0.726562 0.614583 0.100000 0.133333
0 0.657813 0.566667 0.100000 0.133333
0 0.862500 0.787500 0.100000 0.133333
0 0.596875 0.822917 0.100000 0.133333
0 0.664062 0.143750 0.100000 0.133333
0 0.420312 0.520833 0.100000 0.133333
0 0.131250 0.189583 0.100000 0.133333
0 0.376563 0.789583 0.100000 0.133333
0 0.668750 0.243750 0.100000 0.133333
0 0.621875 0.514583 0.100000 0.133333
0 0.442188 0.083333 0.100000 0.133333
0 0.246875 0.347917 0.100000 0.133333
0 0.795312 0.468750 0.100000 0.133333
0 0.650000 0.418750 0.100000 0.133333
0 0.696875 0.506250 0.100000 0.133333
0 0.682813 0.793750 0.100000 0.133333
0 0.575000 0.581250 0.100000 0.133333
0 0.659375 0.268750 0.100000 0.133333
0 0.410938 0.512500 0.100000 0.133333
0 0.417187 0.556250 0.100000 0.133333
0 0.320312 0.200000 0.100000 0.133333
0 0.304688 0.558333 0.100000 0.133333
0 0.612500 0.833333 0.100000 0.133333
0 0.237500 0.750000 0.100000 0.133333
0 0.567187 0.614583 0.100000 0.133333
0 0.126562 0.816667 0.100000 0.133333
0 0.607812 0.375000 0.100000 0.133333
0 0.787500 0.552083 0.100000 0.133333
0 0.740625 0.343750 0.100000 0.133333
0 0.465625 0.502083 0.100000 0.133333
0 0.520312 0.714583 0.100000 0.133333
0 0.714063 0.656250 0.100000 0.133333
0 0.542188 0.464583 0.100000 0.133333
0 0.828125 0.283333 0.100000 0.133333
0 0.435937 0.502083 0.100000 0.133333
0 0.887500 0.164583 0.100000 0.133333
0 0.656250 0.408333 0.100000 0.133333
1 0.473438 0.593750 0.100000 0.133333
1 0.667188 0.754167 0.100000 0.133333
1 0.750000 0.220833 0.100000 0.133333
1 0.118750 0.704167 0.100000 0.133333
1 0.706250 0.550000 0.100000 0.133333
