0 0.592187 0.160417 0.100000 0.133333
0 0.725000 0.337500 0.100000 0.133333
0 0.396875 0.795833 0.100000 0.133333
0 0.193750 0.377083 0.100000 0.133333
0 0.210938 0.712500 0.100000 0.133333
0 0.789062 0.362500 0.100000 0.133333
0 0.482812 0.162500 0.100000 0.133333
0 0.365625 0.435417 0.100000 0.133333
0 0.393750 0.756250 0.100000 0.133333
0 0.189062 0.885417 0.100000 0.133333
0 0.437500 0.264583 0.100000 0.133333
0 0.334375 0.166667 0.100000 0.133333
0 0.145313 0.258333 0.100000 0.133333
0 0.395313 0.256250 0.100000 0.133333
0 0.790625 0.179167 0.100000 0.133333
0 0.432812 0.539583 0.100000 0.133333
0 0.345313 0.164583 0.100000 0.133333
0 0.193750 0.339583 0.100000 0.133333
0 0.478125 0.527083 0.100000 0.133333
0 0.896875 0.654167 0.100000 0.133333
0 0.570312 0.264583 0.100000 0.133333
0 0.301563 0.772917 0.100000 0.133333
0 0.575000 0.352083 0.100000 0.133333
0 0.143750 0.656250 0.100000 0.133333
0 0.653125 0.787500 0.100000 0.133333
0 0.495312 0.800000 0.100000 0.133333
0 0.514062 0.208333 0.100000 0.133333
0 0.445312 0.322917 0.100000 0.133333
0 0.376563 0.270833 0.100000 0.133333
0 0.268750 0.158333 0.100000 0.133333
0 0.601562 0.739583 0.100000 0.133333
0 0.360938 0.141667 0.100000 0.133333
0 0.518750 0.327083 0.100000 0.133333
0 0.745313 0.714583 0.100000 0.133333
0 0.398438 0.616667 0.100000 0.133333
0 0.362500 0.279167 0.100000 0.133333
0 0.270313 0.258333 0.100000 0.133333
0 0.621875 0.350000 0.100000 0.133333
0 0.467187 0.497917 0.100000 0.133333
0 0.320312 0.472917 0.100000 0.133333
0 0.340625 0.312500 0.100000 0.133333
0 0.223438 0.083333 0.100000 0.133333
0 0.542188 0.310417 0.100000 0.133333
0 0.798438 0.768750 0.100000 0.133333
0 0.410938 0.695833 0.100000 0.133333
0 0.514062 0.102083 0.100000 0.133333
0 0.851562 0.122917 0.100000 0.133333
0 0.259375 0.325000 0.100000 0.133333
0 0.773438 0.127083 0.100000 0.133333
0 0.592187 0.789583 0.100000 0.133333
0 0.665625 0.491667 0.100000 0.133333
0 0.281250 0.110417 0.100000 0.133333
0 0.256250 0.856250 0.100000 0.133333
0 0.320312 0.391667 0.100000 0.133333
0 0.442188 0.531250 0.100000 0.133333
0 0.662500 0.270833 0.100000 0.133333
0 0.501563 0.389583 0.100000 0.133333
0 0.126562 0.668750 0.100000 0.133333
0 0.128125 0.491667 0.100000 0.133333
0 0.517188 0.252083 0.100000 0.133333
0 0.259375 0.600000 0.100000 0.133333
0 0.434375 0.179167 0.100000 0.133333
0 0.625000 0.435417 0.100000 0.133333
0 0.192188 0.247917 0.100000 0.133333
0 0.579688 0.877083 0.100000 0.133333
0 0.848437 0.554167 0.100000 0.133333
0 0.731250 0.564583 0.100000 0.133333
0 0.178125 0.195833 0.100000 0.133333
0 0.896875 0.856250 0.100000 0.133333
0 0.635938 0.885417 0.100000 0.133333
0 0.171875 0.114583 0.100000 0.133333
0 0.226562 0.502083 0.100000 0.133333
0 0.518750 0.372917 0.100000 0.133333
0 0.715625 0.541667 0.100000 0.133333
0 0.495312 0.722917 0.100000 0.133333
0 0.332813 0.164583 0.100000 0.133333
0 0.242188 0.579167 0.100000 0.133333
0 0.687500 0.364583 0.100000 0.133333
0 0.510938 0.264583 0.100000 0.133333
0 0.598437 0.841667 0.100000 0.133333
0 0.825000 0.452083 0.100000 0.133333
0 0.360938 0.570833 0.100000 0.133333
0 0.456250 0.191667 0.100000 0.133333
0 0.326562 0.358333 0.100000 0.133333
0 0.692187 0.181250 0.100000 0.133333
0 0.789062 0.162500 0.100000 0.133333
0 0.179688 0.197917 0.100000 0.133333
0 0.289062 0.418750 0.100000 0.133333
0 0.862500 0.341667 0.100000 0.133333
0 0.220312 0.752083 0.100000 0.133333
0 0.471875 0.493750 0.100000 0.133333
0 0.600000 0.154167 0.100000 0.133333
0 0.856250 0.668750 0.100000 0.133333
0 0.801562 0.814583 0.100000 0.133333
0 0.723437 0.885417 0.100000 0.133333
0 0.415625 0.625000 0.100000 0.133333
0 0.645312 0.377083 0.100000 0.133333
0 0.634375 0.508333 0.100000 0.133333
0 0.490625 0.868750 0.100000 0.133333
0 0.789062 0.539583 0.100000 0.133333
0 0.189062 0.281250 0.100000 0.133333
0 0.395313 0.222917 0.100000 0.133333
0 0.871875 0.483333 0.100000 0.133333
0 0.498437 0.297917 0.100000 0.133333
0 0.243750 0.497917 0.100000 0.133333
0 0.504687 0.568750 0.100000 0.133333
0 0.479687 0.727083 0.100000 0.133333
0 0.568750 0.187500 0.100000 0.133333
0 0.184375 0.616667 0.100000 0.133333
0 0.457813 0.212500 0.100000 0.133333
0 0.698438 0.750000 0.100000 0.133333
0 0.462500 0.775000 0.100000 0.133333
0 0.826562 0.183333 0.100000 0.133333
0 0.814063 0.722917 0.100000 0.133333
0 0.384375 0.635417 0.100000 0.133333
0 0.629687 0.816667 0.100000 0.133333
0 0.856250 0.850000 0.100000 0.133333
0 0.693750 0.312500 0.100000 0.133333
0 0.235937 0.747917 0.100000 0.133333
0 0.518750 0.202083 0.100000 0.133333
0 0.589063 0.831250 0.100000 0.133333
0 0.746875 0.264583 0.100000 0.133333
0 0.195312 0.635417 0.100000 0.133333
0 0.695312 0.700000 0.100000 0.133333
0 0.140625 0.079167 0.100000 0.133333
0 0.625000 0.643750 0.100000 0.133333
0 0.120313 0.352083 0.100000 0.133333
0 0.829688 0.135417 0.100000 0.133333
0 0.539062 0.520833 0.100000 0.133333
0 0.446875 0.433333 0.100000 0.133333
0 0.753125 0.464583 0.100000 0.133333
0 0.378125 0.777083 0.100000 0.133333
0 0.306250 0.587500 0.100000 0.133333
0 0.865625 0.697917 0.100000 0.133333
0 0.270313 0.358333 0.100000 0.133333
0 0.689063 0.618750 0.100000 0.133333
0 0.254688 0.518750 0.100000 0.133333
0 0.885938 0.500000 0.100000 0.133333
0 0.451562 0.516667 0.100000 0.133333
0 0.109375 0.547917 0.100000 0.133333
0 0.509375 0.191667 0.100000 0.133333
0 0.417187 0.633333 0.100000 0.133333
0 0.862500 0.256250 0.100000 0.133333
0 0.829688 0.400000 0.100000 0.133333
0 0.829688 0.656250 0.100000 0.133333
0 0.429688 0.818750 0.100000 0.133333
0 0.748437 0.268750 0.100000 0.133333
0 0.195312 0.814583 0.100000 0.133333
0 0.848437 0.154167 0.100000 0.133333
0 0.243750 0.272917 0.100000 0.133333
1 0.214062 0.435417 0.100000 0.133333
1 0.721875 0.685417 0.100000 0.133333
1 0.829688 0.566667 0.100000 0.133333
1 0.367188 0.202083 0.100000 0.133333
1 0.681250 0.618750 0.100000 0.133333
