0 0.110937 0.562500 0.100000 0.133333
0 0.853125 0.700000 0.100000 0.133333
0 0.228125 0.150000 0.100000 0.133333
0 0.881250 0.833333 0.100000 0.133333
0 0.695312 0.831250 0.100000 0.133333
0 0.832812 0.233333 0.100000 0.133333
0 0.865625 0.420833 0.100000 0.133333
0 0.114062 0.847917 0.100000 0.133333
0 0.334375 0.814583 0.100000 0.133333
0 0.800000 0.718750 0.100000 0.133333
0 0.682813 0.650000 0.100000 0.133333
0 0.115625 0.164583 0.100000 0.133333
0 0.620313 0.804167 0.100000 0.133333
0 0.225000 0.604167 0.100000 0.133333
0 0.507812 0.260417 0.100000 0.133333
0 0.671875 0.460417 0.100000 0.133333
0 0.517188 0.091667 0.100000 0.133333
0 0.371875 0.179167 0.100000 0.133333
0 0.479687 0.208333 0.100000 0.133333
0 0.495312 0.302083 0.100000 0.133333
0 0.756250 0.504167 0.100000 0.133333
0 0.820312 0.727083 0.100000 0.133333
0 0.364063 0.270833 0.100000 0.133333
0 0.557813 0.493750 0.100000 0.133333
0 0.131250 0.743750 0.100000 0.133333
0 0.504687 0.414583 0.100000 0.133333
0 0.359375 0.170833 0.100000 0.133333
0 0.443750 0.406250 0.100000 0.133333
0 0.193750 0.668750 0.100000 0.133333
0 0.862500 0.579167 0.100000 0.133333
0 0.212500 0.647917 0.100000 0.133333
0 0.457813 0.868750 0.100000 0.133333
0 0.109375 0.295833 0.100000 0.133333
0 0.725000 0.583333 0.100000 0.133333
0 0.556250 0.606250 0.100000 0.133333
0 0.231250 0.443750 0.100000 0.133333
0 0.440625 0.450000 0.100000 0.133333
0 0.250000 0.712500 0.100000 0.133333
0 0.762500 0.472917 0.100000 0.133333
0 0.148438 0.814583 0.100000 0.133333
0 0.337500 0.689583 0.100000 0.133333
0 0.832812 0.797917 0.100000 0.133333
0 0.859375 0.183333 0.100000 0.133333
0 0.139063 0.785417 0.100000 0.133333
0 0.573438 0.733333 0.100000 0.133333
0 0.890625 0.620833 0.100000 0.133333
0 0.371875 0.650000 0.100000 0.133333
0 0.343750 0.262500 0.100000 0.133333
0 0.312500 0.400000 0.100000 0.133333
0 0.662500 0.781250 0.100000 0.133333
0 0.234375 0.810417 0.100000 0.133333
0 0.300000 0.629167 0.100000 0.133333
0 0.537500 0.877083 0.100000 0.133333
0 0.746875 0.743750 0.100000 0.133333
0 0.334375 0.462500 0.100000 0.133333
0 0.889062 0.537500 0.100000 0.133333
0 0.631250 0.504167 0.100000 0.133333
0 0.428125 0.806250 0.100000 0.133333
0 0.670312 0.383333 0.100000 0.133333
0 0.542188 0.202083 0.100000 0.133333
0 0.635938 0.402083 0.100000 0.133333
0 0.815625 0.725000 0.100000 0.133333
0 0.235937 0.877083 0.100000 0.133333
0 0.575000 0.316667 0.100000 0.133333
0 0.723437 0.339583 0.100000 0.133333
0 0.771875 0.377083 0.100000 0.133333
0 0.735938 0.477083 0.100000 0.133333
0 0.253125 0.345833 0.100000 0.133333
0 0.715625 0.343750 0.100000 0.133333
0 0.404687 0.252083 0.100000 0.133333
0 0.750000 0.383333 0.100000 0.133333
0 0.520312 0.635417 0.100000 0.133333
0 0.337500 0.531250 0.100000 0.133333
0 0.892188 0.752083 0.100000 0.133333
0 0.748437 0.891667 0.100000 0.133333
0 0.801562 0.760417 0.100000 0.133333
0 0.490625 0.622917 0.100000 0.133333
0 0.201563 0.622917 0.100000 0.133333
0 0.442188 0.408333 0.100000 0.133333
0 0.793750 0.552083 0.100000 0.133333
0 0.206250 0.237500 0.100000 0.133333
0 0.542188 0.370833 0.100000 0.133333
0 0.673438 0.735417 0.100000 0.133333
0 0.684375 0.456250 0.100000 0.133333
0 0.126562 0.414583 0.100000 0.133333
0 0.692187 0.193750 0.100000 0.133333
0 0.175000 0.245833 0.100000 0.133333
0 0.814063 0.537500 0.100000 0.133333
0 0.779687 0.147917 0.100000 0.133333
0 0.643750 0.543750 0.100000 0.133333
0 0.765625 0.387500 0.100000 0.133333
0 0.829688 0.204167 0.100000 0.133333
0 0.337500 0.400000 0.100000 0.133333
0 0.662500 0.293750 0.100000 0.133333
0 0.462500 0.245833 0.100000 0.133333
0 0.515625 0.793750 0.100000 0.133333
0 0.510938 0.785417 0.100000 0.133333
0 0.118750 0.710417 0.100000 0.133333
0 0.287500 0.697917 0.100000 0.133333
0 0.884375 0.189583 0.100000 0.133333
0 0.771875 0.700000 0.100000 0.133333
0 0.454688 0.214583 0.100000 0.133333
0 0.662500 0.731250 0.100000 0.133333
0 0.675000 0.189583 0.100000 0.133333
0 0.354687 0.443750 0.100000 0.133333
0 0.390625 0.431250 0.100000 0.133333
0 0.318750 0.808333 0.100000 0.133333
0 0.710938 0.716667 0.100000 0.133333
0 0.623437 0.454167 0.100000 0.133333
0 0.214062 0.666667 0.100000 0.133333
0 0.117188 0.654167 0.100000 0.133333
0 0.121875 0.337500 0.100000 0.133333
0 0.828125 0.543750 0.100000 0.133333
0 0.732812 0.406250 0.100000 0.133333
0 0.748437 0.556250 0.100000 0.133333
0 0.173437 0.614583 0.100000 0.133333
0 0.775000 0.706250 0.100000 0.133333
0 0.293750 0.485417 0.100000 0.133333
0 0.798438 0.356250 0.100000 0.133333
0 0.771875 0.270833 0.100000 0.133333
0 0.309375 0.472917 0.100000 0.133333
0 0.217188 0.558333 0.100000 0.133333
0 0.810937 0.075000 0.100000 0.133333
0 0.175000 0.343750 0.100000 0.133333
0 0.175000 0.662500 0.100000 0.133333
0 0.550000 0.335417 0.100000 0.133333
0 0.554688 0.287500 0.100000 0.133333
0 0.389062 0.502083 0.100000 0.133333
0 0.104688 0.647917 0.100000 0.133333
0 0.478125 0.585417 0.100000 0.133333
0 0.612500 0.537500 0.100000 0.133333
0 0.421875 0.402083 0.100000 0.133333
0 0.223438 0.406250 0.100000 0.133333
0 0.134375 0.393750 0.100000 0.133333
0 0.704688 0.522917 0.100000 0.133333
0 0.104688 0.222917 0.100000 0.133333
0 0.592187 0.552083 0.100000 0.133333
0 0.267188 0.714583 0.100000 0.133333
0 0.410938 0.691667 0.100000 0.133333
0 0.823438 0.483333 0.100000 0.133333
0 0.378125 0.089583 0.100000 0.133333
0 0.287500 0.400000 0.100000 0.133333
0 0.585938 0.077083 0.100000 0.133333
0 0.609375 0.550000 0.100000 0.133333
0 0.675000 0.285417 0.100000 0.133333
0 0.454688 0.252083 0.100000 0.133333
0 0.646875 0.222917 0.100000 0.133333
0 0.300000 0.137500 0.100000 0.133333
0 0.810937 0.616667 0.100000 0.133333
0 0.351562 0.633333 0.100000 0.133333
1 0.557813 0.716667 0.100000 0.133333
1 0.800000 0.368750 0.100000 0.133333
1 0.576562 0.131250 0.100000 0.133333
1 0.081250 0.377083 0.100000 0.133333
1 0.154688 0.916667 0.100000 0.133333
