0 0.482812 0.729167 0.100000 0.133333
0 0.260937 0.633333 0.100000 0.133333
0 0.125000 0.820833 0.100000 0.133333
0 0.506250 0.466667 0.100000 0.133333
0 0.873437 0.437500 0.100000 0.133333
0 0.729688 0.070833 0.100000 0.133333
0 0.137500 0.708333 0.100000 0.133333
0 0.232813 0.154167 0.100000 0.133333
0 0.885938 0.868750 0.100000 0.133333
0 0.140625 0.352083 0.100000 0.133333
0 0.818750 0.383333 0.100000 0.133333
0 0.467187 0.793750 0.100000 0.133333
0 0.640625 0.489583 0.100000 0.133333
0 0.748437 0.604167 0.100000 0.133333
0 0.762500 0.683333 0.100000 0.133333
0 0.220312 0.150000 0.100000 0.133333
0 0.665625 0.366667 0.100000 0.133333
0 0.528125 0.504167 0.100000 0.133333
0 0.767188 0.200000 0.100000 0.133333
0 0.709375 0.531250 0.100000 0.133333
0 0.251563 0.075000 0.100000 0.133333
0 0.651563 0.487500 0.100000 0.133333
0 0.715625 0.260417 0.100000 0.133333
0 0.392188 0.179167 0.100000 0.133333
0 0.317188 0.072917 0.100000 0.133333
0 0.823438 0.633333 0.100000 0.133333
0 0.401562 0.743750 0.100000 0.133333
0 0.892188 0.745833 0.100000 0.133333
0 0.412500 0.687500 0.100000 0.133333
0 0.460938 0.083333 0.100000 0.133333
0 0.292187 0.345833 0.100000 0.133333
0 0.810937 0.635417 0.100000 0.133333
0 0.217188 0.550000 0.100000 0.133333
0 0.409375 0.785417 0.100000 0.133333
0 0.140625 0.356250 0.100000 0.133333
0 0.284375 0.412500 0.100000 0.133333
0 0.178125 0.714583 0.100000 0.133333
0 0.710938 0.354167 0.100000 0.133333
0 0.603125 0.316667 0.100000 0.133333
0 0.676562 0.864583 0.100000 0.133333
0 0.159375 0.452083 0.100000 0.133333
0 0.162500 0.633333 0.100000 0.133333
0 0.846875 0.445833 0.100000 0.133333
0 0.651563 0.120833 0.100000 0.133333
0 0.173437 0.697917 0.100000 0.133333
0 0.139063 0.268750 0.100000 0.133333
0 0.671875 0.791667 0.100000 0.133333
0 0.192188 0.802083 0.100000 0.133333
0 0.368750 0.675000 0.100000 0.133333
0 0.306250 0.641667 0.100000 0.133333
0 0.353125 0.791667 0.100000 0.133333
0 0.584375 0.131250 0.100000 0.133333
0 0.517188 0.652083 0.100000 0.133333
0 0.337500 0.889583 0.100000 0.133333
0 0.829688 0.089583 0.100000 0.133333
0 0.303125 0.256250 0.100000 0.133333
0 0.528125 0.287500 0.100000 0.133333
0 0.634375 0.547917 0.100000 0.133333
0 0.810937 0.418750 0.100000 0.133333
0 0.712500 0.427083 0.100000 0.133333
0 0.262500 0.577083 0.100000 0.133333
0 0.898438 0.825000 0.100000 0.133333
0 0.670312 0.110417 0.100000 0.133333
0 0.468750 0.170833 0.100000 0.133333
0 0.221875 0.558333 0.100000 0.133333
0 0.568750 0.635417 0.100000 0.133333
0 0.456250 0.856250 0.100000 0.133333
0 0.750000 0.166667 0.100000 0.133333
0 0.593750 0.195833 0.100000 0.133333
0 0.631250 0.647917 0.100000 0.133333
0 0.265625 0.764583 0.100000 0.133333
0 0.734375 0.129167 0.100000 0.133333
0 0.170313 0.464583 0.100000 0.133333
0 0.310937 0.800000 0.100000 0.133333
0 0.512500 0.464583 0.100000 0.133333
0 0.818750 0.072917 0.100000 0.133333
0 0.581250 0.233333 0.100000 0.133333
0 0.829688 0.462500 0.100000 0.133333
0 0.581250 0.339583 0.100000 0.133333
0 0.317188 0.793750 0.100000 0.133333
0 0.651563 0.150000 0.100000 0.133333
0 0.154688 0.845833 0.100000 0.133333
0 0.471875 0.831250 0.100000 0.133333
0 0.128125 0.322917 0.100000 0.133333
0 0.771875 0.835417 0.100000 0.133333
0 0.539062 0.293750 0.100000 0.133333
0 0.471875 0.693750 0.100000 0.133333
0 0.900000 0.454167 0.100000 0.133333
0 0.639062 0.587500 0.100000 0.133333
0 0.376563 0.818750 0.100000 0.133333
0 0.593750 0.337500 0.100000 0.133333
0 0.804688 0.229167 0.100000 0.133333
0 0.326562 0.175000 0.100000 0.133333
0 0.606250 0.250000 0.100000 0.133333
0 0.476562 0.225000 0.100000 0.133333
0 0.303125 0.308333 0.100000 0.133333
0 0.707812 0.606250 0.100000 0.133333
0 0.248438 0.077083 0.100000 0.133333
0 0.840625 0.579167 0.100000 0.133333
0 0.675000 0.891667 0.100000 0.133333
0 0.332813 0.560417 0.100000 0.133333
0 0.654687 0.710417 0.100000 0.133333
0 0.787500 0.320833 0.100000 0.133333
0 0.165625 0.695833 0.100000 0.133333
0 0.281250 0.204167 0.100000 0.133333
0 0.517188 0.658333 0.100000 0.133333
0 0.510938 0.683333 0.100000 0.133333
0 0.521875 0.633333 0.100000 0.133333
0 0.584375 0.466667 0.100000 0.133333
0 0.784375 0.845833 0.100000 0.133333
0 0.220312 0.387500 0.100000 0.133333
0 0.145313 0.418750 0.100000 0.133333
0 0.232813 0.089583 0.100000 0.133333
0 0.692187 0.112500 0.100000 0.133333
0 0.175000 0.410417 0.100000 0.133333
0 0.365625 0.087500 0.100000 0.133333
0 0.634375 0.306250 0.100000 0.133333
0 0.459375 0.868750 0.100000 0.133333
0 0.234375 0.181250 0.100000 0.133333
0 0.373437 0.331250 0.100000 0.133333
0 0.225000 0.793750 0.100000 0.133333
0 0.628125 0.672917 0.100000 0.133333
0 0.860938 0.406250 0.100000 0.133333
0 0.668750 0.700000 0.100000 0.133333
0 0.645312 0.716667 0.100000 0.133333
0 0.682813 0.500000 0.100000 0.133333
0 0.292187 0.314583 0.100000 0.133333
0 0.848437 0.377083 0.100000 0.133333
0 0.501563 0.800000 0.100000 0.133333
0 0.365625 0.368750 0.100000 0.133333
0 0.664062 0.854167 0.100000 0.133333
0 0.665625 0.418750 0.100000 0.133333
0 0.700000 0.429167 0.100000 0.133333
0 0.576562 0.735417 0.100000 0.133333
0 0.757812 0.766667 0.100000 0.133333
0 0.260937 0.347917 0.100000 0.133333
0 0.843750 0.664583 0.100000 0.133333
0 0.154688 0.860417 0.100000 0.133333
0 0.337500 0.829167 0.100000 0.133333
0 0.506250 0.181250 0.100000 0.133333
0 0.207813 0.433333 0.100000 0.133333
0 0.289062 0.847917 0.100000 0.133333
0 0.171875 0.406250 0.100000 0.133333
0 0.645312 0.179167 0.100000 0.133333
0 0.712500 0.608333 0.100000 0.133333
0 0.578125 0.114583 0.100000 0.133333
0 0.162500 0.187500 0.100000 0.133333
0 0.414062 0.768750 0.100000 0.133333
0 0.148438 0.143750 0.100000 0.133333
0 0.562500 0.637500 0.100000 0.133333
1 0.492188 0.089583 0.100000 0.133333
1 0.315625 0.297917 0.100000 0.133333
1 0.359375 0.604167 0.100000 0.133333
1 0.153125 0.362500 0.100000 0.133333
1 0.284375 0.181250 0.100000 0.133333
