0 0.335938 0.387500 0.100000 0.133333
0 0.250000 0.733333 0.100000 0.133333
0 0.423438 0.525000 0.100000 0.133333
0 0.398438 0.412500 0.100000 0.133333
0 0.900000 0.216667 0.100000 0.133333
0 0.242188 0.260417 0.100000 0.133333
0 0.610938 0.177083 0.100000 0.133333
0 0.840625 0.110417 0.100000 0.133333
0 0.446875 0.591667 0.100000 0.133333
0 0.268750 0.239583 0.100000 0.133333
0 0.329688 0.375000 0.100000 0.133333
0 0.451562 0.870833 0.100000 0.133333
0 0.112500 0.781250 0.100000 0.133333
0 0.818750 0.360417 0.100000 0.133333
0 0.551562 0.256250 0.100000 0.133333
0 0.331250 0.454167 0.100000 0.133333
0 0.120313 0.514583 0.100000 0.133333
0 0.517188 0.300000 0.100000 0.133333
0 0.146875 0.737500 0.100000 0.133333
0 0.584375 0.097917 0.100000 0.133333
0 0.710938 0.254167 0.100000 0.133333
0 0.439063 0.885417 0.100000 0.133333
0 0.832812 0.166667 0.100000 0.133333
0 0.328125 0.745833 0.100000 0.133333
0 0.559375 0.795833 0.100000 0.133333
0 0.703125 0.325000 0.100000 0.133333
0 0.460938 0.489583 0.100000 0.133333
0 0.892188 0.560417 0.100000 0.133333
0 0.854688 0.393750 0.100000 0.133333
0 0.196875 0.312500 0.100000 0.133333
0 0.165625 0.797917 0.100000 0.133333
0 0.156250 0.418750 0.100000 0.133333
0 0.845313 0.366667 0.100000 0.133333
0 0.676562 0.450000 0.100000 0.133333
0 0.553125 0.768750 0.100000 0.133333
0 0.534375 0.691667 0.100000 0.133333
0 0.385937 0.531250 0.100000 0.133333
0 0.598437 0.675000 0.100000 0.133333
0 0.501563 0.308333 0.100000 0.133333
0 0.356250 0.625000 0.100000 0.133333
0 0.314063 0.389583 0.100000 0.133333
0 0.600000 0.135417 0.100000 0.133333
0 0.518750 0.787500 0.100000 0.133333
0 0.725000 0.500000 0.100000 0.133333
0 0.235937 0.233333 0.100000 0.133333
0 0.787500 0.518750 0.100000 0.133333
0 0.182812 0.768750 0.100000 0.133333
0 0.667188 0.185417 0.100000 0.133333
0 0.223438 0.756250 0.100000 0.133333
0 0.281250 0.483333 0.100000 0.133333
0 0.606250 0.508333 0.100000 0.133333
0 0.820312 0.327083 0.100000 0.133333
0 0.360938 0.458333 0.100000 0.133333
0 0.856250 0.877083 0.100000 0.133333
0 0.129688 0.550000 0.100000 0.133333
0 0.867188 0.095833 0.100000 0.133333
0 0.339062 0.435417 0.100000 0.133333
0 0.303125 0.697917 0.100000 0.133333
0 0.301563 0.800000 0.100000 0.133333
0 0.348438 0.514583 0.100000 0.133333
0 0.181250 0.552083 0.100000 0.133333
0 0.617188 0.158333 0.100000 0.133333
0 0.504687 0.708333 0.100000 0.133333
0 0.420312 0.814583 0.100000 0.133333
0 0.782813 0.589583 0.100000 0.133333
0 0.629687 0.241667 0.100000 0.133333
0 0.384375 0.210417 0.100000 0.133333
0 0.560937 0.375000 0.100000 0.133333
0 0.159375 0.814583 0.100000 0.133333
0 0.295312 0.418750 0.100000 0.133333
0 0.834375 0.883333 0.100000 0.133333
0 0.350000 0.202083 0.100000 0.133333
0 0.789062 0.829167 0.100000 0.133333
0 0.434375 0.320833 0.100000 0.133333
0 0.745313 0.352083 0.100000 0.133333
0 0.412500 0.429167 0.100000 0.133333
0 0.212500 0.370833 0.100000 0.133333
0 0.860938 0.068750 0.100000 0.133333
0 0.756250 0.818750 0.100000 0.133333
0 0.890625 0.222917 0.100000 0.133333
0 0.551562 0.250000 0.100000 0.133333
0 0.767188 0.327083 0.100000 0.133333
0 0.387500 0.600000 0.100000 0.133333
0 0.275000 0.877083 0.100000 0.133333
0 0.790625 0.483333 0.100000 0.133333
0 0.521875 0.210417 0.100000 0.133333
0 0.445312 0.668750 0.100000 0.133333
0 0.831250 0.220833 0.100000 0.133333
0 0.631250 0.458333 0.100000 0.133333
0 0.732812 0.822917 0.100000 0.133333
0 0.860938 0.085417 0.100000 0.133333
0 0.143750 0.697917 0.100000 0.133333
0 0.226562 0.108333 0.100000 0.133333
0 0.559375 0.493750 0.100000 0.133333
0 0.465625 0.885417 0.100000 0.133333
0 0.353125 0.447917 0.100000 0.133333
0 0.656250 0.447917 0.100000 0.133333
0 0.318750 0.850000 0.100000 0.133333
0 0.831250 0.125000 0.100000 0.133333
0 0.410938 0.837500 0.100000 0.133333
0 0.201563 0.710417 0.100000 0.133333
0 0.881250 0.279167 0.100000 0.133333
0 0.490625 0.510417 0.100000 0.133333
0 0.445312 0.604167 0.100000 0.133333
0 0.656250 0.672917 0.100000 0.133333
0 0.228125 0.272917 0.100000 0.133333
0 0.187500 0.218750 0.100000 0.133333
0 0.782813 0.847917 0.100000 0.133333
0 0.556250 0.606250 0.100000 0.133333
0 0.407813 0.200000 0.100000 0.133333
0 0.115625 0.706250 0.100000 0.133333
0 0.360938 0.322917 0.100000 0.133333
0 0.628125 0.252083 0.100000 0.133333
0 0.634375 0.552083 0.100000 0.133333
0 0.615625 0.745833 0.100000 0.133333
0 0.101562 0.447917 0.100000 0.133333
0 0.514062 0.633333 0.100000 0.133333
0 0.817187 0.283333 0.100000 0.133333
0 0.557813 0.093750 0.100000 0.133333
0 0.114062 0.710417 0.100000 0.133333
0 0.532813 0.266667 0.100000 0.133333
0 0.298438 0.854167 0.100000 0.133333
0 0.126562 0.393750 0.100000 0.133333
0 0.300000 0.362500 0.100000 0.133333
0 0.648438 0.529167 0.100000 0.133333
0 0.434375 0.872917 0.100000 0.133333
0 0.421875 0.841667 0.100000 0.133333
0 0.325000 0.552083 0.100000 0.133333
0 0.335938 0.120833 0.100000 0.133333
0 0.882812 0.687500 0.100000 0.133333
0 0.846875 0.450000 0.100000 0.133333
0 0.359375 0.212500 0.100000 0.133333
0 0.315625 0.433333 0.100000 0.133333
0 0.248438 0.858333 0.100000 0.133333
0 0.875000 0.083333 0.100000 0.133333
0 0.376563 0.552083 0.100000 0.133333
0 0.131250 0.608333 0.100000 0.133333
0 0.226562 0.333333 0.100000 0.133333
0 0.481250 0.077083 0.100000 0.133333
0 0.132812 0.079167 0.100000 0.133333
0 0.189062 0.439583 0.100000 0.133333
0 0.817187 0.210417 0.100000 0.133333
0 0.643750 0.191667 0.100000 0.133333
0 0.795312 0.727083 0.100000 0.133333
0 0.665625 0.577083 0.100000 0.133333
0 0.167187 0.333333 0.100000 0.133333
0 0.875000 0.250000 0.100000 0.133333
0 0.537500 0.491667 0.100000 0.133333
0 0.342187 0.758333 0.100000 0.133333
0 0.271875 0.783333 0.100000 0.133333
1 0.812500 0.895833 0.100000 0.133333
1 0.245312 0.693750 0.100000 0.133333
1 0.879687 0.764583 0.100000 0.133333
1 0.129688 0.902083 0.100000 0.133333
1 0.498437 0.279167 0.100000 0.133333
