0 0.354687 0.366667 0.100000 0.133333
0 0.270313 0.095833 0.100000 0.133333
0 0.118750 0.552083 0.100000 0.133333
0 0.828125 0.291667 0.100000 0.133333
0 0.229687 0.641667 0.100000 0.133333
0 0.843750 0.431250 0.100000 0.133333
0 0.628125 0.808333 0.100000 0.133333
0 0.535937 0.164583 0.100000 0.133333
0 0.631250 0.377083 0.100000 0.133333
0 0.101562 0.104167 0.100000 0.133333
0 0.773438 0.397917 0.100000 0.133333
0 0.393750 0.502083 0.100000 0.133333
0 0.309375 0.583333 0.100000 0.133333
0 0.203125 0.875000 0.100000 0.133333
0 0.692187 0.106250 0.100000 0.133333
0 0.893750 0.810417 0.100000 0.133333
0 0.587500 0.414583 0.100000 0.133333
0 0.687500 0.800000 0.100000 0.133333
0 0.487500 0.406250 0.100000 0.133333
0 0.671875 0.697917 0.100000 0.133333
0 0.692187 0.768750 0.100000 0.133333
0 0.192188 0.785417 0.100000 0.133333
0 0.618750 0.402083 0.100000 0.133333
0 0.251563 0.100000 0.100000 0.133333
0 0.653125 0.589583 0.100000 0.133333
0 0.362500 0.372917 0.100000 0.133333
0 0.762500 0.264583 0.100000 0.133333
0 0.820312 0.112500 0.100000 0.133333
0 0.651563 0.316667 0.100000 0.133333
0 0.803125 0.762500 0.100000 0.133333
0 0.620313 0.579167 0.100000 0.133333
0 0.175000 0.460417 0.100000 0.133333
0 0.198437 0.468750 0.100000 0.133333
0 0.407813 0.331250 0.100000 0.133333
0 0.832812 0.204167 0.100000 0.133333
0 0.504687 0.764583 0.100000 0.133333
0 0.323437 0.320833 0.100000 0.133333
0 0.679688 0.406250 0.100000 0.133333
0 0.245312 0.316667 0.100000 0.133333
0 0.281250 0.204167 0.100000 0.133333
0 0.460938 0.718750 0.100000 0.133333
0 0.846875 0.075000 0.100000 0.133333
0 0.135937 0.164583 0.100000 0.133333
0 0.760938 0.258333 0.100000 0.133333
0 0.435937 0.345833 0.100000 0.133333
0 0.532813 0.777083 0.100000 0.133333
0 0.126562 0.641667 0.100000 0.133333
0 0.806250 0.764583 0.100000 0.133333
0 0.225000 0.420833 0.100000 0.133333
0 0.634375 0.856250 0.100000 0.133333
0 0.534375 0.631250 0.100000 0.133333
0 0.562500 0.214583 0.100000 0.133333
0 0.698438 0.210417 0.100000 0.133333
0 0.407813 0.727083 0.100000 0.133333
0 0.320312 0.716667 0.100000 0.133333
0 0.393750 0.514583 0.100000 0.133333
0 0.507812 0.314583 0.100000 0.133333
0 0.160938 0.245833 0.100000 0.133333
0 0.810937 0.597917 0.100000 0.133333
0 0.882812 0.693750 0.100000 0.133333
0 0.346875 0.162500 0.100000 0.133333
0 0.495312 0.545833 0.100000 0.133333
0 0.485938 0.768750 0.100000 0.133333
0 0.854688 0.770833 0.100000 0.133333
0 0.492188 0.606250 0.100000 0.133333
0 0.706250 0.325000 0.100000 0.133333
0 0.529687 0.741667 0.100000 0.133333
0 0.745313 0.535417 0.100000 0.133333
0 0.523438 0.337500 0.100000 0.133333
0 0.112500 0.754167 0.100000 0.133333
0 0.150000 0.775000 0.100000 0.133333
0 0.590625 0.752083 0.100000 0.133333
0 0.320312 0.329167 0.100000 0.133333
0 0.864062 0.606250 0.100000 0.133333
0 0.262500 0.627083 0.100000 0.133333
0 0.485938 0.779167 0.100000 0.133333
0 0.621875 0.427083 0.100000 0.133333
0 0.270313 0.431250 0.100000 0.133333
0 0.351562 0.837500 0.100000 0.133333
0 0.581250 0.866667 0.100000 0.133333
0 0.882812 0.470833 0.100000 0.133333
0 0.532813 0.087500 0.100000 0.133333
0 0.754687 0.335417 0.100000 0.133333
0 0.414062 0.720833 0.100000 0.133333
0 0.404687 0.120833 0.100000 0.133333
0 0.812500 0.779167 0.100000 0.133333
0 0.365625 0.218750 0.100000 0.133333
0 0.556250 0.320833 0.100000 0.133333
0 0.882812 0.879167 0.100000 0.133333
0 0.587500 0.683333 0.100000 0.133333
0 0.545312 0.539583 0.100000 0.133333
0 0.123438 0.125000 0.100000 0.133333
0 0.387500 0.431250 0.100000 0.133333
0 0.414062 0.493750 0.100000 0.133333
0 0.610938 0.293750 0.100000 0.133333
0 0.150000 0.585417 0.100000 0.133333
0 0.682813 0.706250 0.100000 0.133333
0 0.362500 0.870833 0.100000 0.133333
0 0.842187 0.612500 0.100000 0.133333
0 0.768750 0.075000 0.100000 0.133333
0 0.267188 0.139583 0.100000 0.133333
0 0.518750 0.845833 0.100000 0.133333
0 0.487500 0.341667 0.100000 0.133333
0 0.831250 0.887500 0.100000 0.133333
0 0.104688 0.712500 0.100000 0.133333
0 0.562500 0.495833 0.100000 0.133333
0 0.595313 0.575000 0.100000 0.133333
0 0.112500 0.266667 0.100000 0.133333
0 0.545312 0.762500 0.100000 0.133333
0 0.371875 0.085417 0.100000 0.133333
0 0.775000 0.160417 0.100000 0.133333
0 0.176563 0.254167 0.100000 0.133333
0 0.226562 0.872917 0.100000 0.133333
0 0.853125 0.489583 0.100000 0.133333
0 0.631250 0.822917 0.100000 0.133333
0 0.543750 0.739583 0.100000 0.133333
0 0.370312 0.691667 0.100000 0.133333
0 0.754687 0.806250 0.100000 0.133333
0 0.428125 0.629167 0.100000 0.133333
0 0.346875 0.287500 0.100000 0.133333
0 0.231250 0.627083 0.100000 0.133333
0 0.575000 0.806250 0.100000 0.133333
0 0.517188 0.250000 0.100000 0.133333
0 0.145313 0.347917 0.100000 0.133333
0 0.271875 0.337500 0.100000 0.133333
0 0.471875 0.539583 0.100000 0.133333
0 0.215625 0.375000 0.100000 0.133333
0 0.710938 0.279167 0.100000 0.133333
0 0.187500 0.600000 0.100000 0.133333
0 0.809375 0.435417 0.100000 0.133333
0 0.403125 0.295833 0.100000 0.133333
0 0.525000 0.316667 0.100000 0.133333
0 0.543750 0.372917 0.100000 0.133333
0 0.898438 0.658333 0.100000 0.133333
0 0.681250 0.147917 0.100000 0.133333
0 0.284375 0.266667 0.100000 0.133333
0 0.192188 0.437500 0.100000 0.133333
0 0.612500 0.385417 0.100000 0.133333
0 0.695312 0.425000 0.100000 0.133333
0 0.200000 0.095833 0.100000 0.133333
0 0.651563 0.766667 0.100000 0.133333
0 0.518750 0.181250 0.100000 0.133333
0 0.415625 0.127083 0.100000 0.133333
0 0.812500 0.156250 0.100000 0.133333
0 0.184375 0.387500 0.100000 0.133333
0 0.457813 0.681250 0.100000 0.133333
0 0.553125 0.158333 0.100000 0.133333
0 0.765625 0.414583 0.100000 0.133333
0 0.512500 0.864583 0.100000 0.133333
0 0.754687 0.514583 0.100000 0.133333
1 0.221875 0.270833 0.100000 0.133333
1 0.928125 0.293750 0.100000 0.133333
1 0.435937 0.693750 0.100000 0.133333
1 0.620313 0.764583 0.100000 0.133333
1 0.054688 0.758333 0.100000 0.133333
