0 0.401562 0.760417 0.100000 0.133333
0 0.628125 0.737500 0.100000 0.133333
0 0.196875 0.385417 0.100000 0.133333
0 0.496875 0.683333 0.100000 0.133333
0 0.340625 0.672917 0.100000 0.133333
0 0.568750 0.570833 0.100000 0.133333
0 0.768750 0.454167 0.100000 0.133333
0 0.229687 0.450000 0.100000 0.133333
0 0.846875 0.337500 0.100000 0.133333
0 0.698438 0.070833 0.100000 0.133333
0 0.120313 0.670833 0.100000 0.133333
0 0.154688 0.562500 0.100000 0.133333
0 0.451562 0.870833 0.100000 0.133333
0 0.678125 0.393750 0.100000 0.133333
0 0.854688 0.681250 0.100000 0.133333
0 0.703125 0.764583 0.100000 0.133333
0 0.720313 0.262500 0.100000 0.133333
0 0.770312 0.606250 0.100000 0.133333
0 0.345313 0.541667 0.100000 0.133333
0 0.818750 0.739583 0.100000 0.133333
0 0.821875 0.889583 0.100000 0.133333
0 0.575000 0.875000 0.100000 0.133333
0 0.631250 0.445833 0.100000 0.133333
0 0.153125 0.683333 0.100000 0.133333
0 0.282813 0.552083 0.100000 0.133333
0 0.451562 0.714583 0.100000 0.133333
0 0.800000 0.758333 0.100000 0.133333
0 0.589063 0.279167 0.100000 0.133333
0 0.576562 0.381250 0.100000 0.133333
0 0.401562 0.577083 0.100000 0.133333
0 0.615625 0.175000 0.100000 0.133333
0 0.109375 0.218750 0.100000 0.133333
0 0.601562 0.339583 0.100000 0.133333
0 0.207813 0.381250 0.100000 0.133333
0 0.628125 0.779167 0.100000 0.133333
0 0.768750 0.475000 0.100000 0.133333
0 0.618750 0.516667 0.100000 0.133333
0 0.232813 0.368750 0.100000 0.133333
0 0.279687 0.589583 0.100000 0.133333
0 0.584375 0.433333 0.100000 0.133333
0 0.482812 0.725000 0.100000 0.133333
0 0.864062 0.595833 0.100000 0.133333
0 0.584375 0.145833 0.100000 0.133333
0 0.692187 0.670833 0.100000 0.133333
0 0.245312 0.283333 0.100000 0.133333
0 0.318750 0.452083 0.100000 0.133333
0 0.851562 0.831250 0.100000 0.133333
0 0.517188 0.314583 0.100000 0.133333
0 0.729688 0.229167 0.100000 0.133333
0 0.389062 0.195833 0.100000 0.133333
0 0.825000 0.383333 0.100000 0.133333
0 0.559375 0.533333 0.100000 0.133333
0 0.393750 0.845833 0.100000 0.133333
0 0.515625 0.168750 0.100000 0.133333
0 0.560937 0.083333 0.100000 0.133333
0 0.492188 0.687500 0.100000 0.133333
0 0.882812 0.783333 0.100000 0.133333
0 0.181250 0.656250 0.100000 0.133333
0 0.767188 0.131250 0.100000 0.133333
0 0.101562 0.316667 0.100000 0.133333
0 0.826562 0.583333 0.100000 0.133333
0 0.592187 0.710417 0.100000 0.133333
0 0.796875 0.506250 0.100000 0.133333
0 0.473438 0.875000 0.100000 0.133333
0 0.789062 0.847917 0.100000 0.133333
0 0.295312 0.647917 0.100000 0.133333
0 0.837500 0.887500 0.100000 0.133333
0 0.468750 0.472917 0.100000 0.133333
0 0.220312 0.554167 0.100000 0.133333
0 0.521875 0.600000 0.100000 0.133333
0 0.467187 0.587500 0.100000 0.133333
0 0.682813 0.827083 0.100000 0.133333
0 0.557813 0.631250 0.100000 0.133333
0 0.796875 0.195833 0.100000 0.133333
0 0.679688 0.452083 0.100000 0.133333
0 0.575000 0.472917 0.100000 0.133333
0 0.293750 0.645833 0.100000 0.133333
0 0.123438 0.202083 0.100000 0.133333
0 0.159375 0.860417 0.100000 0.133333
0 0.525000 0.422917 0.100000 0.133333
0 0.740625 0.885417 0.100000 0.133333
0 0.234375 0.852083 0.100000 0.133333
0 0.281250 0.810417 0.100000 0.133333
0 0.551562 0.314583 0.100000 0.133333
0 0.734375 0.225000 0.100000 0.133333
0 0.509375 0.131250 0.100000 0.133333
0 0.260937 0.264583 0.100000 0.133333
0 0.654687 0.577083 0.100000 0.133333
0 0.735938 0.100000 0.100000 0.133333
0 0.110937 0.835417 0.100000 0.133333
0 0.775000 0.795833 0.100000 0.133333
0 0.400000 0.214583 0.100000 0.133333
0 0.195312 0.512500 0.100000 0.133333
0 0.842187 0.141667 0.100000 0.133333
0 0.220312 0.735417 0.100000 0.133333
0 0.790625 0.825000 0.100000 0.133333
0 0.787500 0.687500 0.100000 0.133333
0 0.850000 0.500000 0.100000 0.133333
0 0.665625 0.475000 0.100000 0.133333
0 0.300000 0.422917 0.100000 0.133333
0 0.312500 0.168750 0.100000 0.133333
0 0.435937 0.297917 0.100000 0.133333
0 0.823438 0.087500 0.100000 0.133333
0 0.548438 0.316667 0.100000 0.133333
0 0.775000 0.835417 0.100000 0.133333
0 0.129688 0.864583 0.100000 0.133333
0 0.889062 0.858333 0.100000 0.133333
0 0.164062 0.231250 0.100000 0.133333
0 0.178125 0.814583 0.100000 0.133333
0 0.564063 0.116667 0.100000 0.133333
0 0.785937 0.279167 0.100000 0.133333
0 0.714063 0.808333 0.100000 0.133333
0 0.617188 0.814583 0.100000 0.133333
0 0.685937 0.175000 0.100000 0.133333
0 0.228125 0.875000 0.100000 0.133333
0 0.776563 0.102083 0.100000 0.133333
0 0.290625 0.087500 0.100000 0.133333
0 0.328125 0.800000 0.100000 0.133333
0 0.606250 0.068750 0.100000 0.133333
0 0.560937 0.441667 0.100000 0.133333
0 0.229687 0.577083 0.100000 0.133333
0 0.784375 0.477083 0.100000 0.133333
0 0.300000 0.439583 0.100000 0.133333
0 0.123438 0.414583 0.100000 0.133333
0 0.546875 0.754167 0.100000 0.133333
0 0.881250 0.291667 0.100000 0.133333
0 0.626563 0.450000 0.100000 0.133333
0 0.120313 0.202083 0.100000 0.133333
0 0.834375 0.341667 0.100000 0.133333
0 0.509375 0.250000 0.100000 0.133333
0 0.621875 0.383333 0.100000 0.133333
0 0.773438 0.143750 0.100000 0.133333
0 0.117188 0.772917 0.100000 0.133333
0 0.648438 0.745833 0.100000 0.133333
0 0.843750 0.297917 0.100000 0.133333
0 0.817187 0.691667 0.100000 0.133333
0 0.775000 0.079167 0.100000 0.133333
0 0.139063 0.483333 0.100000 0.133333
0 0.785937 0.077083 0.100000 0.133333
0 0.218750 0.150000 0.100000 0.133333
0 0.884375 0.656250 0.100000 0.133333
0 0.690625 0.406250 0.100000 0.133333
0 0.296875 0.743750 0.100000 0.133333
0 0.756250 0.258333 0.100000 0.133333
0 0.473438 0.562500 0.100000 0.133333
0 0.576562 0.287500 0.100000 0.133333
0 0.810937 0.593750 0.100000 0.133333
0 0.814063 0.822917 0.100000 0.133333
0 0.890625 0.622917 0.100000 0.133333
0 0.593750 0.562500 0.100000 0.133333
1 0.760938 0.918750 0.100000 0.133333
1 0.850000 0.795833 0.100000 0.133333
1 0.065625 0.931250 0.100000 0.133333
1 0.729688 0.520833 0.100000 0.133333
1 0.751563 0.081250 0.100000 0.133333
