0 0.512500 0.212500 0.100000 0.133333
0 0.298438 0.460417 0.100000 0.133333
0 0.792188 0.235417 0.100000 0.133333
0 0.214062 0.856250 0.100000 0.133333
0 0.528125 0.491667 0.100000 0.133333
0 0.348438 0.466667 0.100000 0.133333
0 0.625000 0.104167 0.100000 0.133333
0 0.832812 0.472917 0.100000 0.133333
0 0.123438 0.187500 0.100000 0.133333
0 0.215625 0.604167 0.100000 0.133333
0 0.467187 0.393750 0.100000 0.133333
0 0.512500 0.718750 0.100000 0.133333
0 0.282813 0.497917 0.100000 0.133333
0 0.567187 0.400000 0.100000 0.133333
0 0.718750 0.614583 0.100000 0.133333
0 0.762500 0.735417 0.100000 0.133333
0 0.228125 0.435417 0.100000 0.133333
0 0.875000 0.802083 0.100000 0.133333
0 0.851562 0.429167 0.100000 0.133333
0 0.551562 0.858333 0.100000 0.133333
0 0.531250 0.591667 0.100000 0.133333
0 0.343750 0.822917 0.100000 0.133333
0 0.237500 0.622917 0.100000 0.133333
0 0.318750 0.560417 0.100000 0.133333
0 0.381250 0.552083 0.100000 0.133333
0 0.706250 0.837500 0.100000 0.133333
0 0.837500 0.220833 0.100000 0.133333
0 0.840625 0.541667 0.100000 0.133333
0 0.815625 0.845833 0.100000 0.133333
0 0.678125 0.433333 0.100000 0.133333
0 0.131250 0.389583 0.100000 0.133333
0 0.318750 0.616667 0.100000 0.133333
0 0.628125 0.456250 0.100000 0.133333
0 0.332813 0.410417 0.100000 0.133333
0 0.559375 0.360417 0.100000 0.133333
0 0.482812 0.714583 0.100000 0.133333
0 0.876563 0.225000 0.100000 0.133333
0 0.157812 0.750000 0.100000 0.133333
0 0.706250 0.760417 0.100000 0.133333
0 0.204687 0.314583 0.100000 0.133333
0 0.378125 0.277083 0.100000 0.133333
0 0.371875 0.604167 0.100000 0.133333
0 0.571875 0.356250 0.100000 0.133333
0 0.584375 0.543750 0.100000 0.133333
0 0.382812 0.304167 0.100000 0.133333
0 0.700000 0.685417 0.100000 0.133333
0 0.326562 0.718750 0.100000 0.133333
0 0.762500 0.306250 0.100000 0.133333
0 0.623437 0.345833 0.100000 0.133333
0 0.634375 0.860417 0.100000 0.133333
0 0.401562 0.502083 0.100000 0.133333
0 0.542188 0.614583 0.100000 0.133333
0 0.314063 0.822917 0.100000 0.133333
0 0.210938 0.714583 0.100000 0.133333
0 0.331250 0.222917 0.100000 0.133333
0 0.625000 0.185417 0.100000 0.133333
0 0.576562 0.591667 0.100000 0.133333
0 0.271875 0.156250 0.100000 0.133333
0 0.715625 0.247917 0.100000 0.133333
0 0.578125 0.868750 0.100000 0.133333
0 0.493750 0.470833 0.100000 0.133333
0 0.618750 0.589583 0.100000 0.133333
0 0.814063 0.677083 0.100000 0.133333
0 0.156250 0.795833 0.100000 0.133333
0 0.228125 0.541667 0.100000 0.133333
0 0.626563 0.875000 0.100000 0.133333
0 0.531250 0.641667 0.100000 0.133333
0 0.346875 0.177083 0.100000 0.133333
0 0.428125 0.110417 0.100000 0.133333
0 0.254688 0.375000 0.100000 0.133333
0 0.623437 0.756250 0.100000 0.133333
0 0.346875 0.550000 0.100000 0.133333
0 0.842187 0.831250 0.100000 0.133333
0 0.478125 0.643750 0.100000 0.133333
0 0.181250 0.566667 0.100000 0.133333
0 0.204687 0.250000 0.100000 0.133333
0 0.356250 0.668750 0.100000 0.133333
0 0.517188 0.310417 0.100000 0.133333
0 0.815625 0.200000 0.100000 0.133333
0 0.879687 0.479167 0.100000 0.133333
0 0.703125 0.468750 0.100000 0.133333
0 0.381250 0.760417 0.100000 0.133333
0 0.726562 0.785417 0.100000 0.133333
0 0.884375 0.331250 0.100000 0.133333
0 0.804688 0.672917 0.100000 0.133333
0 0.620313 0.725000 0.100000 0.133333
0 0.396875 0.825000 0.100000 0.133333
0 0.732812 0.591667 0.100000 0.133333
0 0.109375 0.825000 0.100000 0.133333
0 0.398438 0.683333 0.100000 0.133333
0 0.392188 0.468750 0.100000 0.133333
0 0.171875 0.639583 0.100000 0.133333
0 0.848437 0.852083 0.100000 0.133333
0 0.814063 0.162500 0.100000 0.133333
0 0.635938 0.285417 0.100000 0.133333
0 0.717187 0.197917 0.100000 0.133333
0 0.550000 0.518750 0.100000 0.133333
0 0.368750 0.072917 0.100000 0.133333
0 0.160938 0.089583 0.100000 0.133333
0 0.800000 0.247917 0.100000 0.133333
0 0.754687 0.660417 0.100000 0.133333
0 0.507812 0.687500 0.100000 0.133333
0 0.285938 0.852083 0.100000 0.133333
0 0.368750 0.308333 0.100000 0.133333
0 0.812500 0.560417 0.100000 0.133333
0 0.725000 0.777083 0.100000 0.133333
0 0.610938 0.683333 0.100000 0.133333
0 0.167187 0.654167 0.100000 0.133333
0 0.237500 0.889583 0.100000 0.133333
0 0.853125 0.854167 0.100000 0.133333
0 0.829688 0.625000 0.100000 0.133333
0 0.192188 0.875000 0.100000 0.133333
0 0.439063 0.383333 0.100000 0.133333
0 0.595313 0.329167 0.100000 0.133333
0 0.237500 0.097917 0.100000 0.133333
0 0.418750 0.302083 0.100000 0.133333
0 0.281250 0.693750 0.100000 0.133333
0 0.518750 0.704167 0.100000 0.133333
0 0.557813 0.354167 0.100000 0.133333
0 0.345313 0.381250 0.100000 0.133333
0 0.692187 0.316667 0.100000 0.133333
0 0.193750 0.195833 0.100000 0.133333
0 0.618750 0.685417 0.100000 0.133333
0 0.884375 0.172917 0.100000 0.133333
0 0.698438 0.647917 0.100000 0.133333
0 0.154688 0.879167 0.100000 0.133333
0 0.360938 0.885417 0.100000 0.133333
0 0.707812 0.350000 0.100000 0.133333
0 0.290625 0.281250 0.100000 0.133333
0 0.673438 0.318750 0.100000 0.133333
0 0.765625 0.431250 0.100000 0.133333
0 0.593750 0.206250 0.100000 0.133333
0 0.815625 0.231250 0.100000 0.133333
0 0.273438 0.460417 0.100000 0.133333
0 0.506250 0.300000 0.100000 0.133333
0 0.156250 0.485417 0.100000 0.133333
0 0.109375 0.364583 0.100000 0.133333
0 0.535937 0.604167 0.100000 0.133333
0 0.139063 0.222917 0.100000 0.133333
0 0.398438 0.720833 0.100000 0.133333
0 0.812500 0.639583 0.100000 0.133333
0 0.146875 0.325000 0.100000 0.133333
0 0.626563 0.802083 0.100000 0.133333
0 0.571875 0.877083 0.100000 0.133333
0 0.678125 0.400000 0.100000 0.133333
0 0.731250 0.768750 0.100000 0.133333
0 0.317188 0.297917 0.100000 0.133333
0 0.739062 0.131250 0.100000 0.133333
0 0.717187 0.218750 0.100000 0.133333
0 0.439063 0.114583 0.100000 0.133333
1 0.739062 0.108333 0.100000 0.133333
1 0.850000 0.685417 0.100000 0.133333
1 0.150000 0.320833 0.100000 0.133333
1 0.482812 0.893750 0.100000 0.133333
1 0.392188 0.252083 0.100000 0.133333
