0 0.301563 0.266667 0.100000 0.133333
0 0.842187 0.702083 0.100000 0.133333
0 0.557813 0.612500 0.100000 0.133333
0 0.389062 0.581250 0.100000 0.133333
0 0.787500 0.506250 0.100000 0.133333
0 0.395313 0.308333 0.100000 0.133333
0 0.284375 0.089583 0.100000 0.133333
0 0.400000 0.625000 0.100000 0.133333
0 0.110937 0.877083 0.100000 0.133333
0 0.767188 0.456250 0.100000 0.133333
0 0.509375 0.631250 0.100000 0.133333
0 0.259375 0.768750 0.100000 0.133333
0 0.807813 0.672917 0.100000 0.133333
0 0.446875 0.768750 0.100000 0.133333
0 0.870313 0.164583 0.100000 0.133333
0 0.289062 0.704167 0.100000 0.133333
0 0.732812 0.708333 0.100000 0.133333
0 0.254688 0.647917 0.100000 0.133333
0 0.460938 0.227083 0.100000 0.133333
0 0.279687 0.408333 0.100000 0.133333
0 0.831250 0.531250 0.100000 0.133333
0 0.814063 0.654167 0.100000 0.133333
0 0.700000 0.391667 0.100000 0.133333
0 0.745313 0.266667 0.100000 0.133333
0 0.139063 0.733333 0.100000 0.133333
0 0.709375 0.825000 0.100000 0.133333
0 0.784375 0.335417 0.100000 0.133333
0 0.681250 0.668750 0.100000 0.133333
0 0.115625 0.275000 0.100000 0.133333
0 0.162500 0.575000 0.100000 0.133333
0 0.345313 0.860417 0.100000 0.133333
0 0.281250 0.364583 0.100000 0.133333
0 0.348438 0.810417 0.100000 0.133333
0 0.662500 0.175000 0.100000 0.133333
0 0.167187 0.420833 0.100000 0.133333
0 0.607812 0.643750 0.100000 0.133333
0 0.170313 0.297917 0.100000 0.133333
0 0.531250 0.164583 0.100000 0.133333
0 0.265625 0.475000 0.100000 0.133333
0 0.243750 0.866667 0.100000 0.133333
0 0.568750 0.506250 0.100000 0.133333
0 0.864062 0.716667 0.100000 0.133333
0 0.421875 0.291667 0.100000 0.133333
0 0.234375 0.370833 0.100000 0.133333
0 0.209375 0.887500 0.100000 0.133333
0 0.160938 0.668750 0.100000 0.133333
0 0.250000 0.097917 0.100000 0.133333
0 0.587500 0.825000 0.100000 0.133333
0 0.528125 0.456250 0.100000 0.133333
0 0.262500 0.072917 0.100000 0.133333
0 0.412500 0.745833 0.100000 0.133333
0 0.226562 0.781250 0.100000 0.133333
0 0.190625 0.762500 0.100000 0.133333
0 0.382812 0.510417 0.100000 0.133333
0 0.571875 0.866667 0.100000 0.133333
0 0.243750 0.412500 0.100000 0.133333
0 0.168750 0.877083 0.100000 0.133333
0 0.585938 0.602083 0.100000 0.133333
0 0.800000 0.591667 0.100000 0.133333
0 0.873437 0.810417 0.100000 0.133333
0 0.617188 0.204167 0.100000 0.133333
0 0.843750 0.637500 0.100000 0.133333
0 0.743750 0.400000 0.100000 0.133333
0 0.853125 0.143750 0.100000 0.133333
0 0.870313 0.097917 0.100000 0.133333
0 0.520312 0.508333 0.100000 0.133333
0 0.210938 0.797917 0.100000 0.133333
0 0.803125 0.681250 0.100000 0.133333
0 0.400000 0.235417 0.100000 0.133333
0 0.137500 0.366667 0.100000 0.133333
0 0.101562 0.295833 0.100000 0.133333
0 0.154688 0.075000 0.100000 0.133333
0 0.465625 0.235417 0.100000 0.133333
0 0.690625 0.700000 0.100000 0.133333
0 0.790625 0.466667 0.100000 0.133333
0 0.142187 0.712500 0.100000 0.133333
0 0.403125 0.437500 0.100000 0.133333
0 0.142187 0.593750 0.100000 0.133333
0 0.445312 0.791667 0.100000 0.133333
0 0.617188 0.510417 0.100000 0.133333
0 0.431250 0.312500 0.100000 0.133333
0 0.575000 0.785417 0.100000 0.133333
0 0.421875 0.666667 0.100000 0.133333
0 0.109375 0.762500 0.100000 0.133333
0 0.720313 0.231250 0.100000 0.133333
0 0.737500 0.729167 0.100000 0.133333
0 0.248438 0.195833 0.100000 0.133333
0 0.106250 0.335417 0.100000 0.133333
0 0.209375 0.385417 0.100000 0.133333
0 0.407813 0.885417 0.100000 0.133333
0 0.392188 0.200000 0.100000 0.133333
0 0.435937 0.375000 0.100000 0.133333
0 0.792188 0.379167 0.100000 0.133333
0 0.707812 0.068750 0.100000 0.133333
0 0.176563 0.170833 0.100000 0.133333
0 0.120313 0.391667 0.100000 0.133333
0 0.332813 0.235417 0.100000 0.133333
0 0.176563 0.560417 0.100000 0.133333
0 0.364063 0.577083 0.100000 0.133333
0 0.784375 0.081250 0.100000 0.133333
0 0.323437 0.808333 0.100000 0.133333
0 0.481250 0.595833 0.100000 0.133333
0 0.295312 0.587500 0.100000 0.133333
0 0.317188 0.204167 0.100000 0.133333
0 0.850000 0.843750 0.100000 0.133333
0 0.325000 0.131250 0.100000 0.133333
0 0.256250 0.331250 0.100000 0.133333
0 0.284375 0.539583 0.100000 0.133333
0 0.642188 0.358333 0.100000 0.133333
0 0.845313 0.191667 0.100000 0.133333
0 0.635938 0.283333 0.100000 0.133333
0 0.815625 0.200000 0.100000 0.133333
0 0.614062 0.818750 0.100000 0.133333
0 0.287500 0.372917 0.100000 0.133333
0 0.703125 0.662500 0.100000 0.133333
0 0.281250 0.393750 0.100000 0.133333
0 0.657813 0.295833 0.100000 0.133333
0 0.368750 0.610417 0.100000 0.133333
0 0.412500 0.360417 0.100000 0.133333
0 0.159375 0.068750 0.100000 0.133333
0 0.768750 0.277083 0.100000 0.133333
0 0.204687 0.110417 0.100000 0.133333
0 0.393750 0.197917 0.100000 0.133333
0 0.178125 0.760417 0.100000 0.133333
0 0.807813 0.372917 0.100000 0.133333
0 0.560937 0.335417 0.100000 0.133333
0 0.729688 0.102083 0.100000 0.133333
0 0.556250 0.643750 0.100000 0.133333
0 0.357812 0.562500 0.100000 0.133333
0 0.231250 0.745833 0.100000 0.133333
0 0.885938 0.383333 0.100000 0.133333
0 0.401562 0.752083 0.100000 0.133333
0 0.415625 0.635417 0.100000 0.133333
0 0.251563 0.456250 0.100000 0.133333
0 0.293750 0.510417 0.100000 0.133333
0 0.532813 0.229167 0.100000 0.133333
0 0.817187 0.545833 0.100000 0.133333
0 0.746875 0.837500 0.100000 0.133333
0 0.556250 0.312500 0.100000 0.133333
0 0.853125 0.541667 0.100000 0.133333
0 0.575000 0.754167 0.100000 0.133333
0 0.814063 0.847917 0.100000 0.133333
0 0.614062 0.718750 0.100000 0.133333
0 0.579688 0.318750 0.100000 0.133333
0 0.223438 0.783333 0.100000 0.133333
0 0.268750 0.250000 0.100000 0.133333
0 0.492188 0.429167 0.100000 0.133333
0 0.614062 0.547917 0.100000 0.133333
0 0.339062 0.377083 0.100000 0.133333
0 0.464062 0.164583 0.100000 0.133333
1 0.150000 0.643750 0.100000 0.133333
1 0.843750 0.079167 0.100000 0.133333
1 0.414062 0.881250 0.100000 0.133333
1 0.428125 0.760417 0.100000 0.133333
1 0.517188 0.466667 0.100000 0.133333
