0 0.198437 0.654167 0.100000 0.133333
0 0.670312 0.656250 0.100000 0.133333
0 0.798438 0.606250 0.100000 0.133333
0 0.170313 0.304167 0.100000 0.133333
0 0.662500 0.514583 0.100000 0.133333
0 0.435937 0.189583 0.100000 0.133333
0 0.815625 0.481250 0.100000 0.133333
0 0.850000 0.300000 0.100000 0.133333
0 0.590625 0.887500 0.100000 0.133333
0 0.293750 0.891667 0.100000 0.133333
0 0.476562 0.437500 0.100000 0.133333
0 0.331250 0.647917 0.100000 0.133333
0 0.770312 0.354167 0.100000 0.133333
0 0.867188 0.533333 0.100000 0.133333
0 0.400000 0.147917 0.100000 0.133333
0 0.900000 0.502083 0.100000 0.133333
0 0.545312 0.308333 0.100000 0.133333
0 0.375000 0.866667 0.100000 0.133333
0 0.256250 0.468750 0.100000 0.133333
0 0.504687 0.200000 0.100000 0.133333
0 0.239063 0.260417 0.100000 0.133333
0 0.354687 0.102083 0.100000 0.133333
0 0.259375 0.175000 0.100000 0.133333
0 0.298438 0.281250 0.100000 0.133333
0 0.656250 0.737500 0.100000 0.133333
0 0.712500 0.310417 0.100000 0.133333
0 0.717187 0.304167 0.100000 0.133333
0 0.154688 0.672917 0.100000 0.133333
0 0.104688 0.247917 0.100000 0.133333
0 0.525000 0.591667 0.100000 0.133333
0 0.503125 0.370833 0.100000 0.133333
0 0.354687 0.489583 0.100000 0.133333
0 0.615625 0.118750 0.100000 0.133333
0 0.495312 0.579167 0.100000 0.133333
0 0.179688 0.358333 0.100000 0.133333
0 0.482812 0.181250 0.100000 0.133333
0 0.218750 0.272917 0.100000 0.133333
0 0.242188 0.077083 0.100000 0.133333
0 0.828125 0.164583 0.100000 0.133333
0 0.207813 0.197917 0.100000 0.133333
0 0.196875 0.787500 0.100000 0.133333
0 0.835938 0.145833 0.100000 0.133333
0 0.579688 0.614583 0.100000 0.133333
0 0.157812 0.145833 0.100000 0.133333
0 0.476562 0.116667 0.100000 0.133333
0 0.559375 0.366667 0.100000 0.133333
0 0.314063 0.416667 0.100000 0.133333
0 0.189062 0.768750 0.100000 0.133333
0 0.475000 0.545833 0.100000 0.133333
0 0.845313 0.870833 0.100000 0.133333
0 0.531250 0.297917 0.100000 0.133333
0 0.471875 0.529167 0.100000 0.133333
0 0.443750 0.162500 0.100000 0.133333
0 0.746875 0.216667 0.100000 0.133333
0 0.542188 0.385417 0.100000 0.133333
0 0.195312 0.612500 0.100000 0.133333
0 0.306250 0.310417 0.100000 0.133333
0 0.659375 0.393750 0.100000 0.133333
0 0.621875 0.670833 0.100000 0.133333
0 0.709375 0.835417 0.100000 0.133333
0 0.464062 0.614583 0.100000 0.133333
0 0.678125 0.172917 0.100000 0.133333
0 0.723437 0.639583 0.100000 0.133333
0 0.234375 0.468750 0.100000 0.133333
0 0.856250 0.127083 0.100000 0.133333
0 0.498437 0.339583 0.100000 0.133333
0 0.187500 0.097917 0.100000 0.133333
0 0.379688 0.214583 0.100000 0.133333
0 0.781250 0.718750 0.100000 0.133333
0 0.517188 0.204167 0.100000 0.133333
0 0.273438 0.072917 0.100000 0.133333
0 0.276562 0.800000 0.100000 0.133333
0 0.520312 0.472917 0.100000 0.133333
0 0.498437 0.777083 0.100000 0.133333
0 0.285938 0.718750 0.100000 0.133333
0 0.679688 0.600000 0.100000 0.133333
0 0.746875 0.079167 0.100000 0.133333
0 0.223438 0.670833 0.100000 0.133333
0 0.165625 0.395833 0.100000 0.133333
0 0.151562 0.241667 0.100000 0.133333
0 0.414062 0.497917 0.100000 0.133333
0 0.690625 0.375000 0.100000 0.133333
0 0.657813 0.302083 0.100000 0.133333
0 0.364063 0.608333 0.100000 0.133333
0 0.690625 0.356250 0.100000 0.133333
0 0.192188 0.483333 0.100000 0.133333
0 0.354687 0.510417 0.100000 0.133333
0 0.748437 0.456250 0.100000 0.133333
0 0.676562 0.475000 0.100000 0.133333
0 0.556250 0.120833 0.100000 0.133333
0 0.485938 0.354167 0.100000 0.133333
0 0.768750 0.795833 0.100000 0.133333
0 0.153125 0.254167 0.100000 0.133333
0 0.159375 0.716667 0.100000 0.133333
0 0.885938 0.368750 0.100000 0.133333
0 0.314063 0.758333 0.100000 0.133333
0 0.170313 0.164583 0.100000 0.133333
0 0.145313 0.131250 0.100000 0.133333
0 0.401562 0.162500 0.100000 0.133333
0 0.203125 0.266667 0.100000 0.133333
0 0.303125 0.110417 0.100000 0.133333
0 0.400000 0.241667 0.100000 0.133333
0 0.498437 0.335417 0.100000 0.133333
0 0.582812 0.439583 0.100000 0.133333
0 0.746875 0.189583 0.100000 0.133333
0 0.153125 0.447917 0.100000 0.133333
0 0.410938 0.170833 0.100000 0.133333
0 0.671875 0.283333 0.100000 0.133333
0 0.265625 0.512500 0.100000 0.133333
0 0.437500 0.131250 0.100000 0.133333
0 0.517188 0.529167 0.100000 0.133333
0 0.760938 0.558333 0.100000 0.133333
0 0.192188 0.625000 0.100000 0.133333
0 0.262500 0.529167 0.100000 0.133333
0 0.818750 0.335417 0.100000 0.133333
0 0.529687 0.852083 0.100000 0.133333
0 0.562500 0.100000 0.100000 0.133333
0 0.834375 0.339583 0.100000 0.133333
0 0.195312 0.079167 0.100000 0.133333
0 0.564063 0.095833 0.100000 0.133333
0 0.343750 0.260417 0.100000 0.133333
0 0.268750 0.637500 0.100000 0.133333
0 0.415625 0.304167 0.100000 0.133333
0 0.334375 0.470833 0.100000 0.133333
0 0.406250 0.564583 0.100000 0.133333
0 0.517188 0.481250 0.100000 0.133333
0 0.546875 0.791667 0.100000 0.133333
0 0.210938 0.508333 0.100000 0.133333
0 0.482812 0.660417 0.100000 0.133333
0 0.284375 0.806250 0.100000 0.133333
0 0.846875 0.614583 0.100000 0.133333
0 0.339062 0.206250 0.100000 0.133333
0 0.456250 0.085417 0.100000 0.133333
0 0.684375 0.116667 0.100000 0.133333
0 0.514062 0.645833 0.100000 0.133333
0 0.415625 0.131250 0.100000 0.133333
0 0.745313 0.843750 0.100000 0.133333
0 0.642188 0.112500 0.100000 0.133333
0 0.798438 0.206250 0.100000 0.133333
0 0.520312 0.141667 0.100000 0.133333
0 0.296875 0.733333 0.100000 0.133333
0 0.896875 0.272917 0.100000 0.133333
0 0.592187 0.704167 0.100000 0.133333
0 0.276562 0.497917 0.100000 0.133333
0 0.728125 0.254167 0.100000 0.133333
0 0.312500 0.304167 0.100000 0.133333
0 0.306250 0.791667 0.100000 0.133333
0 0.840625 0.202083 0.100000 0.133333
0 0.595313 0.229167 0.100000 0.133333
0 0.873437 0.685417 0.100000 0.133333
1 0.760938 0.883333 0.100000 0.133333
1 0.687500 0.093750 0.100000 0.133333
1 0.792188 0.614583 0.100000 0.133333
1 0.762500 0.258333 0.100000 0.133333
1 0.100000 0.225000 0.100000 0.133333
