0 0.420312 0.645833 0.100000 0.133333
0 0.645312 0.143750 0.100000 0.133333
0 0.732812 0.639583 0.100000 0.133333
0 0.173437 0.729167 0.100000 0.133333
0 0.276562 0.393750 0.100000 0.133333
0 0.721875 0.368750 0.100000 0.133333
0 0.578125 0.381250 0.100000 0.133333
0 0.432812 0.347917 0.100000 0.133333
0 0.454688 0.400000 0.100000 0.133333
0 0.746875 0.452083 0.100000 0.133333
0 0.253125 0.408333 0.100000 0.133333
0 0.254688 0.072917 0.100000 0.133333
0 0.345313 0.887500 0.100000 0.133333
0 0.396875 0.410417 0.100000 0.133333
0 0.112500 0.547917 0.100000 0.133333
0 0.517188 0.366667 0.100000 0.133333
0 0.731250 0.804167 0.100000 0.133333
0 0.129688 0.602083 0.100000 0.133333
0 0.106250 0.091667 0.100000 0.133333
0 0.654687 0.720833 0.100000 0.133333
0 0.817187 0.133333 0.100000 0.133333
0 0.217188 0.820833 0.100000 0.133333
0 0.270313 0.810417 0.100000 0.133333
0 0.803125 0.660417 0.100000 0.133333
0 0.301563 0.135417 0.100000 0.133333
0 0.807813 0.160417 0.100000 0.133333
0 0.548438 0.418750 0.100000 0.133333
0 0.325000 0.118750 0.100000 0.133333
0 0.810937 0.560417 0.100000 0.133333
0 0.326562 0.829167 0.100000 0.133333
0 0.471875 0.845833 0.100000 0.133333
0 0.743750 0.622917 0.100000 0.133333
0 0.370312 0.250000 0.100000 0.133333
0 0.370312 0.558333 0.100000 0.133333
0 0.693750 0.114583 0.100000 0.133333
0 0.298438 0.833333 0.100000 0.133333
0 0.515625 0.108333 0.100000 0.133333
0 0.834375 0.727083 0.100000 0.133333
0 0.734375 0.777083 0.100000 0.133333
0 0.460938 0.558333 0.100000 0.133333
0 0.617188 0.354167 0.100000 0.133333
0 0.557813 0.820833 0.100000 0.133333
0 0.187500 0.597917 0.100000 0.133333
0 0.851562 0.883333 0.100000 0.133333
0 0.596875 0.818750 0.100000 0.133333
0 0.321875 0.339583 0.100000 0.133333
0 0.692187 0.445833 0.100000 0.133333
0 0.354687 0.781250 0.100000 0.133333
0 0.682813 0.500000 0.100000 0.133333
0 0.814063 0.475000 0.100000 0.133333
0 0.415625 0.877083 0.100000 0.133333
0 0.689063 0.850000 0.100000 0.133333
0 0.457813 0.529167 0.100000 0.133333
0 0.757812 0.325000 0.100000 0.133333
0 0.798438 0.720833 0.100000 0.133333
0 0.864062 0.250000 0.100000 0.133333
0 0.285938 0.420833 0.100000 0.133333
0 0.442188 0.639583 0.100000 0.133333
0 0.629687 0.181250 0.100000 0.133333
0 0.198437 0.514583 0.100000 0.133333
0 0.562500 0.795833 0.100000 0.133333
0 0.475000 0.518750 0.100000 0.133333
0 0.601562 0.568750 0.100000 0.133333
0 0.215625 0.264583 0.100000 0.133333
0 0.418750 0.447917 0.100000 0.133333
0 0.578125 0.412500 0.100000 0.133333
0 0.546875 0.768750 0.100000 0.133333
0 0.218750 0.210417 0.100000 0.133333
0 0.607812 0.185417 0.100000 0.133333
0 0.343750 0.864583 0.100000 0.133333
0 0.776563 0.368750 0.100000 0.133333
0 0.492188 0.212500 0.100000 0.133333
0 0.851562 0.675000 0.100000 0.133333
0 0.764062 0.175000 0.100000 0.133333
0 0.645312 0.158333 0.100000 0.133333
0 0.109375 0.472917 0.100000 0.133333
0 0.421875 0.422917 0.100000 0.133333
0 0.604688 0.266667 0.100000 0.133333
0 0.292187 0.433333 0.100000 0.133333
0 0.660937 0.450000 0.100000 0.133333
0 0.721875 0.522917 0.100000 0.133333
0 0.221875 0.885417 0.100000 0.133333
0 0.701562 0.318750 0.100000 0.133333
0 0.653125 0.495833 0.100000 0.133333
0 0.389062 0.335417 0.100000 0.133333
0 0.173437 0.291667 0.100000 0.133333
0 0.370312 0.639583 0.100000 0.133333
0 0.762500 0.077083 0.100000 0.133333
0 0.275000 0.272917 0.100000 0.133333
0 0.459375 0.122917 0.100000 0.133333
0 0.231250 0.677083 0.100000 0.133333
0 0.778125 0.693750 0.100000 0.133333
0 0.218750 0.354167 0.100000 0.133333
0 0.412500 0.783333 0.100000 0.133333
0 0.414062 0.304167 0.100000 0.133333
0 0.707812 0.175000 0.100000 0.133333
0 0.207813 0.197917 0.100000 0.133333
0 0.210938 0.695833 0.100000 0.133333
0 0.515625 0.700000 0.100000 0.133333
0 0.584375 0.872917 0.100000 0.133333
0 0.167187 0.437500 0.100000 0.133333
0 0.275000 0.522917 0.100000 0.133333
0 0.453125 0.554167 0.100000 0.133333
0 0.381250 0.187500 0.100000 0.133333
0 0.228125 0.572917 0.100000 0.133333
0 0.698438 0.181250 0.100000 0.133333
0 0.454688 0.139583 0.100000 0.133333
0 0.639062 0.133333 0.100000 0.133333
0 0.728125 0.754167 0.100000 0.133333
0 0.509375 0.306250 0.100000 0.133333
0 0.662500 0.560417 0.100000 0.133333
0 0.215625 0.708333 0.100000 0.133333
0 0.309375 0.697917 0.100000 0.133333
0 0.840625 0.072917 0.100000 0.133333
0 0.462500 0.483333 0.100000 0.133333
0 0.410938 0.656250 0.100000 0.133333
0 0.395313 0.479167 0.100000 0.133333
0 0.542188 0.664583 0.100000 0.133333
0 0.340625 0.635417 0.100000 0.133333
0 0.485938 0.237500 0.100000 0.133333
0 0.143750 0.587500 0.100000 0.133333
0 0.292187 0.579167 0.100000 0.133333
0 0.175000 0.204167 0.100000 0.133333
0 0.885938 0.585417 0.100000 0.133333
0 0.434375 0.416667 0.100000 0.133333
0 0.562500 0.516667 0.100000 0.133333
0 0.448437 0.481250 0.100000 0.133333
0 0.464062 0.583333 0.100000 0.133333
0 0.195312 0.597917 0.100000 0.133333
0 0.107813 0.191667 0.100000 0.133333
0 0.676562 0.525000 0.100000 0.133333
0 0.218750 0.647917 0.100000 0.133333
0 0.121875 0.141667 0.100000 0.133333
0 0.160938 0.141667 0.100000 0.133333
0 0.832812 0.858333 0.100000 0.133333
0 0.543750 0.635417 0.100000 0.133333
0 0.392188 0.225000 0.100000 0.133333
0 0.503125 0.389583 0.100000 0.133333
0 0.501563 0.187500 0.100000 0.133333
0 0.468750 0.468750 0.100000 0.133333
0 0.510938 0.606250 0.100000 0.133333
0 0.826562 0.231250 0.100000 0.133333
0 0.131250 0.325000 0.100000 0.133333
0 0.489063 0.245833 0.100000 0.133333
0 0.806250 0.500000 0.100000 0.133333
0 0.250000 0.664583 0.100000 0.133333
0 0.834375 0.443750 0.100000 0.133333
0 0.692187 0.181250 0.100000 0.133333
0 0.507812 0.789583 0.100000 0.133333
0 0.120313 0.570833 0.100000 0.133333
1 0.893750 0.464583 0.100000 0.133333
1 0.831250 0.070833 0.100000 0.133333
1 0.943750 0.614583 0.100000 0.133333
1 0.482812 0.314583 0.100000 0.133333
1 0.837500 0.225000 0.100000 0.133333
