0 0.528125 0.112500 0.100000 0.133333
0 0.395313 0.395833 0.100000 0.133333
0 0.345313 0.541667 0.100000 0.133333
0 0.842187 0.793750 0.100000 0.133333
0 0.231250 0.733333 0.100000 0.133333
0 0.812500 0.620833 0.100000 0.133333
0 0.690625 0.170833 0.100000 0.133333
0 0.753125 0.639583 0.100000 0.133333
0 0.740625 0.329167 0.100000 0.133333
0 0.532813 0.875000 0.100000 0.133333
0 0.343750 0.839583 0.100000 0.133333
0 0.250000 0.514583 0.100000 0.133333
0 0.573438 0.327083 0.100000 0.133333
0 0.175000 0.845833 0.100000 0.133333
0 0.381250 0.845833 0.100000 0.133333
0 0.409375 0.100000 0.100000 0.133333
0 0.162500 0.810417 0.100000 0.133333
0 0.707812 0.843750 0.100000 0.133333
0 0.703125 0.481250 0.100000 0.133333
0 0.343750 0.116667 0.100000 0.133333
0 0.192188 0.570833 0.100000 0.133333
0 0.262500 0.660417 0.100000 0.133333
0 0.887500 0.247917 0.100000 0.133333
0 0.867188 0.443750 0.100000 0.133333
0 0.429688 0.666667 0.100000 0.133333
0 0.300000 0.425000 0.100000 0.133333
0 0.495312 0.089583 0.100000 0.133333
0 0.803125 0.666667 0.100000 0.133333
0 0.332813 0.583333 0.100000 0.133333
0 0.414062 0.412500 0.100000 0.133333
0 0.853125 0.187500 0.100000 0.133333
0 0.506250 0.702083 0.100000 0.133333
0 0.509375 0.812500 0.100000 0.133333
0 0.814063 0.485417 0.100000 0.133333
0 0.346875 0.881250 0.100000 0.133333
0 0.271875 0.637500 0.100000 0.133333
0 0.895312 0.879167 0.100000 0.133333
0 0.807813 0.454167 0.100000 0.133333
0 0.853125 0.087500 0.100000 0.133333
0 0.617188 0.662500 0.100000 0.133333
0 0.231250 0.506250 0.100000 0.133333
0 0.331250 0.518750 0.100000 0.133333
0 0.614062 0.339583 0.100000 0.133333
0 0.120313 0.075000 0.100000 0.133333
0 0.646875 0.087500 0.100000 0.133333
0 0.467187 0.293750 0.100000 0.133333
0 0.667188 0.283333 0.100000 0.133333
0 0.528125 0.572917 0.100000 0.133333
0 0.710938 0.502083 0.100000 0.133333
0 0.864062 0.860417 0.100000 0.133333
0 0.178125 0.712500 0.100000 0.133333
0 0.343750 0.533333 0.100000 0.133333
0 0.590625 0.191667 0.100000 0.133333
0 0.853125 0.750000 0.100000 0.133333
0 0.790625 0.889583 0.100000 0.133333
0 0.659375 0.397917 0.100000 0.133333
0 0.307812 0.766667 0.100000 0.133333
0 0.792188 0.220833 0.100000 0.133333
0 0.565625 0.120833 0.100000 0.133333
0 0.126562 0.220833 0.100000 0.133333
0 0.231250 0.777083 0.100000 0.133333
0 0.707812 0.458333 0.100000 0.133333
0 0.754687 0.795833 0.100000 0.133333
0 0.785937 0.522917 0.100000 0.133333
0 0.260937 0.737500 0.100000 0.133333
0 0.653125 0.147917 0.100000 0.133333
0 0.525000 0.520833 0.100000 0.133333
0 0.389062 0.137500 0.100000 0.133333
0 0.634375 0.870833 0.100000 0.133333
0 0.404687 0.862500 0.100000 0.133333
0 0.875000 0.791667 0.100000 0.133333
0 0.318750 0.381250 0.100000 0.133333
0 0.685937 0.158333 0.100000 0.133333
0 0.629687 0.489583 0.100000 0.133333
0 0.446875 0.870833 0.100000 0.133333
0 0.323437 0.383333 0.100000 0.133333
0 0.292187 0.775000 0.100000 0.133333
0 0.595313 0.564583 0.100000 0.133333
0 0.196875 0.352083 0.100000 0.133333
0 0.439063 0.685417 0.100000 0.133333
0 0.475000 0.181250 0.100000 0.133333
0 0.596875 0.516667 0.100000 0.133333
0 0.157812 0.693750 0.100000 0.133333
0 0.520312 0.435417 0.100000 0.133333
0 0.406250 0.637500 0.100000 0.133333
0 0.151562 0.785417 0.100000 0.133333
0 0.595313 0.408333 0.100000 0.133333
0 0.654687 0.768750 0.100000 0.133333
0 0.745313 0.852083 0.100000 0.133333
0 0.434375 0.339583 0.100000 0.133333
0 0.326562 0.847917 0.100000 0.133333
0 0.240625 0.266667 0.100000 0.133333
0 0.154688 0.110417 0.100000 0.133333
0 0.670312 0.608333 0.100000 0.133333
0 0.367188 0.233333 0.100000 0.133333
0 0.643750 0.383333 0.100000 0.133333
0 0.271875 0.610417 0.100000 0.133333
0 0.829688 0.847917 0.100000 0.133333
0 0.556250 0.714583 0.100000 0.133333
0 0.192188 0.606250 0.100000 0.133333
0 0.353125 0.475000 0.100000 0.133333
0 0.429688 0.341667 0.100000 0.133333
0 0.300000 0.193750 0.100000 0.133333
0 0.281250 0.216667 0.100000 0.133333
0 0.328125 0.175000 0.100000 0.133333
0 0.820312 0.250000 0.100000 0.133333
0 0.189062 0.756250 0.100000 0.133333
0 0.651563 0.289583 0.100000 0.133333
0 0.773438 0.335417 0.100000 0.133333
0 0.700000 0.668750 0.100000 0.133333
0 0.331250 0.527083 0.100000 0.133333
0 0.217188 0.512500 0.100000 0.133333
0 0.479687 0.077083 0.100000 0.133333
0 0.451562 0.587500 0.100000 0.133333
0 0.615625 0.206250 0.100000 0.133333
0 0.301563 0.856250 0.100000 0.133333
0 0.690625 0.770833 0.100000 0.133333
0 0.285938 0.764583 0.100000 0.133333
0 0.882812 0.168750 0.100000 0.133333
0 0.181250 0.235417 0.100000 0.133333
0 0.734375 0.372917 0.100000 0.133333
0 0.712500 0.120833 0.100000 0.133333
0 0.460938 0.737500 0.100000 0.133333
0 0.506250 0.885417 0.100000 0.133333
0 0.440625 0.297917 0.100000 0.133333
0 0.564063 0.777083 0.100000 0.133333
0 0.632812 0.354167 0.100000 0.133333
0 0.826562 0.335417 0.100000 0.133333
0 0.529687 0.452083 0.100000 0.133333
0 0.829688 0.383333 0.100000 0.133333
0 0.751563 0.268750 0.100000 0.133333
0 0.371875 0.616667 0.100000 0.133333
0 0.225000 0.377083 0.100000 0.133333
0 0.821875 0.743750 0.100000 0.133333
0 0.306250 0.550000 0.100000 0.133333
0 0.232813 0.818750 0.100000 0.133333
0 0.406250 0.200000 0.100000 0.133333
0 0.775000 0.120833 0.100000 0.133333
0 0.112500 0.860417 0.100000 0.133333
0 0.675000 0.833333 0.100000 0.133333
0 0.206250 0.379167 0.100000 0.133333
0 0.403125 0.741667 0.100000 0.133333
0 0.468750 0.500000 0.100000 0.133333
0 0.545312 0.364583 0.100000 0.133333
0 0.454688 0.581250 0.100000 0.133333
0 0.331250 0.258333 0.100000 0.133333
0 0.554688 0.752083 0.100000 0.133333
0 0.460938 0.647917 0.100000 0.133333
0 0.737500 0.479167 0.100000 0.133333
0 0.279687 0.079167 0.100000 0.133333
1 0.092188 0.800000 0.100000 0.133333
1 0.337500 0.070833 0.100000 0.133333
1 0.617188 0.345833 0.100000 0.133333
1 0.709375 0.408333 0.100000 0.133333
1 0.071875 0.741667 0.100000 0.133333
