0 0.871875 0.750000 0.100000 0.133333
0 0.287500 0.210417 0.100000 0.133333
0 0.464062 0.189583 0.100000 0.133333
0 0.540625 0.785417 0.100000 0.133333
0 0.837500 0.087500 0.100000 0.133333
0 0.573438 0.397917 0.100000 0.133333
0 0.810937 0.089583 0.100000 0.133333
0 0.690625 0.339583 0.100000 0.133333
0 0.606250 0.654167 0.100000 0.133333
0 0.439063 0.595833 0.100000 0.133333
0 0.448437 0.820833 0.100000 0.133333
0 0.500000 0.391667 0.100000 0.133333
0 0.896875 0.562500 0.100000 0.133333
0 0.646875 0.535417 0.100000 0.133333
0 0.328125 0.610417 0.100000 0.133333
0 0.592187 0.075000 0.100000 0.133333
0 0.879687 0.783333 0.100000 0.133333
0 0.828125 0.072917 0.100000 0.133333
0 0.357812 0.556250 0.100000 0.133333
0 0.759375 0.847917 0.100000 0.133333
0 0.331250 0.550000 0.100000 0.133333
0 0.334375 0.675000 0.100000 0.133333
0 0.131250 0.860417 0.100000 0.133333
0 0.451562 0.147917 0.100000 0.133333
0 0.862500 0.845833 0.100000 0.133333
0 0.595313 0.595833 0.100000 0.133333
0 0.500000 0.504167 0.100000 0.133333
0 0.789062 0.258333 0.100000 0.133333
0 0.315625 0.485417 0.100000 0.133333
0 0.193750 0.512500 0.100000 0.133333
0 0.712500 0.118750 0.100000 0.133333
0 0.112500 0.325000 0.100000 0.133333
0 0.273438 0.189583 0.100000 0.133333
0 0.743750 0.864583 0.100000 0.133333
0 0.545312 0.689583 0.100000 0.133333
0 0.631250 0.818750 0.100000 0.133333
0 0.821875 0.660417 0.100000 0.133333
0 0.620313 0.533333 0.100000 0.133333
0 0.798438 0.647917 0.100000 0.133333
0 0.321875 0.700000 0.100000 0.133333
0 0.204687 0.831250 0.100000 0.133333
0 0.815625 0.687500 0.100000 0.133333
0 0.879687 0.597917 0.100000 0.133333
0 0.889062 0.122917 0.100000 0.133333
0 0.718750 0.381250 0.100000 0.133333
0 0.332813 0.254167 0.100000 0.133333
0 0.364063 0.877083 0.100000 0.133333
0 0.667188 0.104167 0.100000 0.133333
0 0.706250 0.312500 0.100000 0.133333
0 0.832812 0.695833 0.100000 0.133333
0 0.703125 0.456250 0.100000 0.133333
0 0.618750 0.547917 0.100000 0.133333
0 0.453125 0.145833 0.100000 0.133333
0 0.785937 0.400000 0.100000 0.133333
0 0.370312 0.779167 0.100000 0.133333
0 0.735938 0.268750 0.100000 0.133333
0 0.529687 0.368750 0.100000 0.133333
0 0.567187 0.520833 0.100000 0.133333
0 0.432812 0.429167 0.100000 0.133333
0 0.270313 0.314583 0.100000 0.133333
0 0.107813 0.512500 0.100000 0.133333
0 0.343750 0.425000 0.100000 0.133333
0 0.814063 0.572917 0.100000 0.133333
0 0.520312 0.831250 0.100000 0.133333
0 0.114062 0.364583 0.100000 0.133333
0 0.412500 0.525000 0.100000 0.133333
0 0.521875 0.583333 0.100000 0.133333
0 0.228125 0.545833 0.100000 0.133333
0 0.664062 0.235417 0.100000 0.133333
0 0.182812 0.275000 0.100000 0.133333
0 0.390625 0.695833 0.100000 0.133333
0 0.403125 0.541667 0.100000 0.133333
0 0.851562 0.335417 0.100000 0.133333
0 0.132812 0.666667 0.100000 0.133333
0 0.846875 0.483333 0.100000 0.133333
0 0.553125 0.856250 0.100000 0.133333
0 0.746875 0.466667 0.100000 0.133333
0 0.604688 0.502083 0.100000 0.133333
0 0.678125 0.202083 0.100000 0.133333
0 0.714063 0.412500 0.100000 0.133333
0 0.112500 0.104167 0.100000 0.133333
0 0.582812 0.212500 0.100000 0.133333
0 0.675000 0.733333 0.100000 0.133333
0 0.340625 0.195833 0.100000 0.133333
0 0.301563 0.677083 0.100000 0.133333
0 0.409375 0.793750 0.100000 0.133333
0 0.576562 0.279167 0.100000 0.133333
0 0.164062 0.502083 0.100000 0.133333
0 0.278125 0.275000 0.100000 0.133333
0 0.432812 0.233333 0.100000 0.133333
0 0.196875 0.837500 0.100000 0.133333
0 0.345313 0.606250 0.100000 0.133333
0 0.295312 0.314583 0.100000 0.133333
0 0.482812 0.583333 0.100000 0.133333
0 0.754687 0.166667 0.100000 0.133333
0 0.187500 0.289583 0.100000 0.133333
0 0.782813 0.604167 0.100000 0.133333
0 0.425000 0.277083 0.100000 0.133333
0 0.329688 0.889583 0.100000 0.133333
0 0.500000 0.350000 0.100000 0.133333
0 0.745313 0.158333 0.100000 0.133333
0 0.251563 0.331250 0.100000 0.133333
0 0.657813 0.254167 0.100000 0.133333
0 0.582812 0.468750 0.100000 0.133333
0 0.562500 0.452083 0.100000 0.133333
0 0.512500 0.589583 0.100000 0.133333
0 0.257812 0.410417 0.100000 0.133333
0 0.785937 0.222917 0.100000 0.133333
0 0.595313 0.460417 0.100000 0.133333
0 0.614062 0.222917 0.100000 0.133333
0 0.850000 0.870833 0.100000 0.133333
0 0.156250 0.239583 0.100000 0.133333
0 0.485938 0.537500 0.100000 0.133333
0 0.545312 0.127083 0.100000 0.133333
0 0.296875 0.795833 0.100000 0.133333
0 0.257812 0.762500 0.100000 0.133333
0 0.237500 0.602083 0.100000 0.133333
0 0.815625 0.366667 0.100000 0.133333
0 0.496875 0.408333 0.100000 0.133333
0 0.462500 0.152083 0.100000 0.133333
0 0.203125 0.731250 0.100000 0.133333
0 0.459375 0.220833 0.100000 0.133333
0 0.434375 0.745833 0.100000 0.133333
0 0.190625 0.306250 0.100000 0.133333
0 0.693750 0.714583 0.100000 0.133333
0 0.756250 0.077083 0.100000 0.133333
0 0.528125 0.645833 0.100000 0.133333
0 0.879687 0.583333 0.100000 0.133333
0 0.217188 0.479167 0.100000 0.133333
0 0.501563 0.391667 0.100000 0.133333
0 0.198437 0.108333 0.100000 0.133333
0 0.254688 0.881250 0.100000 0.133333
0 0.296875 0.127083 0.100000 0.133333
0 0.492188 0.483333 0.100000 0.133333
0 0.707812 0.768750 0.100000 0.133333
0 0.182812 0.106250 0.100000 0.133333
0 0.723437 0.606250 0.100000 0.133333
0 0.371875 0.777083 0.100000 0.133333
0 0.476562 0.662500 0.100000 0.133333
0 0.364063 0.514583 0.100000 0.133333
0 0.737500 0.347917 0.100000 0.133333
0 0.750000 0.141667 0.100000 0.133333
0 0.476562 0.268750 0.100000 0.133333
0 0.467187 0.870833 0.100000 0.133333
0 0.403125 0.752083 0.100000 0.133333
0 0.685937 0.808333 0.100000 0.133333
0 0.248438 0.089583 0.100000 0.133333
0 0.523438 0.293750 0.100000 0.133333
0 0.362500 0.081250 0.100000 0.133333
0 0.125000 0.200000 0.100000 0.133333
1 0.531250 0.883333 0.100000 0.133333
1 0.276562 0.547917 0.100000 0.133333
1 0.201563 0.479167 0.100000 0.133333
1 0.289062 0.858333 0.100000 0.133333
1 0.893750 0.393750 0.100000 0.133333
