0 0.814063 0.597917 0.100000 0.133333
0 0.335938 0.864583 0.100000 0.133333
0 0.662500 0.329167 0.100000 0.133333
0 0.107813 0.381250 0.100000 0.133333
0 0.785937 0.483333 0.100000 0.133333
0 0.350000 0.695833 0.100000 0.133333
0 0.862500 0.825000 0.100000 0.133333
0 0.373437 0.629167 0.100000 0.133333
0 0.890625 0.481250 0.100000 0.133333
0 0.862500 0.625000 0.100000 0.133333
0 0.114062 0.360417 0.100000 0.133333
0 0.482812 0.504167 0.100000 0.133333
0 0.407813 0.620833 0.100000 0.133333
0 0.732812 0.216667 0.100000 0.133333
0 0.845313 0.252083 0.100000 0.133333
0 0.885938 0.252083 0.100000 0.133333
0 0.235937 0.652083 0.100000 0.133333
0 0.351562 0.358333 0.100000 0.133333
0 0.128125 0.845833 0.100000 0.133333
0 0.407813 0.370833 0.100000 0.133333
0 0.900000 0.352083 0.100000 0.133333
0 0.437500 0.835417 0.100000 0.133333
0 0.279687 0.814583 0.100000 0.133333
0 0.475000 0.104167 0.100000 0.133333
0 0.543750 0.554167 0.100000 0.133333
0 0.278125 0.641667 0.100000 0.133333
0 0.781250 0.291667 0.100000 0.133333
0 0.562500 0.650000 0.100000 0.133333
0 0.703125 0.650000 0.100000 0.133333
0 0.170313 0.639583 0.100000 0.133333
0 0.698438 0.322917 0.100000 0.133333
0 0.400000 0.537500 0.100000 0.133333
0 0.456250 0.679167 0.100000 0.133333
0 0.221875 0.393750 0.100000 0.133333
0 0.378125 0.443750 0.100000 0.133333
0 0.812500 0.795833 0.100000 0.133333
0 0.625000 0.875000 0.100000 0.133333
0 0.750000 0.602083 0.100000 0.133333
0 0.846875 0.756250 0.100000 0.133333
0 0.456250 0.535417 0.100000 0.133333
0 0.881250 0.381250 0.100000 0.133333
0 0.554688 0.870833 0.100000 0.133333
0 0.879687 0.614583 0.100000 0.133333
0 0.120313 0.622917 0.100000 0.133333
0 0.679688 0.327083 0.100000 0.133333
0 0.704688 0.397917 0.100000 0.133333
0 0.548438 0.325000 0.100000 0.133333
0 0.460938 0.552083 0.100000 0.133333
0 0.896875 0.141667 0.100000 0.133333
0 0.200000 0.881250 0.100000 0.133333
0 0.123438 0.606250 0.100000 0.133333
0 0.400000 0.537500 0.100000 0.133333
0 0.800000 0.610417 0.100000 0.133333
0 0.604688 0.110417 0.100000 0.133333
0 0.778125 0.831250 0.100000 0.133333
0 0.381250 0.764583 0.100000 0.133333
0 0.253125 0.070833 0.100000 0.133333
0 0.328125 0.575000 0.100000 0.133333
0 0.512500 0.570833 0.100000 0.133333
0 0.593750 0.433333 0.100000 0.133333
0 0.498437 0.589583 0.100000 0.133333
0 0.220312 0.125000 0.100000 0.133333
0 0.887500 0.122917 0.100000 0.133333
0 0.328125 0.345833 0.100000 0.133333
0 0.292187 0.650000 0.100000 0.133333
0 0.704688 0.181250 0.100000 0.133333
0 0.554688 0.512500 0.100000 0.133333
0 0.326562 0.725000 0.100000 0.133333
0 0.676562 0.208333 0.100000 0.133333
0 0.459375 0.237500 0.100000 0.133333
0 0.803125 0.695833 0.100000 0.133333
0 0.470313 0.383333 0.100000 0.133333
0 0.212500 0.495833 0.100000 0.133333
0 0.689063 0.456250 0.100000 0.133333
0 0.475000 0.218750 0.100000 0.133333
0 0.101562 0.470833 0.100000 0.133333
0 0.470313 0.302083 0.100000 0.133333
0 0.700000 0.477083 0.100000 0.133333
0 0.835938 0.752083 0.100000 0.133333
0 0.665625 0.531250 0.100000 0.133333
0 0.631250 0.545833 0.100000 0.133333
0 0.609375 0.639583 0.100000 0.133333
0 0.481250 0.579167 0.100000 0.133333
0 0.729688 0.885417 0.100000 0.133333
0 0.487500 0.516667 0.100000 0.133333
0 0.165625 0.814583 0.100000 0.133333
0 0.618750 0.766667 0.100000 0.133333
0 0.831250 0.070833 0.100000 0.133333
0 0.118750 0.235417 0.100000 0.133333
0 0.226562 0.493750 0.100000 0.133333
0 0.315625 0.891667 0.100000 0.133333
0 0.681250 0.168750 0.100000 0.133333
0 0.587500 0.447917 0.100000 0.133333
0 0.440625 0.756250 0.100000 0.133333
0 0.264062 0.747917 0.100000 0.133333
0 0.367188 0.550000 0.100000 0.133333
0 0.139063 0.670833 0.100000 0.133333
0 0.757812 0.729167 0.100000 0.133333
0 0.875000 0.479167 0.100000 0.133333
0 0.403125 0.572917 0.100000 0.133333
0 0.242188 0.572917 0.100000 0.133333
0 0.573438 0.814583 0.100000 0.133333
0 0.225000 0.385417 0.100000 0.133333
0 0.779687 0.864583 0.100000 0.133333
0 0.375000 0.335417 0.100000 0.133333
0 0.400000 0.437500 0.100000 0.133333
0 0.575000 0.397917 0.100000 0.133333
0 0.732812 0.820833 0.100000 0.133333
0 0.551562 0.697917 0.100000 0.133333
0 0.442188 0.447917 0.100000 0.133333
0 0.584375 0.114583 0.100000 0.133333
0 0.765625 0.806250 0.100000 0.133333
0 0.279687 0.452083 0.100000 0.133333
0 0.437500 0.372917 0.100000 0.133333
0 0.357812 0.647917 0.100000 0.133333
0 0.696875 0.652083 0.100000 0.133333
0 0.710938 0.595833 0.100000 0.133333
0 0.470313 0.189583 0.100000 0.133333
0 0.145313 0.479167 0.100000 0.133333
0 0.359375 0.593750 0.100000 0.133333
0 0.439063 0.495833 0.100000 0.133333
0 0.487500 0.456250 0.100000 0.133333
0 0.214062 0.843750 0.100000 0.133333
0 0.289062 0.731250 0.100000 0.133333
0 0.407813 0.170833 0.100000 0.133333
0 0.807813 0.831250 0.100000 0.133333
0 0.153125 0.287500 0.100000 0.133333
0 0.501563 0.487500 0.100000 0.133333
0 0.415625 0.712500 0.100000 0.133333
0 0.112500 0.641667 0.100000 0.133333
0 0.101562 0.704167 0.100000 0.133333
0 0.745313 0.502083 0.100000 0.133333
0 0.292187 0.158333 0.100000 0.133333
0 0.354687 0.502083 0.100000 0.133333
0 0.139063 0.275000 0.100000 0.133333
0 0.407813 0.254167 0.100000 0.133333
0 0.553125 0.708333 0.100000 0.133333
0 0.678125 0.766667 0.100000 0.133333
0 0.371875 0.445833 0.100000 0.133333
0 0.693750 0.343750 0.100000 0.133333
0 0.260937 0.214583 0.100000 0.133333
0 0.346875 0.258333 0.100000 0.133333
0 0.659375 0.550000 0.100000 0.133333
0 0.109375 0.172917 0.100000 0.133333
0 0.610938 0.877083 0.100000 0.133333
0 0.192188 0.760417 0.100000 0.133333
0 0.770312 0.741667 0.100000 0.133333
0 0.335938 0.354167 0.100000 0.133333
0 0.753125 0.729167 0.100000 0.133333
0 0.735938 0.187500 0.100000 0.133333
1 0.298438 0.077083 0.100000 0.133333
1 0.295312 0.287500 0.100000 0.133333
1 0.604688 0.785417 0.100000 0.133333
1 0.696875 0.589583 0.100000 0.133333
1 0.937500 0.662500 0.100000 0.133333
