0 0.757812 0.104167 0.100000 0.133333
0 0.234375 0.679167 0.100000 0.133333
0 0.629687 0.352083 0.100000 0.133333
0 0.373437 0.250000 0.100000 0.133333
0 0.465625 0.758333 0.100000 0.133333
0 0.514062 0.585417 0.100000 0.133333
0 0.789062 0.197917 0.100000 0.133333
0 0.354687 0.672917 0.100000 0.133333
0 0.845313 0.300000 0.100000 0.133333
0 0.537500 0.087500 0.100000 0.133333
0 0.603125 0.883333 0.100000 0.133333
0 0.843750 0.533333 0.100000 0.133333
0 0.154688 0.391667 0.100000 0.133333
0 0.110937 0.291667 0.100000 0.133333
0 0.706250 0.614583 0.100000 0.133333
0 0.840625 0.093750 0.100000 0.133333
0 0.646875 0.102083 0.100000 0.133333
0 0.389062 0.737500 0.100000 0.133333
0 0.676562 0.556250 0.100000 0.133333
0 0.850000 0.620833 0.100000 0.133333
0 0.642188 0.154167 0.100000 0.133333
0 0.584375 0.183333 0.100000 0.133333
0 0.703125 0.889583 0.100000 0.133333
0 0.534375 0.679167 0.100000 0.133333
0 0.676562 0.106250 0.100000 0.133333
0 0.401562 0.779167 0.100000 0.133333
0 0.843750 0.579167 0.100000 0.133333
0 0.107813 0.570833 0.100000 0.133333
0 0.525000 0.306250 0.100000 0.133333
0 0.370312 0.439583 0.100000 0.133333
0 0.326562 0.868750 0.100000 0.133333
0 0.125000 0.258333 0.100000 0.133333
0 0.890625 0.737500 0.100000 0.133333
0 0.689063 0.291667 0.100000 0.133333
0 0.853125 0.545833 0.100000 0.133333
0 0.248438 0.812500 0.100000 0.133333
0 0.848437 0.652083 0.100000 0.133333
0 0.334375 0.777083 0.100000 0.133333
0 0.151562 0.435417 0.100000 0.133333
0 0.704688 0.700000 0.100000 0.133333
0 0.173437 0.543750 0.100000 0.133333
0 0.454688 0.177083 0.100000 0.133333
0 0.251563 0.868750 0.100000 0.133333
0 0.248438 0.241667 0.100000 0.133333
0 0.254688 0.358333 0.100000 0.133333
0 0.168750 0.195833 0.100000 0.133333
0 0.601562 0.845833 0.100000 0.133333
0 0.182812 0.422917 0.100000 0.133333
0 0.459375 0.339583 0.100000 0.133333
0 0.271875 0.245833 0.100000 0.133333
0 0.817187 0.700000 0.100000 0.133333
0 0.600000 0.572917 0.100000 0.133333
0 0.664062 0.629167 0.100000 0.133333
0 0.131250 0.366667 0.100000 0.133333
0 0.637500 0.879167 0.100000 0.133333
0 0.262500 0.397917 0.100000 0.133333
0 0.825000 0.204167 0.100000 0.133333
0 0.746875 0.197917 0.100000 0.133333
0 0.731250 0.291667 0.100000 0.133333
0 0.807813 0.104167 0.100000 0.133333
0 0.578125 0.366667 0.100000 0.133333
0 0.185938 0.070833 0.100000 0.133333
0 0.810937 0.625000 0.100000 0.133333
0 0.778125 0.604167 0.100000 0.133333
0 0.801562 0.314583 0.100000 0.133333
0 0.321875 0.616667 0.100000 0.133333
0 0.334375 0.689583 0.100000 0.133333
0 0.846875 0.375000 0.100000 0.133333
0 0.503125 0.400000 0.100000 0.133333
0 0.550000 0.181250 0.100000 0.133333
0 0.671875 0.439583 0.100000 0.133333
0 0.765625 0.447917 0.100000 0.133333
0 0.784375 0.377083 0.100000 0.133333
0 0.643750 0.085417 0.100000 0.133333
0 0.867188 0.208333 0.100000 0.133333
0 0.600000 0.300000 0.100000 0.133333
0 0.603125 0.691667 0.100000 0.133333
0 0.784375 0.491667 0.100000 0.133333
0 0.390625 0.889583 0.100000 0.133333
0 0.498437 0.502083 0.100000 0.133333
0 0.282813 0.779167 0.100000 0.133333
0 0.504687 0.585417 0.100000 0.133333
0 0.514062 0.722917 0.100000 0.133333
0 0.220312 0.285417 0.100000 0.133333
0 0.221875 0.395833 0.100000 0.133333
0 0.678125 0.258333 0.100000 0.133333
0 0.542188 0.341667 0.100000 0.133333
0 0.662500 0.347917 0.100000 0.133333
0 0.885938 0.097917 0.100000 0.133333
0 0.832812 0.070833 0.100000 0.133333
0 0.551562 0.454167 0.100000 0.133333
0 0.379688 0.210417 0.100000 0.133333
0 0.295312 0.833333 0.100000 0.133333
0 0.298438 0.193750 0.100000 0.133333
0 0.521875 0.316667 0.100000 0.133333
0 0.821875 0.202083 0.100000 0.133333
0 0.635938 0.497917 0.100000 0.133333
0 0.362500 0.264583 0.100000 0.133333
0 0.421875 0.839583 0.100000 0.133333
0 0.870313 0.495833 0.100000 0.133333
0 0.553125 0.266667 0.100000 0.133333
0 0.446875 0.716667 0.100000 0.133333
0 0.893750 0.508333 0.100000 0.133333
0 0.707812 0.731250 0.100000 0.133333
0 0.128125 0.477083 0.100000 0.133333
0 0.606250 0.839583 0.100000 0.133333
0 0.839063 0.810417 0.100000 0.133333
0 0.104688 0.097917 0.100000 0.133333
0 0.362500 0.162500 0.100000 0.133333
0 0.301563 0.366667 0.100000 0.133333
0 0.228125 0.095833 0.100000 0.133333
0 0.896875 0.450000 0.100000 0.133333
0 0.451562 0.414583 0.100000 0.133333
0 0.128125 0.752083 0.100000 0.133333
0 0.614062 0.145833 0.100000 0.133333
0 0.629687 0.539583 0.100000 0.133333
0 0.196875 0.445833 0.100000 0.133333
0 0.548438 0.181250 0.100000 0.133333
0 0.187500 0.487500 0.100000 0.133333
0 0.451562 0.264583 0.100000 0.133333
0 0.392188 0.745833 0.100000 0.133333
0 0.157812 0.429167 0.100000 0.133333
0 0.895312 0.139583 0.100000 0.133333
0 0.242188 0.543750 0.100000 0.133333
0 0.790625 0.162500 0.100000 0.133333
0 0.381250 0.452083 0.100000 0.133333
0 0.573438 0.333333 0.100000 0.133333
0 0.734375 0.570833 0.100000 0.133333
0 0.895312 0.272917 0.100000 0.133333
0 0.550000 0.687500 0.100000 0.133333
0 0.607812 0.408333 0.100000 0.133333
0 0.342187 0.547917 0.100000 0.133333
0 0.346875 0.533333 0.100000 0.133333
0 0.226562 0.787500 0.100000 0.133333
0 0.557813 0.587500 0.100000 0.133333
0 0.635938 0.143750 0.100000 0.133333
0 0.345313 0.170833 0.100000 0.133333
0 0.476562 0.450000 0.100000 0.133333
0 0.559375 0.643750 0.100000 0.133333
0 0.725000 0.527083 0.100000 0.133333
0 0.396875 0.502083 0.100000 0.133333
0 0.468750 0.868750 0.100000 0.133333
0 0.818750 0.308333 0.100000 0.133333
0 0.642188 0.662500 0.100000 0.133333
0 0.287500 0.306250 0.100000 0.133333
0 0.728125 0.214583 0.100000 0.133333
0 0.823438 0.775000 0.100000 0.133333
0 0.385937 0.318750 0.100000 0.133333
0 0.898438 0.441667 0.100000 0.133333
0 0.868750 0.289583 0.100000 0.133333
1 0.179688 0.231250 0.100000 0.133333
1 0.489063 0.087500 0.100000 0.133333
1 0.800000 0.722917 0.100000 0.133333
1 0.143750 0.525000 0.100000 0.133333
1 0.835938 0.231250 0.100000 0.133333
