0 0.795312 0.129167 0.100000 0.133333
0 0.142187 0.356250 0.100000 0.133333
0 0.770312 0.306250 0.100000 0.133333
0 0.885938 0.525000 0.100000 0.133333
0 0.703125 0.810417 0.100000 0.133333
0 0.396875 0.231250 0.100000 0.133333
0 0.307812 0.231250 0.100000 0.133333
0 0.871875 0.406250 0.100000 0.133333
0 0.443750 0.393750 0.100000 0.133333
0 0.178125 0.083333 0.100000 0.133333
0 0.496875 0.841667 0.100000 0.133333
0 0.662500 0.541667 0.100000 0.133333
0 0.609375 0.383333 0.100000 0.133333
0 0.707812 0.125000 0.100000 0.133333
0 0.198437 0.193750 0.100000 0.133333
0 0.882812 0.472917 0.100000 0.133333
0 0.620313 0.606250 0.100000 0.133333
0 0.332813 0.356250 0.100000 0.133333
0 0.428125 0.370833 0.100000 0.133333
0 0.350000 0.866667 0.100000 0.133333
0 0.553125 0.547917 0.100000 0.133333
0 0.745313 0.866667 0.100000 0.133333
0 0.656250 0.579167 0.100000 0.133333
0 0.114062 0.808333 0.100000 0.133333
0 0.687500 0.743750 0.100000 0.133333
0 0.275000 0.747917 0.100000 0.133333
0 0.537500 0.570833 0.100000 0.133333
0 0.176563 0.639583 0.100000 0.133333
0 0.456250 0.862500 0.100000 0.133333
0 0.279687 0.808333 0.100000 0.133333
0 0.467187 0.272917 0.100000 0.133333
0 0.237500 0.341667 0.100000 0.133333
0 0.692187 0.783333 0.100000 0.133333
0 0.246875 0.308333 0.100000 0.133333
0 0.396875 0.083333 0.100000 0.133333
0 0.198437 0.166667 0.100000 0.133333
0 0.793750 0.129167 0.100000 0.133333
0 0.225000 0.627083 0.100000 0.133333
0 0.828125 0.868750 0.100000 0.133333
0 0.465625 0.085417 0.100000 0.133333
0 0.543750 0.087500 0.100000 0.133333
0 0.412500 0.385417 0.100000 0.133333
0 0.773438 0.431250 0.100000 0.133333
0 0.753125 0.366667 0.100000 0.133333
0 0.898438 0.735417 0.100000 0.133333
0 0.143750 0.350000 0.100000 0.133333
0 0.800000 0.541667 0.100000 0.133333
0 0.450000 0.112500 0.100000 0.133333
0 0.143750 0.087500 0.100000 0.133333
0 0.659375 0.179167 0.100000 0.133333
0 0.318750 0.764583 0.100000 0.133333
0 0.748437 0.768750 0.100000 0.133333
0 0.137500 0.425000 0.100000 0.133333
0 0.364063 0.625000 0.100000 0.133333
0 0.723437 0.793750 0.100000 0.133333
0 0.898438 0.879167 0.100000 0.133333
0 0.104688 0.154167 0.100000 0.133333
0 0.620313 0.806250 0.100000 0.133333
0 0.753125 0.827083 0.100000 0.133333
0 0.593750 0.358333 0.100000 0.133333
0 0.446875 0.316667 0.100000 0.133333
0 0.621875 0.337500 0.100000 0.133333
0 0.564063 0.683333 0.100000 0.133333
0 0.703125 0.445833 0.100000 0.133333
0 0.490625 0.306250 0.100000 0.133333
0 0.837500 0.722917 0.100000 0.133333
0 0.542188 0.433333 0.100000 0.133333
0 0.423438 0.604167 0.100000 0.133333
0 0.137500 0.258333 0.100000 0.133333
0 0.593750 0.510417 0.100000 0.133333
0 0.628125 0.637500 0.100000 0.133333
0 0.650000 0.135417 0.100000 0.133333
0 0.726562 0.689583 0.100000 0.133333
0 0.359375 0.429167 0.100000 0.133333
0 0.793750 0.529167 0.100000 0.133333
0 0.646875 0.235417 0.100000 0.133333
0 0.165625 0.158333 0.100000 0.133333
0 0.585938 0.460417 0.100000 0.133333
0 0.398438 0.193750 0.100000 0.133333
0 0.353125 0.210417 0.100000 0.133333
0 0.568750 0.541667 0.100000 0.133333
0 0.446875 0.366667 0.100000 0.133333
0 0.342187 0.385417 0.100000 0.133333
0 0.239063 0.645833 0.100000 0.133333
0 0.782813 0.564583 0.100000 0.133333
0 0.637500 0.391667 0.100000 0.133333
0 0.682813 0.537500 0.100000 0.133333
0 0.556250 0.072917 0.100000 0.133333
0 0.521875 0.597917 0.100000 0.133333
0 0.543750 0.829167 0.100000 0.133333
0 0.501563 0.314583 0.100000 0.133333
0 0.682813 0.189583 0.100000 0.133333
0 0.245312 0.404167 0.100000 0.133333
0 0.456250 0.447917 0.100000 0.133333
0 0.596875 0.120833 0.100000 0.133333
0 0.104688 0.183333 0.100000 0.133333
0 0.648438 0.127083 0.100000 0.133333
0 0.378125 0.243750 0.100000 0.133333
0 0.248438 0.618750 0.100000 0.133333
0 0.814063 0.314583 0.100000 0.133333
0 0.342187 0.325000 0.100000 0.133333
0 0.546875 0.214583 0.100000 0.133333
0 0.884375 0.745833 0.100000 0.133333
0 0.228125 0.672917 0.100000 0.133333
0 0.556250 0.447917 0.100000 0.133333
0 0.246875 0.181250 0.100000 0.133333
0 0.328125 0.600000 0.100000 0.133333
0 0.503125 0.266667 0.100000 0.133333
0 0.720313 0.858333 0.100000 0.133333
0 0.440625 0.843750 0.100000 0.133333
0 0.250000 0.435417 0.100000 0.133333
0 0.662500 0.666667 0.100000 0.133333
0 0.589063 0.416667 0.100000 0.133333
0 0.523438 0.754167 0.100000 0.133333
0 0.821875 0.077083 0.100000 0.133333
0 0.334375 0.610417 0.100000 0.133333
0 0.845313 0.250000 0.100000 0.133333
0 0.384375 0.481250 0.100000 0.133333
0 0.268750 0.200000 0.100000 0.133333
0 0.404687 0.170833 0.100000 0.133333
0 0.825000 0.568750 0.100000 0.133333
0 0.240625 0.766667 0.100000 0.133333
0 0.773438 0.527083 0.100000 0.133333
0 0.142187 0.685417 0.100000 0.133333
0 0.154688 0.679167 0.100000 0.133333
0 0.382812 0.337500 0.100000 0.133333
0 0.645312 0.152083 0.100000 0.133333
0 0.459375 0.220833 0.100000 0.133333
0 0.557813 0.758333 0.100000 0.133333
0 0.278125 0.085417 0.100000 0.133333
0 0.706250 0.277083 0.100000 0.133333
0 0.162500 0.543750 0.100000 0.133333
0 0.626563 0.318750 0.100000 0.133333
0 0.715625 0.333333 0.100000 0.133333
0 0.626563 0.837500 0.100000 0.133333
0 0.646875 0.654167 0.100000 0.133333
0 0.554688 0.416667 0.100000 0.133333
0 0.696875 0.216667 0.100000 0.133333
0 0.479687 0.552083 0.100000 0.133333
0 0.868750 0.229167 0.100000 0.133333
0 0.160938 0.281250 0.100000 0.133333
0 0.578125 0.464583 0.100000 0.133333
0 0.121875 0.179167 0.100000 0.133333
0 0.551562 0.185417 0.100000 0.133333
0 0.350000 0.866667 0.100000 0.133333
0 0.398438 0.281250 0.100000 0.133333
0 0.209375 0.872917 0.100000 0.133333
0 0.454688 0.862500 0.100000 0.133333
0 0.468750 0.397917 0.100000 0.133333
0 0.234375 0.735417 0.100000 0.133333
1 0.128125 0.543750 0.100000 0.133333
1 0.393750 0.839583 0.100000 0.133333
1 0.187500 0.916667 0.100000 0.133333
1 0.920312 0.595833 0.100000 0.133333
1 0.185938 0.120833 0.100000 0.133333
