0 0.567187 0.820833 0.100000 0.133333
0 0.296875 0.202083 0.100000 0.133333
0 0.562500 0.666667 0.100000 0.133333
0 0.192188 0.387500 0.100000 0.133333
0 0.242188 0.614583 0.100000 0.133333
0 0.851562 0.306250 0.100000 0.133333
0 0.300000 0.687500 0.100000 0.133333
0 0.787500 0.089583 0.100000 0.133333
0 0.540625 0.327083 0.100000 0.133333
0 0.321875 0.725000 0.100000 0.133333
0 0.546875 0.375000 0.100000 0.133333
0 0.337500 0.277083 0.100000 0.133333
0 0.814063 0.829167 0.100000 0.133333
0 0.720313 0.502083 0.100000 0.133333
0 0.365625 0.343750 0.100000 0.133333
0 0.864062 0.591667 0.100000 0.133333
0 0.234375 0.470833 0.100000 0.133333
0 0.846875 0.802083 0.100000 0.133333
0 0.118750 0.487500 0.100000 0.133333
0 0.834375 0.781250 0.100000 0.133333
0 0.553125 0.102083 0.100000 0.133333
0 0.673438 0.691667 0.100000 0.133333
0 0.279687 0.854167 0.100000 0.133333
0 0.667188 0.339583 0.100000 0.133333
0 0.442188 0.770833 0.100000 0.133333
0 0.218750 0.593750 0.100000 0.133333
0 0.778125 0.479167 0.100000 0.133333
0 0.665625 0.231250 0.100000 0.133333
0 0.885938 0.727083 0.100000 0.133333
0 0.132812 0.281250 0.100000 0.133333
0 0.576562 0.735417 0.100000 0.133333
0 0.275000 0.287500 0.100000 0.133333
0 0.406250 0.733333 0.100000 0.133333
0 0.125000 0.612500 0.100000 0.133333
0 0.834375 0.608333 0.100000 0.133333
0 0.701562 0.293750 0.100000 0.133333
0 0.201563 0.725000 0.100000 0.133333
0 0.642188 0.847917 0.100000 0.133333
0 0.506250 0.547917 0.100000 0.133333
0 0.342187 0.579167 0.100000 0.133333
0 0.250000 0.210417 0.100000 0.133333
0 0.126562 0.462500 0.100000 0.133333
0 0.781250 0.260417 0.100000 0.133333
0 0.292187 0.472917 0.100000 0.133333
0 0.235937 0.687500 0.100000 0.133333
0 0.718750 0.243750 0.100000 0.133333
0 0.271875 0.445833 0.100000 0.133333
0 0.814063 0.875000 0.100000 0.133333
0 0.412500 0.804167 0.100000 0.133333
0 0.614062 0.718750 0.100000 0.133333
0 0.215625 0.864583 0.100000 0.133333
0 0.892188 0.595833 0.100000 0.133333
0 0.542188 0.166667 0.100000 0.133333
0 0.714063 0.335417 0.100000 0.133333
0 0.681250 0.393750 0.100000 0.133333
0 0.278125 0.822917 0.100000 0.133333
0 0.443750 0.814583 0.100000 0.133333
0 0.484375 0.141667 0.100000 0.133333
0 0.837500 0.308333 0.100000 0.133333
0 0.465625 0.339583 0.100000 0.133333
0 0.720313 0.233333 0.100000 0.133333
0 0.398438 0.641667 0.100000 0.133333
0 0.196875 0.193750 0.100000 0.133333
0 0.482812 0.679167 0.100000 0.133333
0 0.831250 0.543750 0.100000 0.133333
0 0.553125 0.454167 0.100000 0.133333
0 0.293750 0.325000 0.100000 0.133333
0 0.584375 0.470833 0.100000 0.133333
0 0.817187 0.833333 0.100000 0.133333
0 0.554688 0.675000 0.100000 0.133333
0 0.900000 0.158333 0.100000 0.133333
0 0.339062 0.625000 0.100000 0.133333
0 0.734375 0.195833 0.100000 0.133333
0 0.612500 0.735417 0.100000 0.133333
0 0.825000 0.664583 0.100000 0.133333
0 0.212500 0.633333 0.100000 0.133333
0 0.410938 0.477083 0.100000 0.133333
0 0.432812 0.656250 0.100000 0.133333
0 0.154688 0.197917 0.100000 0.133333
0 0.868750 0.408333 0.100000 0.133333
0 0.251563 0.737500 0.100000 0.133333
0 0.679688 0.556250 0.100000 0.133333
0 0.278125 0.462500 0.100000 0.133333
0 0.181250 0.685417 0.100000 0.133333
0 0.596875 0.197917 0.100000 0.133333
0 0.770312 0.843750 0.100000 0.133333
0 0.215625 0.806250 0.100000 0.133333
0 0.134375 0.875000 0.100000 0.133333
0 0.854688 0.275000 0.100000 0.133333
0 0.381250 0.135417 0.100000 0.133333
0 0.768750 0.160417 0.100000 0.133333
0 0.468750 0.777083 0.100000 0.133333
0 0.693750 0.839583 0.100000 0.133333
0 0.826562 0.083333 0.100000 0.133333
0 0.142187 0.089583 0.100000 0.133333
0 0.323437 0.418750 0.100000 0.133333
0 0.653125 0.772917 0.100000 0.133333
0 0.792188 0.808333 0.100000 0.133333
0 0.267188 0.168750 0.100000 0.133333
0 0.231250 0.239583 0.100000 0.133333
0 0.492188 0.266667 0.100000 0.133333
0 0.559375 0.706250 0.100000 0.133333
0 0.167187 0.285417 0.100000 0.133333
0 0.696875 0.541667 0.100000 0.133333
0 0.521875 0.641667 0.100000 0.133333
0 0.584375 0.583333 0.100000 0.133333
0 0.664062 0.827083 0.100000 0.133333
0 0.193750 0.185417 0.100000 0.133333
0 0.742188 0.839583 0.100000 0.133333
0 0.667188 0.687500 0.100000 0.133333
0 0.275000 0.085417 0.100000 0.133333
0 0.215625 0.345833 0.100000 0.133333
0 0.879687 0.735417 0.100000 0.133333
0 0.879687 0.458333 0.100000 0.133333
0 0.343750 0.170833 0.100000 0.133333
0 0.723437 0.291667 0.100000 0.133333
0 0.276562 0.754167 0.100000 0.133333
0 0.878125 0.452083 0.100000 0.133333
0 0.389062 0.443750 0.100000 0.133333
0 0.682813 0.195833 0.100000 0.133333
0 0.317188 0.108333 0.100000 0.133333
0 0.420312 0.352083 0.100000 0.133333
0 0.571875 0.510417 0.100000 0.133333
0 0.289062 0.862500 0.100000 0.133333
0 0.706250 0.077083 0.100000 0.133333
0 0.301563 0.327083 0.100000 0.133333
0 0.664062 0.758333 0.100000 0.133333
0 0.532813 0.131250 0.100000 0.133333
0 0.564063 0.254167 0.100000 0.133333
0 0.768750 0.262500 0.100000 0.133333
0 0.228125 0.308333 0.100000 0.133333
0 0.387500 0.814583 0.100000 0.133333
0 0.803125 0.235417 0.100000 0.133333
0 0.251563 0.785417 0.100000 0.133333
0 0.409375 0.393750 0.100000 0.133333
0 0.418750 0.637500 0.100000 0.133333
0 0.176563 0.639583 0.100000 0.133333
0 0.881250 0.283333 0.100000 0.133333
0 0.200000 0.539583 0.100000 0.133333
0 0.712500 0.529167 0.100000 0.133333
0 0.784375 0.697917 0.100000 0.133333
0 0.734375 0.839583 0.100000 0.133333
0 0.606250 0.166667 0.100000 0.133333
0 0.632812 0.772917 0.100000 0.133333
0 0.110937 0.872917 0.100000 0.133333
0 0.276562 0.466667 0.100000 0.133333
0 0.573438 0.175000 0.100000 0.133333
0 0.309375 0.143750 0.100000 0.133333
0 0.534375 0.635417 0.100000 0.133333
0 0.334375 0.466667 0.100000 0.133333
1 0.832812 0.162500 0.100000 0.133333
1 0.348438 0.214583 0.100000 0.133333
1 0.110937 0.220833 0.100000 0.133333
1 0.478125 0.691667 0.100000 0.133333
1 0.804688 0.918750 0.100000 0.133333
