0 0.595313 0.812500 0.100000 0.133333
0 0.507812 0.375000 0.100000 0.133333
0 0.417187 0.750000 0.100000 0.133333
0 0.573438 0.470833 0.100000 0.133333
0 0.676562 0.777083 0.100000 0.133333
0 0.848437 0.831250 0.100000 0.133333
0 0.148438 0.631250 0.100000 0.133333
0 0.178125 0.670833 0.100000 0.133333
0 0.853125 0.591667 0.100000 0.133333
0 0.770312 0.254167 0.100000 0.133333
0 0.785937 0.654167 0.100000 0.133333
0 0.134375 0.362500 0.100000 0.133333
0 0.306250 0.102083 0.100000 0.133333
0 0.106250 0.095833 0.100000 0.133333
0 0.692187 0.664583 0.100000 0.133333
0 0.653125 0.808333 0.100000 0.133333
0 0.712500 0.541667 0.100000 0.133333
0 0.870313 0.739583 0.100000 0.133333
0 0.506250 0.366667 0.100000 0.133333
0 0.620313 0.477083 0.100000 0.133333
0 0.426563 0.333333 0.100000 0.133333
0 0.460938 0.097917 0.100000 0.133333
0 0.676562 0.372917 0.100000 0.133333
0 0.665625 0.489583 0.100000 0.133333
0 0.567187 0.177083 0.100000 0.133333
0 0.454688 0.791667 0.100000 0.133333
0 0.739062 0.300000 0.100000 0.133333
0 0.529687 0.793750 0.100000 0.133333
0 0.535937 0.331250 0.100000 0.133333
0 0.107813 0.102083 0.100000 0.133333
0 0.192188 0.837500 0.100000 0.133333
0 0.595313 0.262500 0.100000 0.133333
0 0.326562 0.339583 0.100000 0.133333
0 0.115625 0.802083 0.100000 0.133333
0 0.900000 0.418750 0.100000 0.133333
0 0.845313 0.656250 0.100000 0.133333
0 0.895312 0.185417 0.100000 0.133333
0 0.304688 0.295833 0.100000 0.133333
0 0.218750 0.804167 0.100000 0.133333
0 0.750000 0.383333 0.100000 0.133333
0 0.400000 0.093750 0.100000 0.133333
0 0.570312 0.191667 0.100000 0.133333
0 0.185938 0.222917 0.100000 0.133333
0 0.539062 0.402083 0.100000 0.133333
0 0.321875 0.404167 0.100000 0.133333
0 0.182812 0.733333 0.100000 0.133333
0 0.128125 0.256250 0.100000 0.133333
0 0.895312 0.706250 0.100000 0.133333
0 0.428125 0.654167 0.100000 0.133333
0 0.490625 0.595833 0.100000 0.133333
0 0.765625 0.306250 0.100000 0.133333
0 0.698438 0.281250 0.100000 0.133333
0 0.245312 0.364583 0.100000 0.133333
0 0.315625 0.404167 0.100000 0.133333
0 0.423438 0.522917 0.100000 0.133333
0 0.565625 0.708333 0.100000 0.133333
0 0.159375 0.572917 0.100000 0.133333
0 0.365625 0.839583 0.100000 0.133333
0 0.748437 0.716667 0.100000 0.133333
0 0.462500 0.712500 0.100000 0.133333
0 0.762500 0.741667 0.100000 0.133333
0 0.146875 0.133333 0.100000 0.133333
0 0.726562 0.797917 0.100000 0.133333
0 0.689063 0.287500 0.100000 0.133333
0 0.148438 0.572917 0.100000 0.133333
0 0.534375 0.552083 0.100000 0.133333
0 0.659375 0.595833 0.100000 0.133333
0 0.145313 0.679167 0.100000 0.133333
0 0.512500 0.539583 0.100000 0.133333
0 0.571875 0.622917 0.100000 0.133333
0 0.762500 0.360417 0.100000 0.133333
0 0.551562 0.812500 0.100000 0.133333
0 0.804688 0.341667 0.100000 0.133333
0 0.198437 0.389583 0.100000 0.133333
0 0.489063 0.747917 0.100000 0.133333
0 0.606250 0.643750 0.100000 0.133333
0 0.284375 0.741667 0.100000 0.133333
0 0.796875 0.779167 0.100000 0.133333
0 0.134375 0.287500 0.100000 0.133333
0 0.767188 0.620833 0.100000 0.133333
0 0.209375 0.875000 0.100000 0.133333
0 0.871875 0.516667 0.100000 0.133333
0 0.301563 0.437500 0.100000 0.133333
0 0.545312 0.460417 0.100000 0.133333
0 0.117188 0.331250 0.100000 0.133333
0 0.864062 0.260417 0.100000 0.133333
0 0.754687 0.729167 0.100000 0.133333
0 0.523438 0.441667 0.100000 0.133333
0 0.762500 0.733333 0.100000 0.133333
0 0.520312 0.614583 0.100000 0.133333
0 0.285938 0.437500 0.100000 0.133333
0 0.339062 0.347917 0.100000 0.133333
0 0.362500 0.347917 0.100000 0.133333
0 0.729688 0.810417 0.100000 0.133333
0 0.742188 0.406250 0.100000 0.133333
0 0.496875 0.235417 0.100000 0.133333
0 0.281250 0.585417 0.100000 0.133333
0 0.221875 0.539583 0.100000 0.133333
0 0.232813 0.579167 0.100000 0.133333
0 0.382812 0.752083 0.100000 0.133333
0 0.340625 0.718750 0.100000 0.133333
0 0.726562 0.235417 0.100000 0.133333
0 0.118750 0.372917 0.100000 0.133333
0 0.614062 0.635417 0.100000 0.133333
0 0.410938 0.616667 0.100000 0.133333
0 0.556250 0.712500 0.100000 0.133333
0 0.668750 0.564583 0.100000 0.133333
0 0.756250 0.329167 0.100000 0.133333
0 0.168750 0.350000 0.100000 0.133333
0 0.839063 0.227083 0.100000 0.133333
0 0.114062 0.197917 0.100000 0.133333
0 0.598437 0.575000 0.100000 0.133333
0 0.209375 0.827083 0.100000 0.133333
0 0.282813 0.154167 0.100000 0.133333
0 0.520312 0.370833 0.100000 0.133333
0 0.234375 0.468750 0.100000 0.133333
0 0.343750 0.725000 0.100000 0.133333
0 0.118750 0.658333 0.100000 0.133333
0 0.312500 0.500000 0.100000 0.133333
0 0.656250 0.085417 0.100000 0.133333
0 0.784375 0.470833 0.100000 0.133333
0 0.126562 0.293750 0.100000 0.133333
0 0.459375 0.106250 0.100000 0.133333
0 0.681250 0.758333 0.100000 0.133333
0 0.581250 0.345833 0.100000 0.133333
0 0.884375 0.477083 0.100000 0.133333
0 0.721875 0.583333 0.100000 0.133333
0 0.281250 0.562500 0.100000 0.133333
0 0.496875 0.456250 0.100000 0.133333
0 0.898438 0.210417 0.100000 0.133333
0 0.837500 0.685417 0.100000 0.133333
0 0.728125 0.829167 0.100000 0.133333
0 0.578125 0.227083 0.100000 0.133333
0 0.525000 0.377083 0.100000 0.133333
0 0.410938 0.110417 0.100000 0.133333
0 0.804688 0.239583 0.100000 0.133333
0 0.614062 0.858333 0.100000 0.133333
0 0.356250 0.089583 0.100000 0.133333
0 0.343750 0.664583 0.100000 0.133333
0 0.334375 0.443750 0.100000 0.133333
0 0.492188 0.802083 0.100000 0.133333
0 0.485938 0.416667 0.100000 0.133333
0 0.570312 0.537500 0.100000 0.133333
0 0.515625 0.468750 0.100000 0.133333
0 0.792188 0.891667 0.100000 0.133333
0 0.773438 0.485417 0.100000 0.133333
0 0.612500 0.514583 0.100000 0.133333
0 0.279687 0.466667 0.100000 0.133333
0 0.604688 0.829167 0.100000 0.133333
0 0.825000 0.285417 0.100000 0.133333
1 0.442188 0.629167 0.100000 0.133333
1 0.528125 0.312500 0.100000 0.133333
1 0.698438 0.725000 0.100000 0.133333
1 0.793750 0.454167 0.100000 0.133333
1 0.429688 0.570833 0.100000 0.133333
