0 0.698438 0.458333 0.100000 0.133333
0 0.759375 0.739583 0.100000 0.133333
0 0.714063 0.650000 0.100000 0.133333
0 0.875000 0.770833 0.100000 0.133333
0 0.575000 0.372917 0.100000 0.133333
0 0.173437 0.789583 0.100000 0.133333
0 0.454688 0.079167 0.100000 0.133333
0 0.300000 0.102083 0.100000 0.133333
0 0.453125 0.685417 0.100000 0.133333
0 0.875000 0.318750 0.100000 0.133333
0 0.345313 0.827083 0.100000 0.133333
0 0.415625 0.472917 0.100000 0.133333
0 0.443750 0.341667 0.100000 0.133333
0 0.610938 0.685417 0.100000 0.133333
0 0.857812 0.625000 0.100000 0.133333
0 0.115625 0.797917 0.100000 0.133333
0 0.256250 0.820833 0.100000 0.133333
0 0.618750 0.193750 0.100000 0.133333
0 0.248438 0.418750 0.100000 0.133333
0 0.818750 0.406250 0.100000 0.133333
0 0.203125 0.072917 0.100000 0.133333
0 0.504687 0.312500 0.100000 0.133333
0 0.350000 0.360417 0.100000 0.133333
0 0.134375 0.543750 0.100000 0.133333
0 0.618750 0.843750 0.100000 0.133333
0 0.754687 0.487500 0.100000 0.133333
0 0.529687 0.877083 0.100000 0.133333
0 0.621875 0.762500 0.100000 0.133333
0 0.631250 0.766667 0.100000 0.133333
0 0.776563 0.733333 0.100000 0.133333
0 0.304688 0.731250 0.100000 0.133333
0 0.407813 0.537500 0.100000 0.133333
0 0.151562 0.518750 0.100000 0.133333
0 0.323437 0.583333 0.100000 0.133333
0 0.617188 0.702083 0.100000 0.133333
0 0.831250 0.164583 0.100000 0.133333
0 0.506250 0.110417 0.100000 0.133333
0 0.642188 0.822917 0.100000 0.133333
0 0.559375 0.458333 0.100000 0.133333
0 0.795312 0.270833 0.100000 0.133333
0 0.384375 0.383333 0.100000 0.133333
0 0.195312 0.816667 0.100000 0.133333
0 0.700000 0.481250 0.100000 0.133333
0 0.650000 0.335417 0.100000 0.133333
0 0.321875 0.256250 0.100000 0.133333
0 0.275000 0.535417 0.100000 0.133333
0 0.293750 0.320833 0.100000 0.133333
0 0.367188 0.095833 0.100000 0.133333
0 0.329688 0.564583 0.100000 0.133333
0 0.256250 0.260417 0.100000 0.133333
0 0.787500 0.075000 0.100000 0.133333
0 0.435937 0.162500 0.100000 0.133333
0 0.250000 0.410417 0.100000 0.133333
0 0.423438 0.441667 0.100000 0.133333
0 0.398438 0.427083 0.100000 0.133333
0 0.312500 0.225000 0.100000 0.133333
0 0.526563 0.220833 0.100000 0.133333
0 0.621875 0.287500 0.100000 0.133333
0 0.437500 0.629167 0.100000 0.133333
0 0.575000 0.847917 0.100000 0.133333
0 0.657813 0.727083 0.100000 0.133333
0 0.637500 0.591667 0.100000 0.133333
0 0.148438 0.760417 0.100000 0.133333
0 0.881250 0.650000 0.100000 0.133333
0 0.165625 0.802083 0.100000 0.133333
0 0.817187 0.600000 0.100000 0.133333
0 0.740625 0.150000 0.100000 0.133333
0 0.739062 0.766667 0.100000 0.133333
0 0.306250 0.656250 0.100000 0.133333
0 0.565625 0.725000 0.100000 0.133333
0 0.784375 0.875000 0.100000 0.133333
0 0.334375 0.625000 0.100000 0.133333
0 0.248438 0.329167 0.100000 0.133333
0 0.826562 0.468750 0.100000 0.133333
0 0.748437 0.718750 0.100000 0.133333
0 0.635938 0.381250 0.100000 0.133333
0 0.646875 0.385417 0.100000 0.133333
0 0.175000 0.762500 0.100000 0.133333
0 0.762500 0.681250 0.100000 0.133333
0 0.882812 0.602083 0.100000 0.133333
0 0.379688 0.408333 0.100000 0.133333
0 0.800000 0.362500 0.100000 0.133333
0 0.356250 0.835417 0.100000 0.133333
0 0.428125 0.141667 0.100000 0.133333
0 0.296875 0.481250 0.100000 0.133333
0 0.735938 0.802083 0.100000 0.133333
0 0.660937 0.706250 0.100000 0.133333
0 0.423438 0.250000 0.100000 0.133333
0 0.601562 0.068750 0.100000 0.133333
0 0.634375 0.400000 0.100000 0.133333
0 0.685937 0.810417 0.100000 0.133333
0 0.629687 0.500000 0.100000 0.133333
0 0.734375 0.693750 0.100000 0.133333
0 0.160938 0.547917 0.100000 0.133333
0 0.684375 0.352083 0.100000 0.133333
0 0.728125 0.152083 0.100000 0.133333
0 0.140625 0.808333 0.100000 0.133333
0 0.628125 0.820833 0.100000 0.133333
0 0.540625 0.737500 0.100000 0.133333
0 0.270313 0.564583 0.100000 0.133333
0 0.153125 0.547917 0.100000 0.133333
0 0.484375 0.433333 0.100000 0.133333
0 0.182812 0.514583 0.100000 0.133333
0 0.806250 0.647917 0.100000 0.133333
0 0.598437 0.431250 0.100000 0.133333
0 0.673438 0.533333 0.100000 0.133333
0 0.560937 0.447917 0.100000 0.133333
0 0.504687 0.483333 0.100000 0.133333
0 0.367188 0.779167 0.100000 0.133333
0 0.306250 0.247917 0.100000 0.133333
0 0.251563 0.085417 0.100000 0.133333
0 0.700000 0.687500 0.100000 0.133333
0 0.470313 0.558333 0.100000 0.133333
0 0.109375 0.214583 0.100000 0.133333
0 0.859375 0.887500 0.100000 0.133333
0 0.264062 0.710417 0.100000 0.133333
0 0.829688 0.314583 0.100000 0.133333
0 0.312500 0.300000 0.100000 0.133333
0 0.860938 0.218750 0.100000 0.133333
0 0.787500 0.320833 0.100000 0.133333
0 0.245312 0.397917 0.100000 0.133333
0 0.350000 0.266667 0.100000 0.133333
0 0.657813 0.347917 0.100000 0.133333
0 0.196875 0.097917 0.100000 0.133333
0 0.714063 0.347917 0.100000 0.133333
0 0.293750 0.202083 0.100000 0.133333
0 0.662500 0.491667 0.100000 0.133333
0 0.387500 0.154167 0.100000 0.133333
0 0.640625 0.604167 0.100000 0.133333
0 0.150000 0.587500 0.100000 0.133333
0 0.584375 0.837500 0.100000 0.133333
0 0.198437 0.137500 0.100000 0.133333
0 0.900000 0.810417 0.100000 0.133333
0 0.896875 0.820833 0.100000 0.133333
0 0.164062 0.554167 0.100000 0.133333
0 0.237500 0.547917 0.100000 0.133333
0 0.601562 0.370833 0.100000 0.133333
0 0.579688 0.468750 0.100000 0.133333
0 0.625000 0.668750 0.100000 0.133333
0 0.748437 0.262500 0.100000 0.133333
0 0.282813 0.281250 0.100000 0.133333
0 0.445312 0.495833 0.100000 0.133333
0 0.346875 0.779167 0.100000 0.133333
0 0.837500 0.541667 0.100000 0.133333
0 0.237500 0.302083 0.100000 0.133333
0 0.440625 0.089583 0.100000 0.133333
0 0.515625 0.285417 0.100000 0.133333
0 0.743750 0.602083 0.100000 0.133333
0 0.801562 0.754167 0.100000 0.133333
0 0.840625 0.116667 0.100000 0.133333
1 0.900000 0.306250 0.100000 0.133333
1 0.390625 0.427083 0.100000 0.133333
1 0.096875 0.100000 0.100000 0.133333
1 0.634375 0.427083 0.100000 0.133333
1 0.782813 0.337500 0.100000 0.133333
