0 0.262500 0.747917 0.100000 0.133333
0 0.154688 0.795833 0.100000 0.133333
0 0.696875 0.447917 0.100000 0.133333
0 0.696875 0.708333 0.100000 0.133333
0 0.592187 0.070833 0.100000 0.133333
0 0.290625 0.556250 0.100000 0.133333
0 0.210938 0.266667 0.100000 0.133333
0 0.660937 0.279167 0.100000 0.133333
0 0.851562 0.275000 0.100000 0.133333
0 0.589063 0.120833 0.100000 0.133333
0 0.482812 0.314583 0.100000 0.133333
0 0.892188 0.372917 0.100000 0.133333
0 0.890625 0.495833 0.100000 0.133333
0 0.300000 0.264583 0.100000 0.133333
0 0.571875 0.472917 0.100000 0.133333
0 0.520312 0.445833 0.100000 0.133333
0 0.339062 0.160417 0.100000 0.133333
0 0.612500 0.443750 0.100000 0.133333
0 0.237500 0.287500 0.100000 0.133333
0 0.285938 0.579167 0.100000 0.133333
0 0.681250 0.491667 0.100000 0.133333
0 0.364063 0.814583 0.100000 0.133333
0 0.348438 0.510417 0.100000 0.133333
0 0.234375 0.645833 0.100000 0.133333
0 0.576562 0.631250 0.100000 0.133333
0 0.510938 0.891667 0.100000 0.133333
0 0.593750 0.427083 0.100000 0.133333
0 0.717187 0.683333 0.100000 0.133333
0 0.487500 0.079167 0.100000 0.133333
0 0.421875 0.245833 0.100000 0.133333
0 0.312500 0.297917 0.100000 0.133333
0 0.509375 0.695833 0.100000 0.133333
0 0.190625 0.570833 0.100000 0.133333
0 0.712500 0.143750 0.100000 0.133333
0 0.467187 0.281250 0.100000 0.133333
0 0.565625 0.431250 0.100000 0.133333
0 0.220312 0.741667 0.100000 0.133333
0 0.292187 0.179167 0.100000 0.133333
0 0.525000 0.506250 0.100000 0.133333
0 0.218750 0.233333 0.100000 0.133333
0 0.203125 0.862500 0.100000 0.133333
0 0.401562 0.137500 0.100000 0.133333
0 0.118750 0.818750 0.100000 0.133333
0 0.343750 0.770833 0.100000 0.133333
0 0.731250 0.579167 0.100000 0.133333
0 0.378125 0.568750 0.100000 0.133333
0 0.179688 0.666667 0.100000 0.133333
0 0.535937 0.641667 0.100000 0.133333
0 0.312500 0.118750 0.100000 0.133333
0 0.378125 0.081250 0.100000 0.133333
0 0.882812 0.379167 0.100000 0.133333
0 0.468750 0.156250 0.100000 0.133333
0 0.742188 0.879167 0.100000 0.133333
0 0.660937 0.775000 0.100000 0.133333
0 0.687500 0.568750 0.100000 0.133333
0 0.442188 0.214583 0.100000 0.133333
0 0.473438 0.731250 0.100000 0.133333
0 0.539062 0.872917 0.100000 0.133333
0 0.817187 0.395833 0.100000 0.133333
0 0.687500 0.787500 0.100000 0.133333
0 0.114062 0.354167 0.100000 0.133333
0 0.698438 0.739583 0.100000 0.133333
0 0.575000 0.864583 0.100000 0.133333
0 0.790625 0.608333 0.100000 0.133333
0 0.156250 0.193750 0.100000 0.133333
0 0.595313 0.272917 0.100000 0.133333
0 0.428125 0.483333 0.100000 0.133333
0 0.443750 0.247917 0.100000 0.133333
0 0.171875 0.383333 0.100000 0.133333
0 0.235937 0.512500 0.100000 0.133333
0 0.853125 0.131250 0.100000 0.133333
0 0.146875 0.341667 0.100000 0.133333
0 0.695312 0.091667 0.100000 0.133333
0 0.415625 0.691667 0.100000 0.133333
0 0.856250 0.229167 0.100000 0.133333
0 0.746875 0.585417 0.100000 0.133333
0 0.596875 0.139583 0.100000 0.133333
0 0.728125 0.637500 0.100000 0.133333
0 0.853125 0.833333 0.100000 0.133333
0 0.615625 0.254167 0.100000 0.133333
0 0.490625 0.887500 0.100000 0.133333
0 0.810937 0.250000 0.100000 0.133333
0 0.265625 0.579167 0.100000 0.133333
0 0.451562 0.250000 0.100000 0.133333
0 0.582812 0.850000 0.100000 0.133333
0 0.310937 0.341667 0.100000 0.133333
0 0.582812 0.529167 0.100000 0.133333
0 0.425000 0.400000 0.100000 0.133333
0 0.832812 0.822917 0.100000 0.133333
0 0.210938 0.350000 0.100000 0.133333
0 0.490625 0.193750 0.100000 0.133333
0 0.575000 0.735417 0.100000 0.133333
0 0.648438 0.306250 0.100000 0.133333
0 0.628125 0.312500 0.100000 0.133333
0 0.578125 0.539583 0.100000 0.133333
0 0.765625 0.379167 0.100000 0.133333
0 0.546875 0.127083 0.100000 0.133333
0 0.146875 0.252083 0.100000 0.133333
0 0.595313 0.237500 0.100000 0.133333
0 0.437500 0.735417 0.100000 0.133333
0 0.240625 0.831250 0.100000 0.133333
0 0.504687 0.483333 0.100000 0.133333
0 0.762500 0.108333 0.100000 0.133333
0 0.864062 0.085417 0.100000 0.133333
0 0.898438 0.837500 0.100000 0.133333
0 0.689063 0.381250 0.100000 0.133333
0 0.645312 0.320833 0.100000 0.133333
0 0.196875 0.708333 0.100000 0.133333
0 0.501563 0.777083 0.100000 0.133333
0 0.145313 0.829167 0.100000 0.133333
0 0.326562 0.856250 0.100000 0.133333
0 0.732812 0.695833 0.100000 0.133333
0 0.128125 0.529167 0.100000 0.133333
0 0.545312 0.460417 0.100000 0.133333
0 0.531250 0.433333 0.100000 0.133333
0 0.390625 0.662500 0.100000 0.133333
0 0.151562 0.339583 0.100000 0.133333
0 0.842187 0.720833 0.100000 0.133333
0 0.456250 0.264583 0.100000 0.133333
0 0.878125 0.181250 0.100000 0.133333
0 0.382812 0.747917 0.100000 0.133333
0 0.415625 0.193750 0.100000 0.133333
0 0.460938 0.395833 0.100000 0.133333
0 0.807813 0.477083 0.100000 0.133333
0 0.515625 0.600000 0.100000 0.133333
0 0.325000 0.441667 0.100000 0.133333
0 0.639062 0.381250 0.100000 0.133333
0 0.537500 0.235417 0.100000 0.133333
0 0.793750 0.254167 0.100000 0.133333
0 0.695312 0.664583 0.100000 0.133333
0 0.703125 0.785417 0.100000 0.133333
0 0.673438 0.418750 0.100000 0.133333
0 0.417187 0.120833 0.100000 0.133333
0 0.142187 0.385417 0.100000 0.133333
0 0.368750 0.437500 0.100000 0.133333
0 0.148438 0.072917 0.100000 0.133333
0 0.575000 0.243750 0.100000 0.133333
0 0.582812 0.862500 0.100000 0.133333
0 0.393750 0.218750 0.100000 0.133333
0 0.709375 0.197917 0.100000 0.133333
0 0.184375 0.450000 0.100000 0.133333
0 0.826562 0.420833 0.100000 0.133333
0 0.843750 0.191667 0.100000 0.133333
0 0.817187 0.439583 0.100000 0.133333
0 0.473438 0.329167 0.100000 0.133333
0 0.709375 0.643750 0.100000 0.133333
0 0.535937 0.427083 0.100000 0.133333
0 0.735938 0.420833 0.100000 0.133333
0 0.367188 0.287500 0.100000 0.133333
0 0.814063 0.593750 0.100000 0.133333
1 0.156250 0.645833 0.100000 0.133333
1 0.057813 0.852083 0.100000 0.133333
1 0.289062 0.139583 0.100000 0.133333
1 0.735938 0.639583 0.100000 0.133333
1 0.062500 0.908333 0.100000 0.133333
