0 0.646875 0.779167 0.100000 0.133333
0 0.693750 0.810417 0.100000 0.133333
0 0.400000 0.258333 0.100000 0.133333
0 0.367188 0.883333 0.100000 0.133333
0 0.662500 0.364583 0.100000 0.133333
0 0.810937 0.495833 0.100000 0.133333
0 0.871875 0.606250 0.100000 0.133333
0 0.423438 0.645833 0.100000 0.133333
0 0.840625 0.752083 0.100000 0.133333
0 0.112500 0.287500 0.100000 0.133333
0 0.378125 0.108333 0.100000 0.133333
0 0.614062 0.587500 0.100000 0.133333
0 0.317188 0.370833 0.100000 0.133333
0 0.273438 0.704167 0.100000 0.133333
0 0.325000 0.791667 0.100000 0.133333
0 0.623437 0.241667 0.100000 0.133333
0 0.645312 0.756250 0.100000 0.133333
0 0.407813 0.202083 0.100000 0.133333
0 0.501563 0.335417 0.100000 0.133333
0 0.289062 0.175000 0.100000 0.133333
0 0.142187 0.522917 0.100000 0.133333
0 0.676562 0.708333 0.100000 0.133333
0 0.426563 0.310417 0.100000 0.133333
0 0.342187 0.091667 0.100000 0.133333
0 0.242188 0.881250 0.100000 0.133333
0 0.179688 0.800000 0.100000 0.133333
0 0.543750 0.075000 0.100000 0.133333
0 0.857812 0.583333 0.100000 0.133333
0 0.368750 0.475000 0.100000 0.133333
0 0.185938 0.331250 0.100000 0.133333
0 0.145313 0.068750 0.100000 0.133333
0 0.531250 0.143750 0.100000 0.133333
0 0.182812 0.862500 0.100000 0.133333
0 0.478125 0.875000 0.100000 0.133333
0 0.726562 0.593750 0.100000 0.133333
0 0.431250 0.587500 0.100000 0.133333
0 0.856250 0.622917 0.100000 0.133333
0 0.365625 0.864583 0.100000 0.133333
0 0.800000 0.683333 0.100000 0.133333
0 0.207813 0.558333 0.100000 0.133333
0 0.787500 0.716667 0.100000 0.133333
0 0.421875 0.289583 0.100000 0.133333
0 0.348438 0.812500 0.100000 0.133333
0 0.445312 0.214583 0.100000 0.133333
0 0.153125 0.460417 0.100000 0.133333
0 0.865625 0.210417 0.100000 0.133333
0 0.414062 0.193750 0.100000 0.133333
0 0.628125 0.106250 0.100000 0.133333
0 0.160938 0.810417 0.100000 0.133333
0 0.179688 0.387500 0.100000 0.133333
0 0.684375 0.070833 0.100000 0.133333
0 0.415625 0.095833 0.100000 0.133333
0 0.554688 0.466667 0.100000 0.133333
0 0.220312 0.689583 0.100000 0.133333
0 0.582812 0.268750 0.100000 0.133333
0 0.326562 0.160417 0.100000 0.133333
0 0.140625 0.077083 0.100000 0.133333
0 0.146875 0.181250 0.100000 0.133333
0 0.621875 0.631250 0.100000 0.133333
0 0.125000 0.287500 0.100000 0.133333
0 0.454688 0.197917 0.100000 0.133333
0 0.325000 0.420833 0.100000 0.133333
0 0.234375 0.712500 0.100000 0.133333
0 0.782813 0.675000 0.100000 0.133333
0 0.557813 0.300000 0.100000 0.133333
0 0.539062 0.839583 0.100000 0.133333
0 0.159375 0.443750 0.100000 0.133333
0 0.493750 0.662500 0.100000 0.133333
0 0.732812 0.802083 0.100000 0.133333
0 0.242188 0.883333 0.100000 0.133333
0 0.292187 0.329167 0.100000 0.133333
0 0.754687 0.158333 0.100000 0.133333
0 0.815625 0.314583 0.100000 0.133333
0 0.378125 0.243750 0.100000 0.133333
0 0.171875 0.087500 0.100000 0.133333
0 0.243750 0.381250 0.100000 0.133333
0 0.265625 0.312500 0.100000 0.133333
0 0.410938 0.572917 0.100000 0.133333
0 0.604688 0.639583 0.100000 0.133333
0 0.273438 0.118750 0.100000 0.133333
0 0.604688 0.833333 0.100000 0.133333
0 0.507812 0.243750 0.100000 0.133333
0 0.203125 0.547917 0.100000 0.133333
0 0.356250 0.525000 0.100000 0.133333
0 0.146875 0.429167 0.100000 0.133333
0 0.390625 0.764583 0.100000 0.133333
0 0.701562 0.810417 0.100000 0.133333
0 0.615625 0.814583 0.100000 0.133333
0 0.200000 0.414583 0.100000 0.133333
0 0.362500 0.633333 0.100000 0.133333
0 0.182812 0.147917 0.100000 0.133333
0 0.750000 0.841667 0.100000 0.133333
0 0.800000 0.152083 0.100000 0.133333
0 0.792188 0.754167 0.100000 0.133333
0 0.142187 0.341667 0.100000 0.133333
0 0.331250 0.312500 0.100000 0.133333
0 0.451562 0.679167 0.100000 0.133333
0 0.295312 0.295833 0.100000 0.133333
0 0.368750 0.466667 0.100000 0.133333
0 0.667188 0.385417 0.100000 0.133333
0 0.562500 0.375000 0.100000 0.133333
0 0.350000 0.133333 0.100000 0.133333
0 0.709375 0.718750 0.100000 0.133333
0 0.793750 0.597917 0.100000 0.133333
0 0.325000 0.668750 0.100000 0.133333
0 0.754687 0.560417 0.100000 0.133333
0 0.276562 0.875000 0.100000 0.133333
0 0.803125 0.120833 0.100000 0.133333
0 0.406250 0.600000 0.100000 0.133333
0 0.228125 0.422917 0.100000 0.133333
0 0.584375 0.212500 0.100000 0.133333
0 0.439063 0.120833 0.100000 0.133333
0 0.640625 0.218750 0.100000 0.133333
0 0.170313 0.431250 0.100000 0.133333
0 0.612500 0.600000 0.100000 0.133333
0 0.789062 0.506250 0.100000 0.133333
0 0.621875 0.097917 0.100000 0.133333
0 0.662500 0.585417 0.100000 0.133333
0 0.182812 0.154167 0.100000 0.133333
0 0.753125 0.302083 0.100000 0.133333
0 0.668750 0.743750 0.100000 0.133333
0 0.509375 0.714583 0.100000 0.133333
0 0.584375 0.741667 0.100000 0.133333
0 0.348438 0.212500 0.100000 0.133333
0 0.739062 0.608333 0.100000 0.133333
0 0.200000 0.493750 0.100000 0.133333
0 0.546875 0.075000 0.100000 0.133333
0 0.359375 0.685417 0.100000 0.133333
0 0.209375 0.335417 0.100000 0.133333
0 0.743750 0.106250 0.100000 0.133333
0 0.506250 0.429167 0.100000 0.133333
0 0.421875 0.172917 0.100000 0.133333
0 0.690625 0.733333 0.100000 0.133333
0 0.781250 0.831250 0.100000 0.133333
0 0.643750 0.772917 0.100000 0.133333
0 0.209375 0.341667 0.100000 0.133333
0 0.537500 0.556250 0.100000 0.133333
0 0.504687 0.485417 0.100000 0.133333
0 0.890625 0.627083 0.100000 0.133333
0 0.348438 0.585417 0.100000 0.133333
0 0.268750 0.689583 0.100000 0.133333
0 0.743750 0.356250 0.100000 0.133333
0 0.842187 0.658333 0.100000 0.133333
0 0.645312 0.166667 0.100000 0.133333
0 0.575000 0.302083 0.100000 0.133333
0 0.573438 0.870833 0.100000 0.133333
0 0.376563 0.279167 0.100000 0.133333
0 0.365625 0.862500 0.100000 0.133333
0 0.550000 0.212500 0.100000 0.133333
0 0.398438 0.266667 0.100000 0.133333
1 0.517188 0.439583 0.100000 0.133333
1 0.910937 0.620833 0.100000 0.133333
1 0.843750 0.468750 0.100000 0.133333
1 0.467187 0.297917 0.100000 0.133333
1 0.709375 0.172917 0.100000 0.133333
