0 0.503125 0.350000 0.100000 0.133333
0 0.128125 0.154167 0.100000 0.133333
0 0.753125 0.452083 0.100000 0.133333
0 0.532813 0.372917 0.100000 0.133333
0 0.895312 0.727083 0.100000 0.133333
0 0.143750 0.666667 0.100000 0.133333
0 0.632812 0.270833 0.100000 0.133333
0 0.662500 0.131250 0.100000 0.133333
0 0.475000 0.675000 0.100000 0.133333
0 0.817187 0.293750 0.100000 0.133333
0 0.668750 0.693750 0.100000 0.133333
0 0.373437 0.385417 0.100000 0.133333
0 0.292187 0.370833 0.100000 0.133333
0 0.839063 0.497917 0.100000 0.133333
0 0.281250 0.525000 0.100000 0.133333
0 0.628125 0.277083 0.100000 0.133333
0 0.434375 0.387500 0.100000 0.133333
0 0.623437 0.433333 0.100000 0.133333
0 0.259375 0.093750 0.100000 0.133333
0 0.234375 0.175000 0.100000 0.133333
0 0.600000 0.768750 0.100000 0.133333
0 0.857812 0.820833 0.100000 0.133333
0 0.301563 0.747917 0.100000 0.133333
0 0.810937 0.889583 0.100000 0.133333
0 0.757812 0.658333 0.100000 0.133333
0 0.253125 0.420833 0.100000 0.133333
0 0.548438 0.566667 0.100000 0.133333
0 0.676562 0.175000 0.100000 0.133333
0 0.673438 0.443750 0.100000 0.133333
0 0.729688 0.510417 0.100000 0.133333
0 0.600000 0.122917 0.100000 0.133333
0 0.735938 0.202083 0.100000 0.133333
0 0.225000 0.562500 0.100000 0.133333
0 0.679688 0.166667 0.100000 0.133333
0 0.721875 0.633333 0.100000 0.133333
0 0.651563 0.756250 0.100000 0.133333
0 0.282813 0.650000 0.100000 0.133333
0 0.864062 0.297917 0.100000 0.133333
0 0.228125 0.664583 0.100000 0.133333
0 0.650000 0.504167 0.100000 0.133333
0 0.778125 0.333333 0.100000 0.133333
0 0.229687 0.818750 0.100000 0.133333
0 0.479687 0.397917 0.100000 0.133333
0 0.485938 0.806250 0.100000 0.133333
0 0.893750 0.395833 0.100000 0.133333
0 0.698438 0.831250 0.100000 0.133333
0 0.132812 0.391667 0.100000 0.133333
0 0.137500 0.077083 0.100000 0.133333
0 0.845313 0.706250 0.100000 0.133333
0 0.696875 0.858333 0.100000 0.133333
0 0.576562 0.208333 0.100000 0.133333
0 0.581250 0.604167 0.100000 0.133333
0 0.421875 0.114583 0.100000 0.133333
0 0.865625 0.279167 0.100000 0.133333
0 0.109375 0.366667 0.100000 0.133333
0 0.381250 0.112500 0.100000 0.133333
0 0.129688 0.243750 0.100000 0.133333
0 0.670312 0.343750 0.100000 0.133333
0 0.790625 0.264583 0.100000 0.133333
0 0.568750 0.741667 0.100000 0.133333
0 0.523438 0.391667 0.100000 0.133333
0 0.301563 0.318750 0.100000 0.133333
0 0.782813 0.652083 0.100000 0.133333
0 0.251563 0.464583 0.100000 0.133333
0 0.781250 0.250000 0.100000 0.133333
0 0.879687 0.889583 0.100000 0.133333
0 0.809375 0.760417 0.100000 0.133333
0 0.320312 0.562500 0.100000 0.133333
0 0.150000 0.602083 0.100000 0.133333
0 0.250000 0.189583 0.100000 0.133333
0 0.835938 0.550000 0.100000 0.133333
0 0.589063 0.733333 0.100000 0.133333
0 0.300000 0.497917 0.100000 0.133333
0 0.421875 0.256250 0.100000 0.133333
0 0.135937 0.214583 0.100000 0.133333
0 0.204687 0.083333 0.100000 0.133333
0 0.875000 0.685417 0.100000 0.133333
0 0.157812 0.281250 0.100000 0.133333
0 0.259375 0.585417 0.100000 0.133333
0 0.498437 0.531250 0.100000 0.133333
0 0.659375 0.675000 0.100000 0.133333
0 0.715625 0.525000 0.100000 0.133333
0 0.825000 0.777083 0.100000 0.133333
0 0.103125 0.564583 0.100000 0.133333
0 0.443750 0.854167 0.100000 0.133333
0 0.607812 0.643750 0.100000 0.133333
0 0.246875 0.812500 0.100000 0.133333
0 0.479687 0.154167 0.100000 0.133333
0 0.293750 0.593750 0.100000 0.133333
0 0.570312 0.166667 0.100000 0.133333
0 0.234375 0.529167 0.100000 0.133333
0 0.318750 0.379167 0.100000 0.133333
0 0.153125 0.585417 0.100000 0.133333
0 0.320312 0.241667 0.100000 0.133333
0 0.390625 0.160417 0.100000 0.133333
0 0.595313 0.554167 0.100000 0.133333
0 0.160938 0.679167 0.100000 0.133333
0 0.175000 0.162500 0.100000 0.133333
0 0.281250 0.104167 0.100000 0.133333
0 0.625000 0.883333 0.100000 0.133333
0 0.531250 0.712500 0.100000 0.133333
0 0.464062 0.845833 0.100000 0.133333
0 0.120313 0.152083 0.100000 0.133333
0 0.193750 0.112500 0.100000 0.133333
0 0.242188 0.845833 0.100000 0.133333
0 0.617188 0.212500 0.100000 0.133333
0 0.248438 0.233333 0.100000 0.133333
0 0.646875 0.329167 0.100000 0.133333
0 0.350000 0.668750 0.100000 0.133333
0 0.640625 0.241667 0.100000 0.133333
0 0.473438 0.141667 0.100000 0.133333
0 0.651563 0.541667 0.100000 0.133333
0 0.223438 0.425000 0.100000 0.133333
0 0.831250 0.504167 0.100000 0.133333
0 0.625000 0.887500 0.100000 0.133333
0 0.853125 0.472917 0.100000 0.133333
0 0.875000 0.081250 0.100000 0.133333
0 0.742188 0.743750 0.100000 0.133333
0 0.723437 0.500000 0.100000 0.133333
0 0.746875 0.625000 0.100000 0.133333
0 0.176563 0.075000 0.100000 0.133333
0 0.578125 0.537500 0.100000 0.133333
0 0.270313 0.258333 0.100000 0.133333
0 0.276562 0.487500 0.100000 0.133333
0 0.196875 0.377083 0.100000 0.133333
0 0.523438 0.814583 0.100000 0.133333
0 0.348438 0.160417 0.100000 0.133333
0 0.732812 0.875000 0.100000 0.133333
0 0.648438 0.643750 0.100000 0.133333
0 0.271875 0.112500 0.100000 0.133333
0 0.420312 0.177083 0.100000 0.133333
0 0.229687 0.089583 0.100000 0.133333
0 0.757812 0.387500 0.100000 0.133333
0 0.687500 0.125000 0.100000 0.133333
0 0.567187 0.252083 0.100000 0.133333
0 0.276562 0.193750 0.100000 0.133333
0 0.764062 0.777083 0.100000 0.133333
0 0.407813 0.258333 0.100000 0.133333
0 0.373437 0.181250 0.100000 0.133333
0 0.492188 0.468750 0.100000 0.133333
0 0.718750 0.200000 0.100000 0.133333
0 0.201563 0.091667 0.100000 0.133333
0 0.240625 0.089583 0.100000 0.133333
0 0.390625 0.570833 0.100000 0.133333
0 0.414062 0.360417 0.100000 0.133333
0 0.459375 0.445833 0.100000 0.133333
0 0.267188 0.458333 0.100000 0.133333
0 0.578125 0.710417 0.100000 0.133333
0 0.815625 0.852083 0.100000 0.133333
0 0.289062 0.116667 0.100000 0.133333
1 0.110937 0.706250 0.100000 0.133333
1 0.735938 0.764583 0.100000 0.133333
1 0.239063 0.427083 0.100000 0.133333
1 0.326562 0.233333 0.100000 0.133333
1 0.089063 0.652083 0.100000 0.133333
