0 0.334375 0.387500 0.100000 0.133333
0 0.510938 0.189583 0.100000 0.133333
0 0.545312 0.777083 0.100000 0.133333
0 0.368750 0.508333 0.100000 0.133333
0 0.301563 0.829167 0.100000 0.133333
0 0.406250 0.379167 0.100000 0.133333
0 0.418750 0.562500 0.100000 0.133333
0 0.195312 0.131250 0.100000 0.133333
0 0.126562 0.072917 0.100000 0.133333
0 0.290625 0.450000 0.100000 0.133333
0 0.693750 0.450000 0.100000 0.133333
0 0.814063 0.758333 0.100000 0.133333
0 0.371875 0.802083 0.100000 0.133333
0 0.264062 0.641667 0.100000 0.133333
0 0.498437 0.831250 0.100000 0.133333
0 0.848437 0.100000 0.100000 0.133333
0 0.657813 0.731250 0.100000 0.133333
0 0.179688 0.543750 0.100000 0.133333
0 0.706250 0.697917 0.100000 0.133333
0 0.600000 0.758333 0.100000 0.133333
0 0.600000 0.218750 0.100000 0.133333
0 0.765625 0.870833 0.100000 0.133333
0 0.306250 0.677083 0.100000 0.133333
0 0.254688 0.337500 0.100000 0.133333
0 0.148438 0.354167 0.100000 0.133333
0 0.137500 0.397917 0.100000 0.133333
0 0.329688 0.116667 0.100000 0.133333
0 0.134375 0.677083 0.100000 0.133333
0 0.201563 0.737500 0.100000 0.133333
0 0.879687 0.843750 0.100000 0.133333
0 0.215625 0.656250 0.100000 0.133333
0 0.735938 0.802083 0.100000 0.133333
0 0.387500 0.600000 0.100000 0.133333
0 0.312500 0.820833 0.100000 0.133333
0 0.412500 0.343750 0.100000 0.133333
0 0.539062 0.695833 0.100000 0.133333
0 0.873437 0.150000 0.100000 0.133333
0 0.393750 0.229167 0.100000 0.133333
0 0.846875 0.339583 0.100000 0.133333
0 0.667188 0.264583 0.100000 0.133333
0 0.296875 0.218750 0.100000 0.133333
0 0.506250 0.654167 0.100000 0.133333
0 0.543750 0.533333 0.100000 0.133333
0 0.117188 0.647917 0.100000 0.133333
0 0.570312 0.493750 0.100000 0.133333
0 0.265625 0.522917 0.100000 0.133333
0 0.687500 0.772917 0.100000 0.133333
0 0.325000 0.183333 0.100000 0.133333
0 0.170313 0.581250 0.100000 0.133333
0 0.856250 0.589583 0.100000 0.133333
0 0.890625 0.466667 0.100000 0.133333
0 0.820312 0.106250 0.100000 0.133333
0 0.657813 0.672917 0.100000 0.133333
0 0.692187 0.206250 0.100000 0.133333
0 0.875000 0.256250 0.100000 0.133333
0 0.506250 0.860417 0.100000 0.133333
0 0.489063 0.135417 0.100000 0.133333
0 0.829688 0.095833 0.100000 0.133333
0 0.682813 0.154167 0.100000 0.133333
0 0.776563 0.589583 0.100000 0.133333
0 0.101562 0.204167 0.100000 0.133333
0 0.228125 0.418750 0.100000 0.133333
0 0.890625 0.629167 0.100000 0.133333
0 0.375000 0.710417 0.100000 0.133333
0 0.589063 0.179167 0.100000 0.133333
0 0.473438 0.185417 0.100000 0.133333
0 0.167187 0.602083 0.100000 0.133333
0 0.293750 0.110417 0.100000 0.133333
0 0.406250 0.370833 0.100000 0.133333
0 0.710938 0.283333 0.100000 0.133333
0 0.462500 0.593750 0.100000 0.133333
0 0.835938 0.122917 0.100000 0.133333
0 0.114062 0.491667 0.100000 0.133333
0 0.275000 0.256250 0.100000 0.133333
0 0.637500 0.625000 0.100000 0.133333
0 0.303125 0.262500 0.100000 0.133333
0 0.109375 0.250000 0.100000 0.133333
0 0.575000 0.450000 0.100000 0.133333
0 0.889062 0.231250 0.100000 0.133333
0 0.731250 0.139583 0.100000 0.133333
0 0.801562 0.825000 0.100000 0.133333
0 0.235937 0.129167 0.100000 0.133333
0 0.843750 0.481250 0.100000 0.133333
0 0.848437 0.756250 0.100000 0.133333
0 0.517188 0.675000 0.100000 0.133333
0 0.321875 0.822917 0.100000 0.133333
0 0.343750 0.216667 0.100000 0.133333
0 0.337500 0.139583 0.100000 0.133333
0 0.259375 0.362500 0.100000 0.133333
0 0.396875 0.433333 0.100000 0.133333
0 0.400000 0.877083 0.100000 0.133333
0 0.632812 0.860417 0.100000 0.133333
0 0.112500 0.697917 0.100000 0.133333
0 0.746875 0.500000 0.100000 0.133333
0 0.445312 0.856250 0.100000 0.133333
0 0.110937 0.833333 0.100000 0.133333
0 0.632812 0.760417 0.100000 0.133333
0 0.631250 0.370833 0.100000 0.133333
0 0.298438 0.687500 0.100000 0.133333
0 0.179688 0.102083 0.100000 0.133333
0 0.245312 0.427083 0.100000 0.133333
0 0.279687 0.412500 0.100000 0.133333
0 0.857812 0.245833 0.100000 0.133333
0 0.303125 0.541667 0.100000 0.133333
0 0.523438 0.443750 0.100000 0.133333
0 0.442188 0.658333 0.100000 0.133333
0 0.776563 0.575000 0.100000 0.133333
0 0.367188 0.431250 0.100000 0.133333
0 0.262500 0.518750 0.100000 0.133333
0 0.767188 0.706250 0.100000 0.133333
0 0.625000 0.883333 0.100000 0.133333
0 0.634375 0.391667 0.100000 0.133333
0 0.312500 0.143750 0.100000 0.133333
0 0.804688 0.643750 0.100000 0.133333
0 0.617188 0.858333 0.100000 0.133333
0 0.542188 0.425000 0.100000 0.133333
0 0.175000 0.610417 0.100000 0.133333
0 0.854688 0.218750 0.100000 0.133333
0 0.460938 0.550000 0.100000 0.133333
0 0.204687 0.420833 0.100000 0.133333
0 0.134375 0.097917 0.100000 0.133333
0 0.681250 0.687500 0.100000 0.133333
0 0.518750 0.479167 0.100000 0.133333
0 0.110937 0.847917 0.100000 0.133333
0 0.676562 0.429167 0.100000 0.133333
0 0.795312 0.162500 0.100000 0.133333
0 0.825000 0.339583 0.100000 0.133333
0 0.585938 0.839583 0.100000 0.133333
0 0.565625 0.237500 0.100000 0.133333
0 0.857812 0.806250 0.100000 0.133333
0 0.487500 0.679167 0.100000 0.133333
0 0.229687 0.652083 0.100000 0.133333
0 0.225000 0.116667 0.100000 0.133333
0 0.151562 0.450000 0.100000 0.133333
0 0.342187 0.854167 0.100000 0.133333
0 0.150000 0.137500 0.100000 0.133333
0 0.103125 0.339583 0.100000 0.133333
0 0.551562 0.447917 0.100000 0.133333
0 0.685937 0.350000 0.100000 0.133333
0 0.534375 0.516667 0.100000 0.133333
0 0.657813 0.210417 0.100000 0.133333
0 0.628125 0.427083 0.100000 0.133333
0 0.531250 0.341667 0.100000 0.133333
0 0.814063 0.333333 0.100000 0.133333
0 0.589063 0.085417 0.100000 0.133333
0 0.540625 0.147917 0.100000 0.133333
0 0.707812 0.720833 0.100000 0.133333
0 0.804688 0.237500 0.100000 0.133333
0 0.282813 0.318750 0.100000 0.133333
0 0.726562 0.870833 0.100000 0.133333
1 0.678125 0.522917 0.100000 0.133333
1 0.551562 0.714583 0.100000 0.133333
1 0.067187 0.858333 0.100000 0.133333
1 0.346875 0.933333 0.100000 0.133333
1 0.440625 0.483333 0.100000 0.133333
