0 0.214062 0.829167 0.100000 0.133333
0 0.457813 0.595833 0.100000 0.133333
0 0.567187 0.250000 0.100000 0.133333
0 0.778125 0.662500 0.100000 0.133333
0 0.443750 0.187500 0.100000 0.133333
0 0.607812 0.189583 0.100000 0.133333
0 0.140625 0.333333 0.100000 0.133333
0 0.684375 0.854167 0.100000 0.133333
0 0.604688 0.641667 0.100000 0.133333
0 0.214062 0.843750 0.100000 0.133333
0 0.650000 0.775000 0.100000 0.133333
0 0.782813 0.085417 0.100000 0.133333
0 0.190625 0.072917 0.100000 0.133333
0 0.471875 0.191667 0.100000 0.133333
0 0.750000 0.845833 0.100000 0.133333
0 0.684375 0.689583 0.100000 0.133333
0 0.268750 0.627083 0.100000 0.133333
0 0.682813 0.397917 0.100000 0.133333
0 0.134375 0.672917 0.100000 0.133333
0 0.146875 0.214583 0.100000 0.133333
0 0.567187 0.193750 0.100000 0.133333
0 0.379688 0.602083 0.100000 0.133333
0 0.318750 0.327083 0.100000 0.133333
0 0.776563 0.322917 0.100000 0.133333
0 0.262500 0.487500 0.100000 0.133333
0 0.514062 0.460417 0.100000 0.133333
0 0.292187 0.775000 0.100000 0.133333
0 0.803125 0.231250 0.100000 0.133333
0 0.653125 0.702083 0.100000 0.133333
0 0.357812 0.658333 0.100000 0.133333
0 0.443750 0.714583 0.100000 0.133333
0 0.306250 0.589583 0.100000 0.133333
0 0.117188 0.485417 0.100000 0.133333
0 0.420312 0.235417 0.100000 0.133333
0 0.776563 0.129167 0.100000 0.133333
0 0.857812 0.497917 0.100000 0.133333
0 0.365625 0.822917 0.100000 0.133333
0 0.332813 0.610417 0.100000 0.133333
0 0.371875 0.279167 0.100000 0.133333
0 0.537500 0.466667 0.100000 0.133333
0 0.840625 0.258333 0.100000 0.133333
0 0.245312 0.339583 0.100000 0.133333
0 0.604688 0.854167 0.100000 0.133333
0 0.485938 0.241667 0.100000 0.133333
0 0.754687 0.668750 0.100000 0.133333
0 0.162500 0.368750 0.100000 0.133333
0 0.729688 0.531250 0.100000 0.133333
0 0.179688 0.281250 0.100000 0.133333
0 0.203125 0.129167 0.100000 0.133333
0 0.581250 0.566667 0.100000 0.133333
0 0.364063 0.712500 0.100000 0.133333
0 0.812500 0.845833 0.100000 0.133333
0 0.440625 0.370833 0.100000 0.133333
0 0.864062 0.302083 0.100000 0.133333
0 0.525000 0.681250 0.100000 0.133333
0 0.303125 0.077083 0.100000 0.133333
0 0.257812 0.725000 0.100000 0.133333
0 0.676562 0.075000 0.100000 0.133333
0 0.509375 0.600000 0.100000 0.133333
0 0.198437 0.570833 0.100000 0.133333
0 0.628125 0.841667 0.100000 0.133333
0 0.601562 0.158333 0.100000 0.133333
0 0.289062 0.339583 0.100000 0.133333
0 0.829688 0.393750 0.100000 0.133333
0 0.485938 0.110417 0.100000 0.133333
0 0.198437 0.568750 0.100000 0.133333
0 0.225000 0.272917 0.100000 0.133333
0 0.554688 0.481250 0.100000 0.133333
0 0.250000 0.200000 0.100000 0.133333
0 0.559375 0.466667 0.100000 0.133333
0 0.539062 0.177083 0.100000 0.133333
0 0.585938 0.689583 0.100000 0.133333
0 0.748437 0.389583 0.100000 0.133333
0 0.893750 0.408333 0.100000 0.133333
0 0.726562 0.885417 0.100000 0.133333
0 0.851562 0.564583 0.100000 0.133333
0 0.832812 0.662500 0.100000 0.133333
0 0.832812 0.531250 0.100000 0.133333
0 0.370312 0.743750 0.100000 0.133333
0 0.476562 0.502083 0.100000 0.133333
0 0.685937 0.487500 0.100000 0.133333
0 0.689063 0.366667 0.100000 0.133333
0 0.765625 0.397917 0.100000 0.133333
0 0.250000 0.220833 0.100000 0.133333
0 0.623437 0.579167 0.100000 0.133333
0 0.231250 0.391667 0.100000 0.133333
0 0.440625 0.500000 0.100000 0.133333
0 0.856250 0.841667 0.100000 0.133333
0 0.717187 0.547917 0.100000 0.133333
0 0.164062 0.620833 0.100000 0.133333
0 0.567187 0.231250 0.100000 0.133333
0 0.539062 0.183333 0.100000 0.133333
0 0.800000 0.833333 0.100000 0.133333
0 0.346875 0.608333 0.100000 0.133333
0 0.235937 0.364583 0.100000 0.133333
0 0.401562 0.304167 0.100000 0.133333
0 0.326562 0.431250 0.100000 0.133333
0 0.653125 0.385417 0.100000 0.133333
0 0.443750 0.864583 0.100000 0.133333
0 0.823438 0.762500 0.100000 0.133333
0 0.676562 0.172917 0.100000 0.133333
0 0.296875 0.166667 0.100000 0.133333
0 0.523438 0.535417 0.100000 0.133333
0 0.609375 0.518750 0.100000 0.133333
0 0.270313 0.231250 0.100000 0.133333
0 0.375000 0.672917 0.100000 0.133333
0 0.823438 0.595833 0.100000 0.133333
0 0.326562 0.097917 0.100000 0.133333
0 0.114062 0.822917 0.100000 0.133333
0 0.700000 0.820833 0.100000 0.133333
0 0.887500 0.366667 0.100000 0.133333
0 0.275000 0.627083 0.100000 0.133333
0 0.596875 0.677083 0.100000 0.133333
0 0.442188 0.795833 0.100000 0.133333
0 0.675000 0.431250 0.100000 0.133333
0 0.539062 0.612500 0.100000 0.133333
0 0.637500 0.637500 0.100000 0.133333
0 0.107813 0.129167 0.100000 0.133333
0 0.425000 0.397917 0.100000 0.133333
0 0.573438 0.366667 0.100000 0.133333
0 0.720313 0.264583 0.100000 0.133333
0 0.375000 0.629167 0.100000 0.133333
0 0.195312 0.614583 0.100000 0.133333
0 0.256250 0.608333 0.100000 0.133333
0 0.862500 0.131250 0.100000 0.133333
0 0.546875 0.518750 0.100000 0.133333
0 0.712500 0.756250 0.100000 0.133333
0 0.564063 0.314583 0.100000 0.133333
0 0.684375 0.683333 0.100000 0.133333
0 0.714063 0.562500 0.100000 0.133333
0 0.482812 0.641667 0.100000 0.133333
0 0.681250 0.435417 0.100000 0.133333
0 0.800000 0.693750 0.100000 0.133333
0 0.787500 0.768750 0.100000 0.133333
0 0.151562 0.802083 0.100000 0.133333
0 0.507812 0.327083 0.100000 0.133333
0 0.445312 0.375000 0.100000 0.133333
0 0.798438 0.504167 0.100000 0.133333
0 0.204687 0.389583 0.100000 0.133333
0 0.554688 0.768750 0.100000 0.133333
0 0.628125 0.154167 0.100000 0.133333
0 0.179688 0.839583 0.100000 0.133333
0 0.212500 0.389583 0.100000 0.133333
0 0.868750 0.862500 0.100000 0.133333
0 0.828125 0.585417 0.100000 0.133333
0 0.110937 0.454167 0.100000 0.133333
0 0.832812 0.466667 0.100000 0.133333
0 0.379688 0.256250 0.100000 0.133333
0 0.128125 0.772917 0.100000 0.133333
0 0.167187 0.420833 0.100000 0.133333
1 0.462500 0.195833 0.100000 0.133333
1 0.900000 0.477083 0.100000 0.133333
1 0.373437 0.306250 0.100000 0.133333
1 0.870313 0.154167 0.100000 0.133333
1 0.404687 0.339583 0.100000 0.133333
