0 0.825000 0.366667 0.100000 0.133333
0 0.779687 0.725000 0.100000 0.133333
0 0.435937 0.785417 0.100000 0.133333
0 0.407813 0.591667 0.100000 0.133333
0 0.753125 0.591667 0.100000 0.133333
0 0.107813 0.818750 0.100000 0.133333
0 0.748437 0.256250 0.100000 0.133333
0 0.618750 0.377083 0.100000 0.133333
0 0.587500 0.864583 0.100000 0.133333
0 0.296875 0.418750 0.100000 0.133333
0 0.553125 0.856250 0.100000 0.133333
0 0.671875 0.627083 0.100000 0.133333
0 0.787500 0.250000 0.100000 0.133333
0 0.753125 0.122917 0.100000 0.133333
0 0.771875 0.218750 0.100000 0.133333
0 0.456250 0.533333 0.100000 0.133333
0 0.434375 0.289583 0.100000 0.133333
0 0.832812 0.727083 0.100000 0.133333
0 0.234375 0.762500 0.100000 0.133333
0 0.254688 0.881250 0.100000 0.133333
0 0.578125 0.322917 0.100000 0.133333
0 0.209375 0.733333 0.100000 0.133333
0 0.470313 0.245833 0.100000 0.133333
0 0.634375 0.393750 0.100000 0.133333
0 0.629687 0.222917 0.100000 0.133333
0 0.153125 0.272917 0.100000 0.133333
0 0.382812 0.356250 0.100000 0.133333
0 0.384375 0.258333 0.100000 0.133333
0 0.623437 0.810417 0.100000 0.133333
0 0.882812 0.377083 0.100000 0.133333
0 0.626563 0.237500 0.100000 0.133333
0 0.315625 0.466667 0.100000 0.133333
0 0.360938 0.533333 0.100000 0.133333
0 0.625000 0.295833 0.100000 0.133333
0 0.264062 0.175000 0.100000 0.133333
0 0.126562 0.562500 0.100000 0.133333
0 0.845313 0.337500 0.100000 0.133333
0 0.412500 0.808333 0.100000 0.133333
0 0.273438 0.281250 0.100000 0.133333
0 0.443750 0.108333 0.100000 0.133333
0 0.456250 0.487500 0.100000 0.133333
0 0.542188 0.875000 0.100000 0.133333
0 0.598437 0.187500 0.100000 0.133333
0 0.809375 0.250000 0.100000 0.133333
0 0.737500 0.600000 0.100000 0.133333
0 0.150000 0.141667 0.100000 0.133333
0 0.582812 0.375000 0.100000 0.133333
0 0.379688 0.877083 0.100000 0.133333
0 0.103125 0.537500 0.100000 0.133333
0 0.640625 0.070833 0.100000 0.133333
0 0.160938 0.712500 0.100000 0.133333
0 0.739062 0.204167 0.100000 0.133333
0 0.528125 0.139583 0.100000 0.133333
0 0.779687 0.833333 0.100000 0.133333
0 0.568750 0.533333 0.100000 0.133333
0 0.559375 0.620833 0.100000 0.133333
0 0.217188 0.341667 0.100000 0.133333
0 0.340625 0.556250 0.100000 0.133333
0 0.854688 0.835417 0.100000 0.133333
0 0.798438 0.695833 0.100000 0.133333
0 0.431250 0.304167 0.100000 0.133333
0 0.795312 0.347917 0.100000 0.133333
0 0.831250 0.312500 0.100000 0.133333
0 0.392188 0.566667 0.100000 0.133333
0 0.267188 0.204167 0.100000 0.133333
0 0.457813 0.483333 0.100000 0.133333
0 0.653125 0.643750 0.100000 0.133333
0 0.298438 0.141667 0.100000 0.133333
0 0.678125 0.279167 0.100000 0.133333
0 0.489063 0.497917 0.100000 0.133333
0 0.226562 0.620833 0.100000 0.133333
0 0.385937 0.325000 0.100000 0.133333
0 0.593750 0.718750 0.100000 0.133333
0 0.900000 0.125000 0.100000 0.133333
0 0.884375 0.350000 0.100000 0.133333
0 0.301563 0.727083 0.100000 0.133333
0 0.768750 0.858333 0.100000 0.133333
0 0.700000 0.741667 0.100000 0.133333
0 0.145313 0.375000 0.100000 0.133333
0 0.423438 0.293750 0.100000 0.133333
0 0.798438 0.233333 0.100000 0.133333
0 0.540625 0.818750 0.100000 0.133333
0 0.857812 0.070833 0.100000 0.133333
0 0.454688 0.547917 0.100000 0.133333
0 0.298438 0.675000 0.100000 0.133333
0 0.275000 0.691667 0.100000 0.133333
0 0.514062 0.843750 0.100000 0.133333
0 0.712500 0.625000 0.100000 0.133333
0 0.464062 0.610417 0.100000 0.133333
0 0.325000 0.075000 0.100000 0.133333
0 0.485938 0.625000 0.100000 0.133333
0 0.157812 0.695833 0.100000 0.133333
0 0.746875 0.716667 0.100000 0.133333
0 0.323437 0.837500 0.100000 0.133333
0 0.632812 0.862500 0.100000 0.133333
0 0.525000 0.539583 0.100000 0.133333
0 0.593750 0.466667 0.100000 0.133333
0 0.357812 0.852083 0.100000 0.133333
0 0.475000 0.516667 0.100000 0.133333
0 0.314063 0.110417 0.100000 0.133333
0 0.450000 0.679167 0.100000 0.133333
0 0.296875 0.647917 0.100000 0.133333
0 0.139063 0.589583 0.100000 0.133333
0 0.842187 0.252083 0.100000 0.133333
0 0.432812 0.293750 0.100000 0.133333
0 0.856250 0.804167 0.100000 0.133333
0 0.345313 0.716667 0.100000 0.133333
0 0.596875 0.314583 0.100000 0.133333
0 0.403125 0.131250 0.100000 0.133333
0 0.571875 0.287500 0.100000 0.133333
0 0.653125 0.297917 0.100000 0.133333
0 0.584375 0.277083 0.100000 0.133333
0 0.148438 0.793750 0.100000 0.133333
0 0.279687 0.293750 0.100000 0.133333
0 0.192188 0.425000 0.100000 0.133333
0 0.185938 0.441667 0.100000 0.133333
0 0.518750 0.164583 0.100000 0.133333
0 0.290625 0.877083 0.100000 0.133333
0 0.665625 0.068750 0.100000 0.133333
0 0.118750 0.262500 0.100000 0.133333
0 0.871875 0.535417 0.100000 0.133333
0 0.128125 0.639583 0.100000 0.133333
0 0.195312 0.714583 0.100000 0.133333
0 0.271875 0.552083 0.100000 0.133333
0 0.743750 0.510417 0.100000 0.133333
0 0.639062 0.595833 0.100000 0.133333
0 0.493750 0.675000 0.100000 0.133333
0 0.554688 0.708333 0.100000 0.133333
0 0.590625 0.306250 0.100000 0.133333
0 0.323437 0.785417 0.100000 0.133333
0 0.471875 0.118750 0.100000 0.133333
0 0.520312 0.887500 0.100000 0.133333
0 0.645312 0.768750 0.100000 0.133333
0 0.401562 0.702083 0.100000 0.133333
0 0.579688 0.729167 0.100000 0.133333
0 0.514062 0.354167 0.100000 0.133333
0 0.237500 0.589583 0.100000 0.133333
0 0.107813 0.647917 0.100000 0.133333
0 0.821875 0.241667 0.100000 0.133333
0 0.600000 0.862500 0.100000 0.133333
0 0.662500 0.464583 0.100000 0.133333
0 0.765625 0.606250 0.100000 0.133333
0 0.698438 0.872917 0.100000 0.133333
0 0.739062 0.864583 0.100000 0.133333
0 0.307812 0.206250 0.100000 0.133333
0 0.495312 0.631250 0.100000 0.133333
0 0.262500 0.570833 0.100000 0.133333
0 0.570312 0.891667 0.100000 0.133333
0 0.645312 0.883333 0.100000 0.133333
0 0.592187 0.408333 0.100000 0.133333
1 0.875000 0.656250 0.100000 0.133333
1 0.860938 0.231250 0.100000 0.133333
1 0.296875 0.604167 0.100000 0.133333
1 0.823438 0.150000 0.100000 0.133333
1 0.337500 0.370833 0.100000 0.133333
