0 0.676562 0.135417 0.100000 0.133333
0 0.221875 0.233333 0.100000 0.133333
0 0.609375 0.279167 0.100000 0.133333
0 0.309375 0.289583 0.100000 0.133333
0 0.760938 0.237500 0.100000 0.133333
0 0.150000 0.827083 0.100000 0.133333
0 0.265625 0.364583 0.100000 0.133333
0 0.828125 0.406250 0.100000 0.133333
0 0.656250 0.327083 0.100000 0.133333
0 0.137500 0.837500 0.100000 0.133333
0 0.454688 0.706250 0.100000 0.133333
0 0.254688 0.410417 0.100000 0.133333
0 0.859375 0.800000 0.100000 0.133333
0 0.346875 0.656250 0.100000 0.133333
0 0.384375 0.660417 0.100000 0.133333
0 0.776563 0.720833 0.100000 0.133333
0 0.440625 0.777083 0.100000 0.133333
0 0.689063 0.383333 0.100000 0.133333
0 0.690625 0.533333 0.100000 0.133333
0 0.675000 0.395833 0.100000 0.133333
0 0.539062 0.585417 0.100000 0.133333
0 0.529687 0.429167 0.100000 0.133333
0 0.579688 0.250000 0.100000 0.133333
0 0.309375 0.829167 0.100000 0.133333
0 0.721875 0.195833 0.100000 0.133333
0 0.337500 0.243750 0.100000 0.133333
0 0.585938 0.272917 0.100000 0.133333
0 0.221875 0.372917 0.100000 0.133333
0 0.714063 0.652083 0.100000 0.133333
0 0.196875 0.279167 0.100000 0.133333
0 0.212500 0.685417 0.100000 0.133333
0 0.871875 0.129167 0.100000 0.133333
0 0.835938 0.854167 0.100000 0.133333
0 0.615625 0.870833 0.100000 0.133333
0 0.192188 0.231250 0.100000 0.133333
0 0.409375 0.802083 0.100000 0.133333
0 0.751563 0.277083 0.100000 0.133333
0 0.617188 0.756250 0.100000 0.133333
0 0.289062 0.566667 0.100000 0.133333
0 0.464062 0.458333 0.100000 0.133333
0 0.868750 0.645833 0.100000 0.133333
0 0.107813 0.281250 0.100000 0.133333
0 0.582812 0.889583 0.100000 0.133333
0 0.503125 0.462500 0.100000 0.133333
0 0.631250 0.787500 0.100000 0.133333
0 0.660937 0.606250 0.100000 0.133333
0 0.417187 0.216667 0.100000 0.133333
0 0.232813 0.512500 0.100000 0.133333
0 0.732812 0.460417 0.100000 0.133333
0 0.798438 0.445833 0.100000 0.133333
0 0.343750 0.645833 0.100000 0.133333
0 0.579688 0.850000 0.100000 0.133333
0 0.385937 0.616667 0.100000 0.133333
0 0.503125 0.756250 0.100000 0.133333
0 0.276562 0.766667 0.100000 0.133333
0 0.464062 0.147917 0.100000 0.133333
0 0.431250 0.781250 0.100000 0.133333
0 0.453125 0.702083 0.100000 0.133333
0 0.279687 0.308333 0.100000 0.133333
0 0.517188 0.462500 0.100000 0.133333
0 0.284375 0.491667 0.100000 0.133333
0 0.798438 0.595833 0.100000 0.133333
0 0.476562 0.718750 0.100000 0.133333
0 0.134375 0.179167 0.100000 0.133333
0 0.117188 0.127083 0.100000 0.133333
0 0.145313 0.285417 0.100000 0.133333
0 0.457813 0.145833 0.100000 0.133333
0 0.450000 0.825000 0.100000 0.133333
0 0.821875 0.670833 0.100000 0.133333
0 0.581250 0.643750 0.100000 0.133333
0 0.126562 0.322917 0.100000 0.133333
0 0.251563 0.737500 0.100000 0.133333
0 0.453125 0.439583 0.100000 0.133333
0 0.529687 0.202083 0.100000 0.133333
0 0.214062 0.550000 0.100000 0.133333
0 0.671875 0.160417 0.100000 0.133333
0 0.493750 0.141667 0.100000 0.133333
0 0.576562 0.189583 0.100000 0.133333
0 0.400000 0.093750 0.100000 0.133333
0 0.870313 0.095833 0.100000 0.133333
0 0.229687 0.425000 0.100000 0.133333
0 0.406250 0.854167 0.100000 0.133333
0 0.532813 0.387500 0.100000 0.133333
0 0.392188 0.370833 0.100000 0.133333
0 0.232813 0.868750 0.100000 0.133333
0 0.617188 0.447917 0.100000 0.133333
0 0.348438 0.068750 0.100000 0.133333
0 0.832812 0.725000 0.100000 0.133333
0 0.625000 0.156250 0.100000 0.133333
0 0.626563 0.752083 0.100000 0.133333
0 0.182812 0.293750 0.100000 0.133333
0 0.442188 0.208333 0.100000 0.133333
0 0.753125 0.543750 0.100000 0.133333
0 0.482812 0.500000 0.100000 0.133333
0 0.771875 0.337500 0.100000 0.133333
0 0.632812 0.095833 0.100000 0.133333
0 0.382812 0.891667 0.100000 0.133333
0 0.307812 0.381250 0.100000 0.133333
0 0.554688 0.814583 0.100000 0.133333
0 0.117188 0.456250 0.100000 0.133333
0 0.706250 0.552083 0.100000 0.133333
0 0.376563 0.220833 0.100000 0.133333
0 0.318750 0.702083 0.100000 0.133333
0 0.398438 0.327083 0.100000 0.133333
0 0.612500 0.443750 0.100000 0.133333
0 0.587500 0.870833 0.100000 0.133333
0 0.309375 0.729167 0.100000 0.133333
0 0.228125 0.085417 0.100000 0.133333
0 0.428125 0.660417 0.100000 0.133333
0 0.582812 0.191667 0.100000 0.133333
0 0.823438 0.662500 0.100000 0.133333
0 0.132812 0.297917 0.100000 0.133333
0 0.182812 0.650000 0.100000 0.133333
0 0.339062 0.612500 0.100000 0.133333
0 0.471875 0.587500 0.100000 0.133333
0 0.364063 0.812500 0.100000 0.133333
0 0.539062 0.191667 0.100000 0.133333
0 0.723437 0.104167 0.100000 0.133333
0 0.523438 0.860417 0.100000 0.133333
0 0.257812 0.204167 0.100000 0.133333
0 0.410938 0.102083 0.100000 0.133333
0 0.509375 0.100000 0.100000 0.133333
0 0.400000 0.722917 0.100000 0.133333
0 0.687500 0.372917 0.100000 0.133333
0 0.403125 0.143750 0.100000 0.133333
0 0.175000 0.562500 0.100000 0.133333
0 0.176563 0.868750 0.100000 0.133333
0 0.525000 0.237500 0.100000 0.133333
0 0.862500 0.216667 0.100000 0.133333
0 0.275000 0.350000 0.100000 0.133333
0 0.309375 0.314583 0.100000 0.133333
0 0.339062 0.781250 0.100000 0.133333
0 0.182812 0.377083 0.100000 0.133333
0 0.207813 0.239583 0.100000 0.133333
0 0.326562 0.252083 0.100000 0.133333
0 0.739062 0.485417 0.100000 0.133333
0 0.629687 0.237500 0.100000 0.133333
0 0.254688 0.095833 0.100000 0.133333
0 0.798438 0.366667 0.100000 0.133333
0 0.195312 0.493750 0.100000 0.133333
0 0.379688 0.504167 0.100000 0.133333
0 0.729688 0.220833 0.100000 0.133333
0 0.146875 0.243750 0.100000 0.133333
0 0.392188 0.135417 0.100000 0.133333
0 0.771875 0.466667 0.100000 0.133333
0 0.243750 0.466667 0.100000 0.133333
0 0.393750 0.339583 0.100000 0.133333
0 0.828125 0.300000 0.100000 0.133333
0 0.226562 0.843750 0.100000 0.133333
0 0.887500 0.558333 0.100000 0.133333
1 0.514062 0.864583 0.100000 0.133333
1 0.532813 0.304167 0.100000 0.133333
1 0.571875 0.108333 0.100000 0.133333
1 0.929688 0.335417 0.100000 0.133333
1 0.620313 0.116667 0.100000 0.133333
