0 0.565625 0.508333 0.100000 0.133333
0 0.385937 0.520833 0.100000 0.133333
0 0.345313 0.183333 0.100000 0.133333
0 0.421875 0.158333 0.100000 0.133333
0 0.646875 0.589583 0.100000 0.133333
0 0.146875 0.489583 0.100000 0.133333
0 0.826562 0.522917 0.100000 0.133333
0 0.737500 0.377083 0.100000 0.133333
0 0.571875 0.383333 0.100000 0.133333
0 0.448437 0.162500 0.100000 0.133333
0 0.259375 0.675000 0.100000 0.133333
0 0.378125 0.777083 0.100000 0.133333
0 0.581250 0.241667 0.100000 0.133333
0 0.514062 0.591667 0.100000 0.133333
0 0.565625 0.233333 0.100000 0.133333
0 0.751563 0.687500 0.100000 0.133333
0 0.481250 0.295833 0.100000 0.133333
0 0.209375 0.885417 0.100000 0.133333
0 0.267188 0.602083 0.100000 0.133333
0 0.365625 0.470833 0.100000 0.133333
0 0.585938 0.841667 0.100000 0.133333
0 0.117188 0.785417 0.100000 0.133333
0 0.118750 0.516667 0.100000 0.133333
0 0.351562 0.864583 0.100000 0.133333
0 0.620313 0.797917 0.100000 0.133333
0 0.668750 0.243750 0.100000 0.133333
0 0.620313 0.872917 0.100000 0.133333
0 0.445312 0.835417 0.100000 0.133333
0 0.443750 0.500000 0.100000 0.133333
0 0.595313 0.250000 0.100000 0.133333
0 0.845313 0.777083 0.100000 0.133333
0 0.409375 0.537500 0.100000 0.133333
0 0.735938 0.387500 0.100000 0.133333
0 0.318750 0.558333 0.100000 0.133333
0 0.279687 0.331250 0.100000 0.133333
0 0.525000 0.360417 0.100000 0.133333
0 0.325000 0.866667 0.100000 0.133333
0 0.487500 0.237500 0.100000 0.133333
0 0.517188 0.110417 0.100000 0.133333
0 0.881250 0.185417 0.100000 0.133333
0 0.859375 0.250000 0.100000 0.133333
0 0.604688 0.516667 0.100000 0.133333
0 0.139063 0.189583 0.100000 0.133333
0 0.503125 0.879167 0.100000 0.133333
0 0.703125 0.727083 0.100000 0.133333
0 0.453125 0.881250 0.100000 0.133333
0 0.776563 0.652083 0.100000 0.133333
0 0.567187 0.539583 0.100000 0.133333
0 0.303125 0.222917 0.100000 0.133333
0 0.425000 0.812500 0.100000 0.133333
0 0.631250 0.262500 0.100000 0.133333
0 0.525000 0.489583 0.100000 0.133333
0 0.185938 0.870833 0.100000 0.133333
0 0.573438 0.845833 0.100000 0.133333
0 0.700000 0.522917 0.100000 0.133333
0 0.323437 0.785417 0.100000 0.133333
0 0.284375 0.502083 0.100000 0.133333
0 0.809375 0.733333 0.100000 0.133333
0 0.132812 0.466667 0.100000 0.133333
0 0.703125 0.537500 0.100000 0.133333
0 0.279687 0.808333 0.100000 0.133333
0 0.164062 0.156250 0.100000 0.133333
0 0.126562 0.410417 0.100000 0.133333
0 0.681250 0.129167 0.100000 0.133333
0 0.537500 0.806250 0.100000 0.133333
0 0.521875 0.325000 0.100000 0.133333
0 0.298438 0.377083 0.100000 0.133333
0 0.271875 0.516667 0.100000 0.133333
0 0.854688 0.166667 0.100000 0.133333
0 0.407813 0.614583 0.100000 0.133333
0 0.248438 0.297917 0.100000 0.133333
0 0.781250 0.370833 0.100000 0.133333
0 0.621875 0.095833 0.100000 0.133333
0 0.181250 0.166667 0.100000 0.133333
0 0.209375 0.379167 0.100000 0.133333
0 0.421875 0.220833 0.100000 0.133333
0 0.764062 0.825000 0.100000 0.133333
0 0.334375 0.075000 0.100000 0.133333
0 0.589063 0.329167 0.100000 0.133333
0 0.690625 0.116667 0.100000 0.133333
0 0.159375 0.187500 0.100000 0.133333
0 0.676562 0.685417 0.100000 0.133333
0 0.793750 0.091667 0.100000 0.133333
0 0.595313 0.131250 0.100000 0.133333
0 0.157812 0.562500 0.100000 0.133333
0 0.326562 0.216667 0.100000 0.133333
0 0.695312 0.125000 0.100000 0.133333
0 0.795312 0.404167 0.100000 0.133333
0 0.660937 0.410417 0.100000 0.133333
0 0.390625 0.806250 0.100000 0.133333
0 0.337500 0.158333 0.100000 0.133333
0 0.353125 0.793750 0.100000 0.133333
0 0.509375 0.187500 0.100000 0.133333
0 0.504687 0.864583 0.100000 0.133333
0 0.629687 0.106250 0.100000 0.133333
0 0.128125 0.816667 0.100000 0.133333
0 0.732812 0.814583 0.100000 0.133333
0 0.398438 0.387500 0.100000 0.133333
0 0.579688 0.164583 0.100000 0.133333
0 0.379688 0.181250 0.100000 0.133333
0 0.354687 0.850000 0.100000 0.133333
0 0.493750 0.252083 0.100000 0.133333
0 0.684375 0.166667 0.100000 0.133333
0 0.489063 0.093750 0.100000 0.133333
0 0.448437 0.779167 0.100000 0.133333
0 0.773438 0.256250 0.100000 0.133333
0 0.403125 0.485417 0.100000 0.133333
0 0.103125 0.612500 0.100000 0.133333
0 0.103125 0.708333 0.100000 0.133333
0 0.132812 0.277083 0.100000 0.133333
0 0.754687 0.104167 0.100000 0.133333
0 0.462500 0.131250 0.100000 0.133333
0 0.296875 0.206250 0.100000 0.133333
0 0.671875 0.122917 0.100000 0.133333
0 0.387500 0.445833 0.100000 0.133333
0 0.809375 0.233333 0.100000 0.133333
0 0.156250 0.693750 0.100000 0.133333
0 0.187500 0.408333 0.100000 0.133333
0 0.495312 0.695833 0.100000 0.133333
0 0.240625 0.639583 0.100000 0.133333
0 0.606250 0.664583 0.100000 0.133333
0 0.800000 0.525000 0.100000 0.133333
0 0.598437 0.406250 0.100000 0.133333
0 0.551562 0.225000 0.100000 0.133333
0 0.653125 0.181250 0.100000 0.133333
0 0.765625 0.868750 0.100000 0.133333
0 0.217188 0.764583 0.100000 0.133333
0 0.348438 0.418750 0.100000 0.133333
0 0.770312 0.675000 0.100000 0.133333
0 0.718750 0.366667 0.100000 0.133333
0 0.142187 0.833333 0.100000 0.133333
0 0.728125 0.454167 0.100000 0.133333
0 0.564063 0.722917 0.100000 0.133333
0 0.140625 0.462500 0.100000 0.133333
0 0.328125 0.854167 0.100000 0.133333
0 0.187500 0.389583 0.100000 0.133333
0 0.295312 0.125000 0.100000 0.133333
0 0.437500 0.345833 0.100000 0.133333
0 0.871875 0.477083 0.100000 0.133333
0 0.726562 0.847917 0.100000 0.133333
0 0.395313 0.229167 0.100000 0.133333
0 0.248438 0.108333 0.100000 0.133333
0 0.379688 0.879167 0.100000 0.133333
0 0.660937 0.800000 0.100000 0.133333
0 0.882812 0.383333 0.100000 0.133333
0 0.378125 0.116667 0.100000 0.133333
0 0.417187 0.129167 0.100000 0.133333
0 0.581250 0.195833 0.100000 0.133333
0 0.429688 0.500000 0.100000 0.133333
0 0.589063 0.600000 0.100000 0.133333
1 0.948438 0.170833 0.100000 0.133333
1 0.671875 0.754167 0.100000 0.133333
1 0.645312 0.135417 0.100000 0.133333
1 0.589063 0.847917 0.100000 0.133333
1 0.142187 0.352083 0.100000 0.133333
