0 0.554688 0.212500 0.100000 0.133333
0 0.196875 0.364583 0.100000 0.133333
0 0.250000 0.489583 0.100000 0.133333
0 0.579688 0.475000 0.100000 0.133333
0 0.575000 0.352083 0.100000 0.133333
0 0.825000 0.435417 0.100000 0.133333
0 0.739062 0.147917 0.100000 0.133333
0 0.475000 0.391667 0.100000 0.133333
0 0.792188 0.320833 0.100000 0.133333
0 0.118750 0.837500 0.100000 0.133333
0 0.781250 0.647917 0.100000 0.133333
0 0.104688 0.862500 0.100000 0.133333
0 0.487500 0.843750 0.100000 0.133333
0 0.464062 0.272917 0.100000 0.133333
0 0.889062 0.581250 0.100000 0.133333
0 0.325000 0.875000 0.100000 0.133333
0 0.178125 0.152083 0.100000 0.133333
0 0.890625 0.856250 0.100000 0.133333
0 0.115625 0.202083 0.100000 0.133333
0 0.304688 0.366667 0.100000 0.133333
0 0.325000 0.289583 0.100000 0.133333
0 0.856250 0.675000 0.100000 0.133333
0 0.328125 0.685417 0.100000 0.133333
0 0.139063 0.314583 0.100000 0.133333
0 0.809375 0.079167 0.100000 0.133333
0 0.871875 0.554167 0.100000 0.133333
0 0.301563 0.481250 0.100000 0.133333
0 0.139063 0.554167 0.100000 0.133333
0 0.248438 0.864583 0.100000 0.133333
0 0.639062 0.206250 0.100000 0.133333
0 0.651563 0.183333 0.100000 0.133333
0 0.250000 0.775000 0.100000 0.133333
0 0.387500 0.702083 0.100000 0.133333
0 0.150000 0.106250 0.100000 0.133333
0 0.651563 0.418750 0.100000 0.133333
0 0.779687 0.258333 0.100000 0.133333
0 0.695312 0.277083 0.100000 0.133333
0 0.846875 0.677083 0.100000 0.133333
0 0.279687 0.377083 0.100000 0.133333
0 0.873437 0.256250 0.100000 0.133333
0 0.332813 0.172917 0.100000 0.133333
0 0.290625 0.168750 0.100000 0.133333
0 0.865625 0.147917 0.100000 0.133333
0 0.450000 0.825000 0.100000 0.133333
0 0.656250 0.585417 0.100000 0.133333
0 0.731250 0.889583 0.100000 0.133333
0 0.737500 0.847917 0.100000 0.133333
0 0.232813 0.764583 0.100000 0.133333
0 0.201563 0.522917 0.100000 0.133333
0 0.448437 0.218750 0.100000 0.133333
0 0.889062 0.635417 0.100000 0.133333
0 0.253125 0.470833 0.100000 0.133333
0 0.900000 0.204167 0.100000 0.133333
0 0.201563 0.845833 0.100000 0.133333
0 0.453125 0.297917 0.100000 0.133333
0 0.540625 0.629167 0.100000 0.133333
0 0.712500 0.889583 0.100000 0.133333
0 0.656250 0.597917 0.100000 0.133333
0 0.429688 0.252083 0.100000 0.133333
0 0.693750 0.835417 0.100000 0.133333
0 0.110937 0.177083 0.100000 0.133333
0 0.307812 0.402083 0.100000 0.133333
0 0.353125 0.470833 0.100000 0.133333
0 0.737500 0.839583 0.100000 0.133333
0 0.889062 0.627083 0.100000 0.133333
0 0.120313 0.500000 0.100000 0.133333
0 0.323437 0.814583 0.100000 0.133333
0 0.873437 0.079167 0.100000 0.133333
0 0.325000 0.189583 0.100000 0.133333
0 0.242188 0.179167 0.100000 0.133333
0 0.782813 0.133333 0.100000 0.133333
0 0.710938 0.183333 0.100000 0.133333
0 0.812500 0.439583 0.100000 0.133333
0 0.279687 0.487500 0.100000 0.133333
0 0.492188 0.602083 0.100000 0.133333
0 0.775000 0.097917 0.100000 0.133333
0 0.893750 0.816667 0.100000 0.133333
0 0.600000 0.762500 0.100000 0.133333
0 0.217188 0.229167 0.100000 0.133333
0 0.793750 0.460417 0.100000 0.133333
0 0.695312 0.493750 0.100000 0.133333
0 0.518750 0.583333 0.100000 0.133333
0 0.681250 0.604167 0.100000 0.133333
0 0.717187 0.450000 0.100000 0.133333
0 0.700000 0.854167 0.100000 0.133333
0 0.182812 0.647917 0.100000 0.133333
0 0.404687 0.489583 0.100000 0.133333
0 0.529687 0.531250 0.100000 0.133333
0 0.632812 0.304167 0.100000 0.133333
0 0.120313 0.245833 0.100000 0.133333
0 0.140625 0.135417 0.100000 0.133333
0 0.301563 0.395833 0.100000 0.133333
0 0.343750 0.381250 0.100000 0.133333
0 0.690625 0.737500 0.100000 0.133333
0 0.271875 0.583333 0.100000 0.133333
0 0.489063 0.735417 0.100000 0.133333
0 0.109375 0.675000 0.100000 0.133333
0 0.273438 0.268750 0.100000 0.133333
0 0.485938 0.693750 0.100000 0.133333
0 0.760938 0.645833 0.100000 0.133333
0 0.159375 0.529167 0.100000 0.133333
0 0.415625 0.533333 0.100000 0.133333
0 0.409375 0.875000 0.100000 0.133333
0 0.675000 0.875000 0.100000 0.133333
0 0.318750 0.562500 0.100000 0.133333
0 0.115625 0.858333 0.100000 0.133333
0 0.292187 0.545833 0.100000 0.133333
0 0.887500 0.266667 0.100000 0.133333
0 0.504687 0.585417 0.100000 0.133333
0 0.157812 0.881250 0.100000 0.133333
0 0.235937 0.202083 0.100000 0.133333
0 0.192188 0.577083 0.100000 0.133333
0 0.190625 0.710417 0.100000 0.133333
0 0.300000 0.760417 0.100000 0.133333
0 0.645312 0.718750 0.100000 0.133333
0 0.373437 0.837500 0.100000 0.133333
0 0.487500 0.408333 0.100000 0.133333
0 0.371875 0.289583 0.100000 0.133333
0 0.360938 0.754167 0.100000 0.133333
0 0.810937 0.143750 0.100000 0.133333
0 0.604688 0.081250 0.100000 0.133333
0 0.884375 0.191667 0.100000 0.133333
0 0.581250 0.372917 0.100000 0.133333
0 0.768750 0.670833 0.100000 0.133333
0 0.162500 0.233333 0.100000 0.133333
0 0.421875 0.768750 0.100000 0.133333
0 0.439063 0.685417 0.100000 0.133333
0 0.671875 0.812500 0.100000 0.133333
0 0.334375 0.706250 0.100000 0.133333
0 0.718750 0.110417 0.100000 0.133333
0 0.342187 0.439583 0.100000 0.133333
0 0.401562 0.408333 0.100000 0.133333
0 0.209375 0.733333 0.100000 0.133333
0 0.128125 0.672917 0.100000 0.133333
0 0.467187 0.439583 0.100000 0.133333
0 0.520312 0.225000 0.100000 0.133333
0 0.481250 0.862500 0.100000 0.133333
0 0.557813 0.333333 0.100000 0.133333
0 0.131250 0.639583 0.100000 0.133333
0 0.490625 0.468750 0.100000 0.133333
0 0.275000 0.625000 0.100000 0.133333
0 0.531250 0.554167 0.100000 0.133333
0 0.501563 0.620833 0.100000 0.133333
0 0.193750 0.827083 0.100000 0.133333
0 0.760938 0.435417 0.100000 0.133333
0 0.398438 0.072917 0.100000 0.133333
0 0.734375 0.227083 0.100000 0.133333
0 0.612500 0.850000 0.100000 0.133333
0 0.648438 0.664583 0.100000 0.133333
0 0.125000 0.562500 0.100000 0.133333
1 0.153125 0.504167 0.100000 0.133333
1 0.121875 0.652083 0.100000 0.133333
1 0.442188 0.800000 0.100000 0.133333
1 0.178125 0.577083 0.100000 0.133333
1 0.129688 0.720833 0.100000 0.133333
