0 0.446875 0.868750 0.100000 0.133333
0 0.453125 0.743750 0.100000 0.133333
0 0.260937 0.320833 0.100000 0.133333
0 0.557813 0.147917 0.100000 0.133333
0 0.590625 0.381250 0.100000 0.133333
0 0.490625 0.587500 0.100000 0.133333
0 0.109375 0.410417 0.100000 0.133333
0 0.306250 0.722917 0.100000 0.133333
0 0.817187 0.170833 0.100000 0.133333
0 0.614062 0.687500 0.100000 0.133333
0 0.140625 0.452083 0.100000 0.133333
0 0.304688 0.875000 0.100000 0.133333
0 0.306250 0.808333 0.100000 0.133333
0 0.279687 0.708333 0.100000 0.133333
0 0.145313 0.877083 0.100000 0.133333
0 0.723437 0.679167 0.100000 0.133333
0 0.539062 0.239583 0.100000 0.133333
0 0.434375 0.537500 0.100000 0.133333
0 0.342187 0.745833 0.100000 0.133333
0 0.823438 0.864583 0.100000 0.133333
0 0.495312 0.868750 0.100000 0.133333
0 0.340625 0.858333 0.100000 0.133333
0 0.579688 0.166667 0.100000 0.133333
0 0.628125 0.077083 0.100000 0.133333
0 0.103125 0.856250 0.100000 0.133333
0 0.559375 0.877083 0.100000 0.133333
0 0.581250 0.575000 0.100000 0.133333
0 0.301563 0.179167 0.100000 0.133333
0 0.176563 0.781250 0.100000 0.133333
0 0.312500 0.233333 0.100000 0.133333
0 0.657813 0.108333 0.100000 0.133333
0 0.834375 0.535417 0.100000 0.133333
0 0.439063 0.431250 0.100000 0.133333
0 0.446875 0.670833 0.100000 0.133333
0 0.290625 0.775000 0.100000 0.133333
0 0.521875 0.629167 0.100000 0.133333
0 0.804688 0.602083 0.100000 0.133333
0 0.557813 0.629167 0.100000 0.133333
0 0.264062 0.245833 0.100000 0.133333
0 0.690625 0.666667 0.100000 0.133333
0 0.675000 0.739583 0.100000 0.133333
0 0.356250 0.254167 0.100000 0.133333
0 0.751563 0.789583 0.100000 0.133333
0 0.195312 0.504167 0.100000 0.133333
0 0.831250 0.135417 0.100000 0.133333
0 0.796875 0.629167 0.100000 0.133333
0 0.442188 0.164583 0.100000 0.133333
0 0.446875 0.154167 0.100000 0.133333
0 0.595313 0.256250 0.100000 0.133333
0 0.295312 0.691667 0.100000 0.133333
0 0.281250 0.422917 0.100000 0.133333
0 0.478125 0.216667 0.100000 0.133333
0 0.332813 0.433333 0.100000 0.133333
0 0.579688 0.856250 0.100000 0.133333
0 0.757812 0.831250 0.100000 0.133333
0 0.253125 0.097917 0.100000 0.133333
0 0.537500 0.210417 0.100000 0.133333
0 0.798438 0.262500 0.100000 0.133333
0 0.267188 0.160417 0.100000 0.133333
0 0.482812 0.597917 0.100000 0.133333
0 0.326562 0.372917 0.100000 0.133333
0 0.165625 0.275000 0.100000 0.133333
0 0.826562 0.139583 0.100000 0.133333
0 0.715625 0.350000 0.100000 0.133333
0 0.865625 0.239583 0.100000 0.133333
0 0.135937 0.585417 0.100000 0.133333
0 0.173437 0.320833 0.100000 0.133333
0 0.421875 0.222917 0.100000 0.133333
0 0.203125 0.387500 0.100000 0.133333
0 0.128125 0.502083 0.100000 0.133333
0 0.865625 0.122917 0.100000 0.133333
0 0.776563 0.139583 0.100000 0.133333
0 0.693750 0.110417 0.100000 0.133333
0 0.546875 0.179167 0.100000 0.133333
0 0.153125 0.577083 0.100000 0.133333
0 0.289062 0.087500 0.100000 0.133333
0 0.434375 0.712500 0.100000 0.133333
0 0.178125 0.172917 0.100000 0.133333
0 0.840625 0.364583 0.100000 0.133333
0 0.473438 0.741667 0.100000 0.133333
0 0.468750 0.193750 0.100000 0.133333
0 0.821875 0.443750 0.100000 0.133333
0 0.545312 0.170833 0.100000 0.133333
0 0.518750 0.631250 0.100000 0.133333
0 0.240625 0.345833 0.100000 0.133333
0 0.818750 0.556250 0.100000 0.133333
0 0.179688 0.356250 0.100000 0.133333
0 0.351562 0.162500 0.100000 0.133333
0 0.575000 0.472917 0.100000 0.133333
0 0.292187 0.383333 0.100000 0.133333
0 0.679688 0.391667 0.100000 0.133333
0 0.529687 0.364583 0.100000 0.133333
0 0.700000 0.668750 0.100000 0.133333
0 0.368750 0.843750 0.100000 0.133333
0 0.432812 0.795833 0.100000 0.133333
0 0.673438 0.481250 0.100000 0.133333
0 0.531250 0.562500 0.100000 0.133333
0 0.565625 0.743750 0.100000 0.133333
0 0.315625 0.747917 0.100000 0.133333
0 0.695312 0.831250 0.100000 0.133333
0 0.853125 0.254167 0.100000 0.133333
0 0.420312 0.458333 0.100000 0.133333
0 0.764062 0.379167 0.100000 0.133333
0 0.362500 0.806250 0.100000 0.133333
0 0.381250 0.225000 0.100000 0.133333
0 0.339062 0.150000 0.100000 0.133333
0 0.357812 0.485417 0.100000 0.133333
0 0.353125 0.256250 0.100000 0.133333
0 0.601562 0.489583 0.100000 0.133333
0 0.815625 0.812500 0.100000 0.133333
0 0.351562 0.150000 0.100000 0.133333
0 0.620313 0.866667 0.100000 0.133333
0 0.270313 0.591667 0.100000 0.133333
0 0.312500 0.687500 0.100000 0.133333
0 0.110937 0.120833 0.100000 0.133333
0 0.778125 0.747917 0.100000 0.133333
0 0.770312 0.266667 0.100000 0.133333
0 0.328125 0.702083 0.100000 0.133333
0 0.370312 0.872917 0.100000 0.133333
0 0.825000 0.754167 0.100000 0.133333
0 0.271875 0.625000 0.100000 0.133333
0 0.534375 0.562500 0.100000 0.133333
0 0.735938 0.668750 0.100000 0.133333
0 0.425000 0.687500 0.100000 0.133333
0 0.835938 0.237500 0.100000 0.133333
0 0.651563 0.718750 0.100000 0.133333
0 0.510938 0.508333 0.100000 0.133333
0 0.862500 0.789583 0.100000 0.133333
0 0.312500 0.350000 0.100000 0.133333
0 0.231250 0.110417 0.100000 0.133333
0 0.612500 0.581250 0.100000 0.133333
0 0.715625 0.089583 0.100000 0.133333
0 0.564063 0.456250 0.100000 0.133333
0 0.515625 0.295833 0.100000 0.133333
0 0.479687 0.691667 0.100000 0.133333
0 0.321875 0.543750 0.100000 0.133333
0 0.246875 0.791667 0.100000 0.133333
0 0.243750 0.191667 0.100000 0.133333
0 0.834375 0.325000 0.100000 0.133333
0 0.759375 0.516667 0.100000 0.133333
0 0.817187 0.554167 0.100000 0.133333
0 0.204687 0.837500 0.100000 0.133333
0 0.412500 0.868750 0.100000 0.133333
0 0.278125 0.260417 0.100000 0.133333
0 0.214062 0.429167 0.100000 0.133333
0 0.787500 0.510417 0.100000 0.133333
0 0.329688 0.427083 0.100000 0.133333
0 0.556250 0.445833 0.100000 0.133333
0 0.714063 0.400000 0.100000 0.133333
0 0.790625 0.637500 0.100000 0.133333
1 0.435937 0.420833 0.100000 0.133333
1 0.789062 0.662500 0.100000 0.133333
1 0.529687 0.660417 0.100000 0.133333
1 0.542188 0.420833 0.100000 0.133333
1 0.689063 0.635417 0.100000 0.133333
