0 0.873437 0.489583 0.100000 0.133333
0 0.795312 0.589583 0.100000 0.133333
0 0.839063 0.804167 0.100000 0.133333
0 0.370312 0.508333 0.100000 0.133333
0 0.103125 0.450000 0.100000 0.133333
0 0.384375 0.822917 0.100000 0.133333
0 0.873437 0.558333 0.100000 0.133333
0 0.371875 0.077083 0.100000 0.133333
0 0.368750 0.406250 0.100000 0.133333
0 0.514062 0.543750 0.100000 0.133333
0 0.260937 0.862500 0.100000 0.133333
0 0.768750 0.779167 0.100000 0.133333
0 0.417187 0.770833 0.100000 0.133333
0 0.685937 0.589583 0.100000 0.133333
0 0.275000 0.512500 0.100000 0.133333
0 0.343750 0.391667 0.100000 0.133333
0 0.171875 0.579167 0.100000 0.133333
0 0.451562 0.072917 0.100000 0.133333
0 0.329688 0.387500 0.100000 0.133333
0 0.842187 0.241667 0.100000 0.133333
0 0.403125 0.564583 0.100000 0.133333
0 0.229687 0.252083 0.100000 0.133333
0 0.665625 0.243750 0.100000 0.133333
0 0.687500 0.818750 0.100000 0.133333
0 0.507812 0.600000 0.100000 0.133333
0 0.837500 0.554167 0.100000 0.133333
0 0.565625 0.254167 0.100000 0.133333
0 0.801562 0.195833 0.100000 0.133333
0 0.281250 0.070833 0.100000 0.133333
0 0.798438 0.754167 0.100000 0.133333
0 0.254688 0.481250 0.100000 0.133333
0 0.331250 0.877083 0.100000 0.133333
0 0.607812 0.379167 0.100000 0.133333
0 0.757812 0.287500 0.100000 0.133333
0 0.651563 0.879167 0.100000 0.133333
0 0.228125 0.714583 0.100000 0.133333
0 0.137500 0.122917 0.100000 0.133333
0 0.800000 0.693750 0.100000 0.133333
0 0.137500 0.718750 0.100000 0.133333
0 0.296875 0.375000 0.100000 0.133333
0 0.217188 0.089583 0.100000 0.133333
0 0.484375 0.218750 0.100000 0.133333
0 0.815625 0.483333 0.100000 0.133333
0 0.632812 0.206250 0.100000 0.133333
0 0.900000 0.616667 0.100000 0.133333
0 0.328125 0.620833 0.100000 0.133333
0 0.632812 0.837500 0.100000 0.133333
0 0.867188 0.637500 0.100000 0.133333
0 0.778125 0.081250 0.100000 0.133333
0 0.225000 0.595833 0.100000 0.133333
0 0.276562 0.772917 0.100000 0.133333
0 0.207813 0.291667 0.100000 0.133333
0 0.196875 0.464583 0.100000 0.133333
0 0.759375 0.750000 0.100000 0.133333
0 0.426563 0.239583 0.100000 0.133333
0 0.187500 0.806250 0.100000 0.133333
0 0.893750 0.481250 0.100000 0.133333
0 0.309375 0.443750 0.100000 0.133333
0 0.300000 0.229167 0.100000 0.133333
0 0.712500 0.460417 0.100000 0.133333
0 0.575000 0.831250 0.100000 0.133333
0 0.432812 0.302083 0.100000 0.133333
0 0.179688 0.083333 0.100000 0.133333
0 0.326562 0.670833 0.100000 0.133333
0 0.210938 0.087500 0.100000 0.133333
0 0.751563 0.379167 0.100000 0.133333
0 0.401562 0.737500 0.100000 0.133333
0 0.868750 0.558333 0.100000 0.133333
0 0.404687 0.600000 0.100000 0.133333
0 0.434375 0.643750 0.100000 0.133333
0 0.278125 0.560417 0.100000 0.133333
0 0.164062 0.843750 0.100000 0.133333
0 0.675000 0.087500 0.100000 0.133333
0 0.581250 0.085417 0.100000 0.133333
0 0.610938 0.572917 0.100000 0.133333
0 0.385937 0.114583 0.100000 0.133333
0 0.481250 0.479167 0.100000 0.133333
0 0.693750 0.881250 0.100000 0.133333
0 0.443750 0.768750 0.100000 0.133333
0 0.723437 0.704167 0.100000 0.133333
0 0.293750 0.810417 0.100000 0.133333
0 0.598437 0.195833 0.100000 0.133333
0 0.739062 0.372917 0.100000 0.133333
0 0.745313 0.427083 0.100000 0.133333
0 0.303125 0.191667 0.100000 0.133333
0 0.715625 0.772917 0.100000 0.133333
0 0.579688 0.864583 0.100000 0.133333
0 0.267188 0.879167 0.100000 0.133333
0 0.545312 0.722917 0.100000 0.133333
0 0.325000 0.552083 0.100000 0.133333
0 0.785937 0.243750 0.100000 0.133333
0 0.634375 0.658333 0.100000 0.133333
0 0.356250 0.454167 0.100000 0.133333
0 0.273438 0.772917 0.100000 0.133333
0 0.842187 0.377083 0.100000 0.133333
0 0.450000 0.650000 0.100000 0.133333
0 0.446875 0.643750 0.100000 0.133333
0 0.157812 0.129167 0.100000 0.133333
0 0.321875 0.458333 0.100000 0.133333
0 0.203125 0.731250 0.100000 0.133333
0 0.623437 0.885417 0.100000 0.133333
0 0.435937 0.631250 0.100000 0.133333
0 0.640625 0.083333 0.100000 0.133333
0 0.490625 0.237500 0.100000 0.133333
0 0.175000 0.254167 0.100000 0.133333
0 0.550000 0.304167 0.100000 0.133333
0 0.462500 0.716667 0.100000 0.133333
0 0.773438 0.568750 0.100000 0.133333
0 0.151562 0.710417 0.100000 0.133333
0 0.618750 0.143750 0.100000 0.133333
0 0.335938 0.772917 0.100000 0.133333
0 0.650000 0.881250 0.100000 0.133333
0 0.635938 0.708333 0.100000 0.133333
0 0.759375 0.129167 0.100000 0.133333
0 0.135937 0.185417 0.100000 0.133333
0 0.421875 0.729167 0.100000 0.133333
0 0.434375 0.222917 0.100000 0.133333
0 0.189062 0.460417 0.100000 0.133333
0 0.473438 0.810417 0.100000 0.133333
0 0.501563 0.585417 0.100000 0.133333
0 0.300000 0.450000 0.100000 0.133333
0 0.762500 0.335417 0.100000 0.133333
0 0.389062 0.547917 0.100000 0.133333
0 0.846875 0.256250 0.100000 0.133333
0 0.603125 0.537500 0.100000 0.133333
0 0.407813 0.229167 0.100000 0.133333
0 0.250000 0.752083 0.100000 0.133333
0 0.739062 0.512500 0.100000 0.133333
0 0.364063 0.375000 0.100000 0.133333
0 0.123438 0.495833 0.100000 0.133333
0 0.839063 0.195833 0.100000 0.133333
0 0.581250 0.356250 0.100000 0.133333
0 0.635938 0.170833 0.100000 0.133333
0 0.337500 0.733333 0.100000 0.133333
0 0.178125 0.204167 0.100000 0.133333
0 0.128125 0.229167 0.100000 0.133333
0 0.731250 0.864583 0.100000 0.133333
0 0.656250 0.554167 0.100000 0.133333
0 0.871875 0.593750 0.100000 0.133333
0 0.415625 0.204167 0.100000 0.133333
0 0.681250 0.481250 0.100000 0.133333
0 0.221875 0.852083 0.100000 0.133333
0 0.420312 0.556250 0.100000 0.133333
0 0.543750 0.472917 0.100000 0.133333
0 0.204687 0.287500 0.100000 0.133333
0 0.360938 0.850000 0.100000 0.133333
0 0.800000 0.125000 0.100000 0.133333
0 0.454688 0.443750 0.100000 0.133333
0 0.406250 0.193750 0.100000 0.133333
0 0.376563 0.497917 0.100000 0.133333
1 0.454688 0.439583 0.100000 0.133333
1 0.825000 0.435417 0.100000 0.133333
1 0.154688 0.733333 0.100000 0.133333
1 0.220312 0.606250 0.100000 0.133333
1 0.664062 0.793750 0.100000 0.133333
