0 0.251563 0.785417 0.100000 0.133333
0 0.535937 0.166667 0.100000 0.133333
0 0.692187 0.414583 0.100000 0.133333
0 0.776563 0.666667 0.100000 0.133333
0 0.309375 0.654167 0.100000 0.133333
0 0.517188 0.320833 0.100000 0.133333
0 0.709375 0.258333 0.100000 0.133333
0 0.273438 0.418750 0.100000 0.133333
0 0.235937 0.068750 0.100000 0.133333
0 0.375000 0.627083 0.100000 0.133333
0 0.512500 0.264583 0.100000 0.133333
0 0.179688 0.877083 0.100000 0.133333
0 0.223438 0.200000 0.100000 0.133333
0 0.570312 0.812500 0.100000 0.133333
0 0.543750 0.627083 0.100000 0.133333
0 0.526563 0.700000 0.100000 0.133333
0 0.432812 0.079167 0.100000 0.133333
0 0.170313 0.597917 0.100000 0.133333
0 0.240625 0.435417 0.100000 0.133333
0 0.285938 0.454167 0.100000 0.133333
0 0.228125 0.206250 0.100000 0.133333
0 0.212500 0.370833 0.100000 0.133333
0 0.114062 0.591667 0.100000 0.133333
0 0.723437 0.331250 0.100000 0.133333
0 0.592187 0.435417 0.100000 0.133333
0 0.471875 0.762500 0.100000 0.133333
0 0.465625 0.787500 0.100000 0.133333
0 0.198437 0.731250 0.100000 0.133333
0 0.487500 0.877083 0.100000 0.133333
0 0.393750 0.637500 0.100000 0.133333
0 0.318750 0.575000 0.100000 0.133333
0 0.121875 0.479167 0.100000 0.133333
0 0.104688 0.427083 0.100000 0.133333
0 0.762500 0.439583 0.100000 0.133333
0 0.426563 0.095833 0.100000 0.133333
0 0.759375 0.206250 0.100000 0.133333
0 0.231250 0.616667 0.100000 0.133333
0 0.882812 0.787500 0.100000 0.133333
0 0.621875 0.170833 0.100000 0.133333
0 0.445312 0.479167 0.100000 0.133333
0 0.631250 0.154167 0.100000 0.133333
0 0.714063 0.787500 0.100000 0.133333
0 0.446875 0.345833 0.100000 0.133333
0 0.692187 0.193750 0.100000 0.133333
0 0.576562 0.731250 0.100000 0.133333
0 0.325000 0.364583 0.100000 0.133333
0 0.576562 0.752083 0.100000 0.133333
0 0.650000 0.772917 0.100000 0.133333
0 0.393750 0.239583 0.100000 0.133333
0 0.843750 0.412500 0.100000 0.133333
0 0.757812 0.237500 0.100000 0.133333
0 0.678125 0.135417 0.100000 0.133333
0 0.160938 0.591667 0.100000 0.133333
0 0.893750 0.729167 0.100000 0.133333
0 0.268750 0.522917 0.100000 0.133333
0 0.757812 0.860417 0.100000 0.133333
0 0.726562 0.743750 0.100000 0.133333
0 0.379688 0.491667 0.100000 0.133333
0 0.820312 0.822917 0.100000 0.133333
0 0.696875 0.318750 0.100000 0.133333
0 0.259375 0.364583 0.100000 0.133333
0 0.703125 0.181250 0.100000 0.133333
0 0.278125 0.777083 0.100000 0.133333
0 0.560937 0.614583 0.100000 0.133333
0 0.831250 0.204167 0.100000 0.133333
0 0.426563 0.302083 0.100000 0.133333
0 0.553125 0.845833 0.100000 0.133333
0 0.265625 0.093750 0.100000 0.133333
0 0.475000 0.643750 0.100000 0.133333
0 0.392188 0.616667 0.100000 0.133333
0 0.431250 0.302083 0.100000 0.133333
0 0.342187 0.712500 0.100000 0.133333
0 0.410938 0.858333 0.100000 0.133333
0 0.270313 0.600000 0.100000 0.133333
0 0.600000 0.762500 0.100000 0.133333
0 0.518750 0.125000 0.100000 0.133333
0 0.215625 0.291667 0.100000 0.133333
0 0.479687 0.525000 0.100000 0.133333
0 0.412500 0.347917 0.100000 0.133333
0 0.884375 0.818750 0.100000 0.133333
0 0.357812 0.087500 0.100000 0.133333
0 0.809375 0.368750 0.100000 0.133333
0 0.350000 0.208333 0.100000 0.133333
0 0.212500 0.775000 0.100000 0.133333
0 0.835938 0.825000 0.100000 0.133333
0 0.103125 0.856250 0.100000 0.133333
0 0.125000 0.814583 0.100000 0.133333
0 0.754687 0.535417 0.100000 0.133333
0 0.659375 0.720833 0.100000 0.133333
0 0.271875 0.135417 0.100000 0.133333
0 0.746875 0.439583 0.100000 0.133333
0 0.587500 0.539583 0.100000 0.133333
0 0.320312 0.210417 0.100000 0.133333
0 0.192188 0.281250 0.100000 0.133333
0 0.400000 0.422917 0.100000 0.133333
0 0.153125 0.889583 0.100000 0.133333
0 0.312500 0.631250 0.100000 0.133333
0 0.768750 0.835417 0.100000 0.133333
0 0.625000 0.672917 0.100000 0.133333
0 0.579688 0.752083 0.100000 0.133333
0 0.859375 0.281250 0.100000 0.133333
0 0.778125 0.168750 0.100000 0.133333
0 0.743750 0.470833 0.100000 0.133333
0 0.620313 0.693750 0.100000 0.133333
0 0.332813 0.814583 0.100000 0.133333
0 0.356250 0.756250 0.100000 0.133333
0 0.251563 0.583333 0.100000 0.133333
0 0.151562 0.368750 0.100000 0.133333
0 0.239063 0.441667 0.100000 0.133333
0 0.495312 0.610417 0.100000 0.133333
0 0.504687 0.327083 0.100000 0.133333
0 0.509375 0.637500 0.100000 0.133333
0 0.296875 0.335417 0.100000 0.133333
0 0.728125 0.737500 0.100000 0.133333
0 0.664062 0.218750 0.100000 0.133333
0 0.545312 0.379167 0.100000 0.133333
0 0.796875 0.529167 0.100000 0.133333
0 0.182812 0.583333 0.100000 0.133333
0 0.893750 0.381250 0.100000 0.133333
0 0.521875 0.525000 0.100000 0.133333
0 0.270313 0.154167 0.100000 0.133333
0 0.420312 0.204167 0.100000 0.133333
0 0.703125 0.483333 0.100000 0.133333
0 0.435937 0.247917 0.100000 0.133333
0 0.725000 0.310417 0.100000 0.133333
0 0.628125 0.354167 0.100000 0.133333
0 0.879687 0.114583 0.100000 0.133333
0 0.376563 0.720833 0.100000 0.133333
0 0.696875 0.106250 0.100000 0.133333
0 0.125000 0.797917 0.100000 0.133333
0 0.226562 0.627083 0.100000 0.133333
0 0.298438 0.210417 0.100000 0.133333
0 0.806250 0.802083 0.100000 0.133333
0 0.690625 0.562500 0.100000 0.133333
0 0.706250 0.825000 0.100000 0.133333
0 0.235937 0.816667 0.100000 0.133333
0 0.820312 0.827083 0.100000 0.133333
0 0.495312 0.770833 0.100000 0.133333
0 0.160938 0.662500 0.100000 0.133333
0 0.203125 0.070833 0.100000 0.133333
0 0.635938 0.762500 0.100000 0.133333
0 0.728125 0.206250 0.100000 0.133333
0 0.664062 0.760417 0.100000 0.133333
0 0.662500 0.102083 0.100000 0.133333
0 0.648438 0.650000 0.100000 0.133333
0 0.689063 0.152083 0.100000 0.133333
0 0.793750 0.214583 0.100000 0.133333
0 0.231250 0.618750 0.100000 0.133333
0 0.778125 0.791667 0.100000 0.133333
0 0.242188 0.106250 0.100000 0.133333
1 0.421875 0.727083 0.100000 0.133333
1 0.106250 0.677083 0.100000 0.133333
1 0.556250 0.283333 0.100000 0.133333
1 0.742188 0.289583 0.100000 0.133333
1 0.529687 0.747917 0.100000 0.133333
