0 0.496875 0.241667 0.100000 0.133333
0 0.175000 0.806250 0.100000 0.133333
0 0.262500 0.481250 0.100000 0.133333
0 0.560937 0.235417 0.100000 0.133333
0 0.892188 0.462500 0.100000 0.133333
0 0.621875 0.802083 0.100000 0.133333
0 0.648438 0.116667 0.100000 0.133333
0 0.692187 0.877083 0.100000 0.133333
0 0.354687 0.731250 0.100000 0.133333
0 0.278125 0.158333 0.100000 0.133333
0 0.817187 0.152083 0.100000 0.133333
0 0.110937 0.239583 0.100000 0.133333
0 0.553125 0.852083 0.100000 0.133333
0 0.393750 0.579167 0.100000 0.133333
0 0.798438 0.068750 0.100000 0.133333
0 0.831250 0.295833 0.100000 0.133333
0 0.462500 0.791667 0.100000 0.133333
0 0.425000 0.433333 0.100000 0.133333
0 0.842187 0.872917 0.100000 0.133333
0 0.825000 0.229167 0.100000 0.133333
0 0.692187 0.672917 0.100000 0.133333
0 0.689063 0.543750 0.100000 0.133333
0 0.159375 0.843750 0.100000 0.133333
0 0.546875 0.177083 0.100000 0.133333
0 0.562500 0.245833 0.100000 0.133333
0 0.639062 0.197917 0.100000 0.133333
0 0.465625 0.095833 0.100000 0.133333
0 0.287500 0.364583 0.100000 0.133333
0 0.882812 0.375000 0.100000 0.133333
0 0.521875 0.477083 0.100000 0.133333
0 0.678125 0.631250 0.100000 0.133333
0 0.595313 0.527083 0.100000 0.133333
0 0.198437 0.868750 0.100000 0.133333
0 0.593750 0.539583 0.100000 0.133333
0 0.118750 0.822917 0.100000 0.133333
0 0.181250 0.681250 0.100000 0.133333
0 0.365625 0.725000 0.100000 0.133333
0 0.642188 0.227083 0.100000 0.133333
0 0.381250 0.502083 0.100000 0.133333
0 0.660937 0.522917 0.100000 0.133333
0 0.789062 0.237500 0.100000 0.133333
0 0.606250 0.852083 0.100000 0.133333
0 0.632812 0.804167 0.100000 0.133333
0 0.325000 0.137500 0.100000 0.133333
0 0.846875 0.618750 0.100000 0.133333
0 0.370312 0.722917 0.100000 0.133333
0 0.162500 0.737500 0.100000 0.133333
0 0.470313 0.647917 0.100000 0.133333
0 0.228125 0.154167 0.100000 0.133333
0 0.112500 0.889583 0.100000 0.133333
0 0.551562 0.562500 0.100000 0.133333
0 0.534375 0.506250 0.100000 0.133333
0 0.679688 0.450000 0.100000 0.133333
0 0.635938 0.460417 0.100000 0.133333
0 0.389062 0.675000 0.100000 0.133333
0 0.223438 0.466667 0.100000 0.133333
0 0.468750 0.414583 0.100000 0.133333
0 0.175000 0.510417 0.100000 0.133333
0 0.531250 0.537500 0.100000 0.133333
0 0.170313 0.216667 0.100000 0.133333
0 0.545312 0.685417 0.100000 0.133333
0 0.517188 0.189583 0.100000 0.133333
0 0.785937 0.689583 0.100000 0.133333
0 0.559375 0.843750 0.100000 0.133333
0 0.223438 0.429167 0.100000 0.133333
0 0.329688 0.622917 0.100000 0.133333
0 0.690625 0.506250 0.100000 0.133333
0 0.692187 0.510417 0.100000 0.133333
0 0.825000 0.891667 0.100000 0.133333
0 0.796875 0.825000 0.100000 0.133333
0 0.428125 0.466667 0.100000 0.133333
0 0.835938 0.385417 0.100000 0.133333
0 0.857812 0.891667 0.100000 0.133333
0 0.284375 0.483333 0.100000 0.133333
0 0.120313 0.108333 0.100000 0.133333
0 0.714063 0.343750 0.100000 0.133333
0 0.562500 0.072917 0.100000 0.133333
0 0.196875 0.568750 0.100000 0.133333
0 0.535937 0.787500 0.100000 0.133333
0 0.604688 0.366667 0.100000 0.133333
0 0.310937 0.164583 0.100000 0.133333
0 0.251563 0.756250 0.100000 0.133333
0 0.242188 0.850000 0.100000 0.133333
0 0.710938 0.833333 0.100000 0.133333
0 0.325000 0.483333 0.100000 0.133333
0 0.553125 0.693750 0.100000 0.133333
0 0.500000 0.616667 0.100000 0.133333
0 0.535937 0.070833 0.100000 0.133333
0 0.167187 0.768750 0.100000 0.133333
0 0.834375 0.764583 0.100000 0.133333
0 0.145313 0.220833 0.100000 0.133333
0 0.204687 0.210417 0.100000 0.133333
0 0.454688 0.800000 0.100000 0.133333
0 0.707812 0.170833 0.100000 0.133333
0 0.517188 0.864583 0.100000 0.133333
0 0.634375 0.847917 0.100000 0.133333
0 0.337500 0.370833 0.100000 0.133333
0 0.104688 0.735417 0.100000 0.133333
0 0.600000 0.693750 0.100000 0.133333
0 0.104688 0.864583 0.100000 0.133333
0 0.584375 0.181250 0.100000 0.133333
0 0.856250 0.083333 0.100000 0.133333
0 0.701562 0.610417 0.100000 0.133333
0 0.623437 0.193750 0.100000 0.133333
0 0.629687 0.443750 0.100000 0.133333
0 0.296875 0.702083 0.100000 0.133333
0 0.526563 0.856250 0.100000 0.133333
0 0.870313 0.756250 0.100000 0.133333
0 0.354687 0.206250 0.100000 0.133333
0 0.131250 0.681250 0.100000 0.133333
0 0.679688 0.827083 0.100000 0.133333
0 0.209375 0.808333 0.100000 0.133333
0 0.489063 0.487500 0.100000 0.133333
0 0.300000 0.466667 0.100000 0.133333
0 0.850000 0.139583 0.100000 0.133333
0 0.873437 0.554167 0.100000 0.133333
0 0.734375 0.489583 0.100000 0.133333
0 0.787500 0.241667 0.100000 0.133333
0 0.582812 0.675000 0.100000 0.133333
0 0.468750 0.493750 0.100000 0.133333
0 0.871875 0.791667 0.100000 0.133333
0 0.815625 0.308333 0.100000 0.133333
0 0.815625 0.610417 0.100000 0.133333
0 0.803125 0.262500 0.100000 0.133333
0 0.185938 0.304167 0.100000 0.133333
0 0.128125 0.297917 0.100000 0.133333
0 0.201563 0.195833 0.100000 0.133333
0 0.790625 0.231250 0.100000 0.133333
0 0.593750 0.350000 0.100000 0.133333
0 0.351562 0.164583 0.100000 0.133333
0 0.882812 0.595833 0.100000 0.133333
0 0.881250 0.727083 0.100000 0.133333
0 0.298438 0.229167 0.100000 0.133333
0 0.390625 0.695833 0.100000 0.133333
0 0.296875 0.297917 0.100000 0.133333
0 0.454688 0.850000 0.100000 0.133333
0 0.520312 0.616667 0.100000 0.133333
0 0.785937 0.531250 0.100000 0.133333
0 0.132812 0.685417 0.100000 0.133333
0 0.828125 0.854167 0.100000 0.133333
0 0.151562 0.510417 0.100000 0.133333
0 0.728125 0.652083 0.100000 0.133333
0 0.709375 0.360417 0.100000 0.133333
0 0.845313 0.383333 0.100000 0.133333
0 0.610938 0.212500 0.100000 0.133333
0 0.148438 0.512500 0.100000 0.133333
0 0.256250 0.847917 0.100000 0.133333
0 0.589063 0.891667 0.100000 0.133333
0 0.221875 0.270833 0.100000 0.133333
0 0.310937 0.535417 0.100000 0.133333
1 0.371875 0.383333 0.100000 0.133333
1 0.431250 0.687500 0.100000 0.133333
1 0.423438 0.587500 0.100000 0.133333
1 0.134375 0.466667 0.100000 0.133333
1 0.087500 0.272917 0.100000 0.133333
