0 0.417187 0.587500 0.100000 0.133333
0 0.548438 0.245833 0.100000 0.133333
0 0.485938 0.131250 0.100000 0.133333
0 0.568750 0.512500 0.100000 0.133333
0 0.304688 0.627083 0.100000 0.133333
0 0.810937 0.327083 0.100000 0.133333
0 0.664062 0.806250 0.100000 0.133333
0 0.704688 0.095833 0.100000 0.133333
0 0.185938 0.243750 0.100000 0.133333
0 0.629687 0.095833 0.100000 0.133333
0 0.320312 0.675000 0.100000 0.133333
0 0.145313 0.137500 0.100000 0.133333
0 0.389062 0.670833 0.100000 0.133333
0 0.528125 0.695833 0.100000 0.133333
0 0.606250 0.383333 0.100000 0.133333
0 0.125000 0.168750 0.100000 0.133333
0 0.418750 0.668750 0.100000 0.133333
0 0.264062 0.345833 0.100000 0.133333
0 0.300000 0.212500 0.100000 0.133333
0 0.698438 0.072917 0.100000 0.133333
0 0.643750 0.625000 0.100000 0.133333
0 0.670312 0.235417 0.100000 0.133333
0 0.365625 0.802083 0.100000 0.133333
0 0.231250 0.522917 0.100000 0.133333
0 0.729688 0.293750 0.100000 0.133333
0 0.629687 0.677083 0.100000 0.133333
0 0.181250 0.856250 0.100000 0.133333
0 0.385937 0.302083 0.100000 0.133333
0 0.876563 0.564583 0.100000 0.133333
0 0.145313 0.879167 0.100000 0.133333
0 0.548438 0.847917 0.100000 0.133333
0 0.409375 0.354167 0.100000 0.133333
0 0.520312 0.745833 0.100000 0.133333
0 0.282813 0.195833 0.100000 0.133333
0 0.435937 0.304167 0.100000 0.133333
0 0.115625 0.716667 0.100000 0.133333
0 0.628125 0.277083 0.100000 0.133333
0 0.135937 0.504167 0.100000 0.133333
0 0.217188 0.375000 0.100000 0.133333
0 0.706250 0.089583 0.100000 0.133333
0 0.453125 0.814583 0.100000 0.133333
0 0.865625 0.481250 0.100000 0.133333
0 0.451562 0.187500 0.100000 0.133333
0 0.595313 0.329167 0.100000 0.133333
0 0.664062 0.777083 0.100000 0.133333
0 0.826562 0.318750 0.100000 0.133333
0 0.806250 0.464583 0.100000 0.133333
0 0.495312 0.764583 0.100000 0.133333
0 0.795312 0.539583 0.100000 0.133333
0 0.518750 0.302083 0.100000 0.133333
0 0.318750 0.154167 0.100000 0.133333
0 0.201563 0.525000 0.100000 0.133333
0 0.200000 0.281250 0.100000 0.133333
0 0.398438 0.293750 0.100000 0.133333
0 0.579688 0.087500 0.100000 0.133333
0 0.201563 0.827083 0.100000 0.133333
0 0.387500 0.083333 0.100000 0.133333
0 0.768750 0.868750 0.100000 0.133333
0 0.529687 0.683333 0.100000 0.133333
0 0.695312 0.489583 0.100000 0.133333
0 0.625000 0.079167 0.100000 0.133333
0 0.862500 0.612500 0.100000 0.133333
0 0.668750 0.508333 0.100000 0.133333
0 0.495312 0.268750 0.100000 0.133333
0 0.571875 0.197917 0.100000 0.133333
0 0.760938 0.156250 0.100000 0.133333
0 0.115625 0.685417 0.100000 0.133333
0 0.404687 0.575000 0.100000 0.133333
0 0.542188 0.347917 0.100000 0.133333
0 0.685937 0.081250 0.100000 0.133333
0 0.426563 0.322917 0.100000 0.133333
0 0.209375 0.877083 0.100000 0.133333
0 0.757812 0.291667 0.100000 0.133333
0 0.282813 0.364583 0.100000 0.133333
0 0.889062 0.145833 0.100000 0.133333
0 0.242188 0.602083 0.100000 0.133333
0 0.171875 0.491667 0.100000 0.133333
0 0.187500 0.487500 0.100000 0.133333
0 0.410938 0.850000 0.100000 0.133333
0 0.307812 0.750000 0.100000 0.133333
0 0.243750 0.679167 0.100000 0.133333
0 0.860938 0.639583 0.100000 0.133333
0 0.396875 0.733333 0.100000 0.133333
0 0.618750 0.318750 0.100000 0.133333
0 0.692187 0.812500 0.100000 0.133333
0 0.214062 0.789583 0.100000 0.133333
0 0.681250 0.541667 0.100000 0.133333
0 0.642188 0.764583 0.100000 0.133333
0 0.343750 0.250000 0.100000 0.133333
0 0.162500 0.379167 0.100000 0.133333
0 0.517188 0.833333 0.100000 0.133333
0 0.537500 0.887500 0.100000 0.133333
0 0.543750 0.170833 0.100000 0.133333
0 0.378125 0.710417 0.100000 0.133333
0 0.265625 0.085417 0.100000 0.133333
0 0.378125 0.514583 0.100000 0.133333
0 0.520312 0.191667 0.100000 0.133333
0 0.495312 0.400000 0.100000 0.133333
0 0.492188 0.327083 0.100000 0.133333
0 0.609375 0.883333 0.100000 0.133333
0 0.798438 0.475000 0.100000 0.133333
0 0.157812 0.845833 0.100000 0.133333
0 0.390625 0.393750 0.100000 0.133333
0 0.198437 0.795833 0.100000 0.133333
0 0.379688 0.597917 0.100000 0.133333
0 0.523438 0.150000 0.100000 0.133333
0 0.334375 0.716667 0.100000 0.133333
0 0.134375 0.779167 0.100000 0.133333
0 0.560937 0.360417 0.100000 0.133333
0 0.207813 0.658333 0.100000 0.133333
0 0.570312 0.202083 0.100000 0.133333
0 0.760938 0.185417 0.100000 0.133333
0 0.871875 0.797917 0.100000 0.133333
0 0.123438 0.325000 0.100000 0.133333
0 0.610938 0.220833 0.100000 0.133333
0 0.473438 0.695833 0.100000 0.133333
0 0.360938 0.825000 0.100000 0.133333
0 0.389062 0.877083 0.100000 0.133333
0 0.192188 0.129167 0.100000 0.133333
0 0.718750 0.608333 0.100000 0.133333
0 0.873437 0.833333 0.100000 0.133333
0 0.665625 0.397917 0.100000 0.133333
0 0.692187 0.737500 0.100000 0.133333
0 0.140625 0.618750 0.100000 0.133333
0 0.879687 0.564583 0.100000 0.133333
0 0.214062 0.658333 0.100000 0.133333
0 0.421875 0.783333 0.100000 0.133333
0 0.700000 0.758333 0.100000 0.133333
0 0.489063 0.570833 0.100000 0.133333
0 0.521875 0.262500 0.100000 0.133333
0 0.682813 0.437500 0.100000 0.133333
0 0.404687 0.314583 0.100000 0.133333
0 0.568750 0.325000 0.100000 0.133333
0 0.585938 0.385417 0.100000 0.133333
0 0.587500 0.356250 0.100000 0.133333
0 0.448437 0.650000 0.100000 0.133333
0 0.810937 0.191667 0.100000 0.133333
0 0.842187 0.879167 0.100000 0.133333
0 0.218750 0.829167 0.100000 0.133333
0 0.631250 0.095833 0.100000 0.133333
0 0.606250 0.106250 0.100000 0.133333
0 0.698438 0.116667 0.100000 0.133333
0 0.229687 0.808333 0.100000 0.133333
0 0.701562 0.097917 0.100000 0.133333
0 0.778125 0.456250 0.100000 0.133333
0 0.160938 0.258333 0.100000 0.133333
0 0.400000 0.600000 0.100000 0.133333
0 0.723437 0.114583 0.100000 0.133333
0 0.467187 0.285417 0.100000 0.133333
0 0.101562 0.881250 0.100000 0.133333
1 0.864062 0.652083 0.100000 0.133333
1 0.454688 0.435417 0.100000 0.133333
1 0.176563 0.841667 0.100000 0.133333
1 0.228125 0.529167 0.100000 0.133333
1 0.264062 0.479167 0.100000 0.133333
