0 0.251563 0.139583 0.100000 0.133333
0 0.545312 0.410417 0.100000 0.133333
0 0.734375 0.860417 0.100000 0.133333
0 0.204687 0.762500 0.100000 0.133333
0 0.746875 0.541667 0.100000 0.133333
0 0.568750 0.575000 0.100000 0.133333
0 0.881250 0.081250 0.100000 0.133333
0 0.692187 0.197917 0.100000 0.133333
0 0.825000 0.497917 0.100000 0.133333
0 0.318750 0.785417 0.100000 0.133333
0 0.425000 0.885417 0.100000 0.133333
0 0.775000 0.529167 0.100000 0.133333
0 0.457813 0.791667 0.100000 0.133333
0 0.712500 0.791667 0.100000 0.133333
0 0.328125 0.137500 0.100000 0.133333
0 0.187500 0.191667 0.100000 0.133333
0 0.735938 0.820833 0.100000 0.133333
0 0.117188 0.825000 0.100000 0.133333
0 0.864062 0.770833 0.100000 0.133333
0 0.443750 0.175000 0.100000 0.133333
0 0.309375 0.795833 0.100000 0.133333
0 0.498437 0.385417 0.100000 0.133333
0 0.785937 0.072917 0.100000 0.133333
0 0.478125 0.168750 0.100000 0.133333
0 0.487500 0.372917 0.100000 0.133333
0 0.631250 0.510417 0.100000 0.133333
0 0.284375 0.839583 0.100000 0.133333
0 0.256250 0.452083 0.100000 0.133333
0 0.701562 0.481250 0.100000 0.133333
0 0.120313 0.220833 0.100000 0.133333
0 0.590625 0.164583 0.100000 0.133333
0 0.425000 0.575000 0.100000 0.133333
0 0.125000 0.083333 0.100000 0.133333
0 0.528125 0.847917 0.100000 0.133333
0 0.134375 0.735417 0.100000 0.133333
0 0.515625 0.216667 0.100000 0.133333
0 0.570312 0.560417 0.100000 0.133333
0 0.426563 0.443750 0.100000 0.133333
0 0.821875 0.106250 0.100000 0.133333
0 0.195312 0.166667 0.100000 0.133333
0 0.103125 0.127083 0.100000 0.133333
0 0.462500 0.639583 0.100000 0.133333
0 0.615625 0.156250 0.100000 0.133333
0 0.528125 0.139583 0.100000 0.133333
0 0.493750 0.431250 0.100000 0.133333
0 0.339062 0.162500 0.100000 0.133333
0 0.584375 0.793750 0.100000 0.133333
0 0.223438 0.737500 0.100000 0.133333
0 0.431250 0.179167 0.100000 0.133333
0 0.389062 0.072917 0.100000 0.133333
0 0.553125 0.583333 0.100000 0.133333
0 0.673438 0.677083 0.100000 0.133333
0 0.759375 0.187500 0.100000 0.133333
0 0.703125 0.197917 0.100000 0.133333
0 0.223438 0.689583 0.100000 0.133333
0 0.559375 0.431250 0.100000 0.133333
0 0.743750 0.347917 0.100000 0.133333
0 0.506250 0.414583 0.100000 0.133333
0 0.196875 0.352083 0.100000 0.133333
0 0.270313 0.137500 0.100000 0.133333
0 0.556250 0.543750 0.100000 0.133333
0 0.160938 0.318750 0.100000 0.133333
0 0.210938 0.447917 0.100000 0.133333
0 0.821875 0.137500 0.100000 0.133333
0 0.764062 0.252083 0.100000 0.133333
0 0.660937 0.658333 0.100000 0.133333
0 0.467187 0.506250 0.100000 0.133333
0 0.287500 0.329167 0.100000 0.133333
0 0.509375 0.316667 0.100000 0.133333
0 0.792188 0.295833 0.100000 0.133333
0 0.385937 0.762500 0.100000 0.133333
0 0.671875 0.245833 0.100000 0.133333
0 0.503125 0.635417 0.100000 0.133333
0 0.678125 0.483333 0.100000 0.133333
0 0.484375 0.845833 0.100000 0.133333
0 0.507812 0.666667 0.100000 0.133333
0 0.487500 0.347917 0.100000 0.133333
0 0.407813 0.304167 0.100000 0.133333
0 0.575000 0.216667 0.100000 0.133333
0 0.193750 0.114583 0.100000 0.133333
0 0.278125 0.441667 0.100000 0.133333
0 0.565625 0.712500 0.100000 0.133333
0 0.385937 0.583333 0.100000 0.133333
0 0.514062 0.418750 0.100000 0.133333
0 0.510938 0.629167 0.100000 0.133333
0 0.485938 0.189583 0.100000 0.133333
0 0.193750 0.295833 0.100000 0.133333
0 0.131250 0.464583 0.100000 0.133333
0 0.253125 0.541667 0.100000 0.133333
0 0.406250 0.585417 0.100000 0.133333
0 0.710938 0.131250 0.100000 0.133333
0 0.267188 0.579167 0.100000 0.133333
0 0.696875 0.818750 0.100000 0.133333
0 0.887500 0.804167 0.100000 0.133333
0 0.612500 0.654167 0.100000 0.133333
0 0.643750 0.385417 0.100000 0.133333
0 0.604688 0.337500 0.100000 0.133333
0 0.465625 0.812500 0.100000 0.133333
0 0.862500 0.287500 0.100000 0.133333
0 0.670312 0.187500 0.100000 0.133333
0 0.684375 0.616667 0.100000 0.133333
0 0.495312 0.625000 0.100000 0.133333
0 0.718750 0.466667 0.100000 0.133333
0 0.837500 0.664583 0.100000 0.133333
0 0.893750 0.104167 0.100000 0.133333
0 0.181250 0.420833 0.100000 0.133333
0 0.757812 0.868750 0.100000 0.133333
0 0.168750 0.452083 0.100000 0.133333
0 0.825000 0.731250 0.100000 0.133333
0 0.665625 0.562500 0.100000 0.133333
0 0.454688 0.695833 0.100000 0.133333
0 0.556250 0.681250 0.100000 0.133333
0 0.896875 0.104167 0.100000 0.133333
0 0.729688 0.829167 0.100000 0.133333
0 0.782813 0.627083 0.100000 0.133333
0 0.812500 0.781250 0.100000 0.133333
0 0.357812 0.139583 0.100000 0.133333
0 0.687500 0.197917 0.100000 0.133333
0 0.603125 0.352083 0.100000 0.133333
0 0.367188 0.797917 0.100000 0.133333
0 0.604688 0.175000 0.100000 0.133333
0 0.646875 0.777083 0.100000 0.133333
0 0.762500 0.822917 0.100000 0.133333
0 0.726562 0.122917 0.100000 0.133333
0 0.743750 0.504167 0.100000 0.133333
0 0.762500 0.727083 0.100000 0.133333
0 0.184375 0.375000 0.100000 0.133333
0 0.676562 0.312500 0.100000 0.133333
0 0.704688 0.837500 0.100000 0.133333
0 0.271875 0.833333 0.100000 0.133333
0 0.276562 0.458333 0.100000 0.133333
0 0.346875 0.137500 0.100000 0.133333
0 0.829688 0.658333 0.100000 0.133333
0 0.739062 0.106250 0.100000 0.133333
0 0.410938 0.764583 0.100000 0.133333
0 0.462500 0.770833 0.100000 0.133333
0 0.325000 0.756250 0.100000 0.133333
0 0.676562 0.637500 0.100000 0.133333
0 0.421875 0.650000 0.100000 0.133333
0 0.429688 0.725000 0.100000 0.133333
0 0.635938 0.272917 0.100000 0.133333
0 0.814063 0.375000 0.100000 0.133333
0 0.781250 0.347917 0.100000 0.133333
0 0.281250 0.466667 0.100000 0.133333
0 0.104688 0.335417 0.100000 0.133333
0 0.814063 0.333333 0.100000 0.133333
0 0.840625 0.185417 0.100000 0.133333
0 0.535937 0.885417 0.100000 0.133333
0 0.865625 0.835417 0.100000 0.133333
0 0.792188 0.160417 0.100000 0.133333
1 0.350000 0.429167 0.100000 0.133333
1 0.295312 0.297917 0.100000 0.133333
1 0.103125 0.227083 0.100000 0.133333
1 0.687500 0.247917 0.100000 0.133333
1 0.193750 0.604167 0.100000 0.133333
