0 0.595313 0.866667 0.100000 0.133333
0 0.496875 0.404167 0.100000 0.133333
0 0.537500 0.891667 0.100000 0.133333
0 0.310937 0.164583 0.100000 0.133333
0 0.237500 0.531250 0.100000 0.133333
0 0.551562 0.095833 0.100000 0.133333
0 0.500000 0.870833 0.100000 0.133333
0 0.101562 0.262500 0.100000 0.133333
0 0.267188 0.277083 0.100000 0.133333
0 0.760938 0.797917 0.100000 0.133333
0 0.365625 0.504167 0.100000 0.133333
0 0.157812 0.370833 0.100000 0.133333
0 0.643750 0.297917 0.100000 0.133333
0 0.871875 0.875000 0.100000 0.133333
0 0.412500 0.477083 0.100000 0.133333
0 0.679688 0.666667 0.100000 0.133333
0 0.310937 0.250000 0.100000 0.133333
0 0.121875 0.320833 0.100000 0.133333
0 0.760938 0.089583 0.100000 0.133333
0 0.275000 0.735417 0.100000 0.133333
0 0.540625 0.564583 0.100000 0.133333
0 0.326562 0.391667 0.100000 0.133333
0 0.239063 0.227083 0.100000 0.133333
0 0.710938 0.243750 0.100000 0.133333
0 0.784375 0.183333 0.100000 0.133333
0 0.526563 0.737500 0.100000 0.133333
0 0.407813 0.356250 0.100000 0.133333
0 0.801562 0.625000 0.100000 0.133333
0 0.268750 0.458333 0.100000 0.133333
0 0.350000 0.404167 0.100000 0.133333
0 0.878125 0.220833 0.100000 0.133333
0 0.329688 0.804167 0.100000 0.133333
0 0.264062 0.081250 0.100000 0.133333
0 0.600000 0.514583 0.100000 0.133333
0 0.381250 0.768750 0.100000 0.133333
0 0.876563 0.120833 0.100000 0.133333
0 0.567187 0.331250 0.100000 0.133333
0 0.870313 0.677083 0.100000 0.133333
0 0.706250 0.091667 0.100000 0.133333
0 0.343750 0.152083 0.100000 0.133333
0 0.278125 0.704167 0.100000 0.133333
0 0.392188 0.283333 0.100000 0.133333
0 0.414062 0.245833 0.100000 0.133333
0 0.440625 0.554167 0.100000 0.133333
0 0.304688 0.231250 0.100000 0.133333
0 0.340625 0.712500 0.100000 0.133333
0 0.807813 0.875000 0.100000 0.133333
0 0.564063 0.258333 0.100000 0.133333
0 0.778125 0.362500 0.100000 0.133333
0 0.896875 0.241667 0.100000 0.133333
0 0.679688 0.512500 0.100000 0.133333
0 0.512500 0.891667 0.100000 0.133333
0 0.193750 0.081250 0.100000 0.133333
0 0.787500 0.218750 0.100000 0.133333
0 0.860938 0.414583 0.100000 0.133333
0 0.390625 0.462500 0.100000 0.133333
0 0.228125 0.856250 0.100000 0.133333
0 0.692187 0.610417 0.100000 0.133333
0 0.690625 0.210417 0.100000 0.133333
0 0.332813 0.458333 0.100000 0.133333
0 0.793750 0.625000 0.100000 0.133333
0 0.734375 0.691667 0.100000 0.133333
0 0.834375 0.768750 0.100000 0.133333
0 0.764062 0.781250 0.100000 0.133333
0 0.598437 0.302083 0.100000 0.133333
0 0.787500 0.391667 0.100000 0.133333
0 0.685937 0.531250 0.100000 0.133333
0 0.429688 0.852083 0.100000 0.133333
0 0.879687 0.647917 0.100000 0.133333
0 0.337500 0.718750 0.100000 0.133333
0 0.626563 0.612500 0.100000 0.133333
0 0.495312 0.693750 0.100000 0.133333
0 0.614062 0.512500 0.100000 0.133333
0 0.856250 0.891667 0.100000 0.133333
0 0.717187 0.479167 0.100000 0.133333
0 0.837500 0.197917 0.100000 0.133333
0 0.145313 0.468750 0.100000 0.133333
0 0.426563 0.781250 0.100000 0.133333
0 0.712500 0.095833 0.100000 0.133333
0 0.754687 0.656250 0.100000 0.133333
0 0.362500 0.354167 0.100000 0.133333
0 0.154688 0.406250 0.100000 0.133333
0 0.870313 0.858333 0.100000 0.133333
0 0.787500 0.410417 0.100000 0.133333
0 0.106250 0.272917 0.100000 0.133333
0 0.637500 0.585417 0.100000 0.133333
0 0.351562 0.154167 0.100000 0.133333
0 0.609375 0.177083 0.100000 0.133333
0 0.195312 0.506250 0.100000 0.133333
0 0.134375 0.108333 0.100000 0.133333
0 0.848437 0.177083 0.100000 0.133333
0 0.714063 0.443750 0.100000 0.133333
0 0.790625 0.402083 0.100000 0.133333
0 0.534375 0.093750 0.100000 0.133333
0 0.546875 0.179167 0.100000 0.133333
0 0.875000 0.854167 0.100000 0.133333
0 0.429688 0.241667 0.100000 0.133333
0 0.421875 0.864583 0.100000 0.133333
0 0.690625 0.095833 0.100000 0.133333
0 0.354687 0.429167 0.100000 0.133333
0 0.546875 0.575000 0.100000 0.133333
0 0.582812 0.225000 0.100000 0.133333
0 0.170313 0.193750 0.100000 0.133333
0 0.754687 0.820833 0.100000 0.133333
0 0.360938 0.085417 0.100000 0.133333
0 0.285938 0.718750 0.100000 0.133333
0 0.648438 0.170833 0.100000 0.133333
0 0.526563 0.689583 0.100000 0.133333
0 0.121875 0.206250 0.100000 0.133333
0 0.576562 0.254167 0.100000 0.133333
0 0.835938 0.104167 0.100000 0.133333
0 0.510938 0.552083 0.100000 0.133333
0 0.271875 0.558333 0.100000 0.133333
0 0.717187 0.075000 0.100000 0.133333
0 0.307812 0.406250 0.100000 0.133333
0 0.879687 0.183333 0.100000 0.133333
0 0.118750 0.733333 0.100000 0.133333
0 0.879687 0.806250 0.100000 0.133333
0 0.160938 0.122917 0.100000 0.133333
0 0.303125 0.822917 0.100000 0.133333
0 0.643750 0.497917 0.100000 0.133333
0 0.843750 0.431250 0.100000 0.133333
0 0.900000 0.841667 0.100000 0.133333
0 0.782813 0.216667 0.100000 0.133333
0 0.265625 0.345833 0.100000 0.133333
0 0.795312 0.687500 0.100000 0.133333
0 0.870313 0.118750 0.100000 0.133333
0 0.631250 0.535417 0.100000 0.133333
0 0.770312 0.377083 0.100000 0.133333
0 0.457813 0.293750 0.100000 0.133333
0 0.314063 0.122917 0.100000 0.133333
0 0.104688 0.714583 0.100000 0.133333
0 0.839063 0.666667 0.100000 0.133333
0 0.832812 0.429167 0.100000 0.133333
0 0.764062 0.262500 0.100000 0.133333
0 0.821875 0.387500 0.100000 0.133333
0 0.540625 0.491667 0.100000 0.133333
0 0.348438 0.756250 0.100000 0.133333
0 0.557813 0.502083 0.100000 0.133333
0 0.896875 0.875000 0.100000 0.133333
0 0.439063 0.585417 0.100000 0.133333
0 0.625000 0.585417 0.100000 0.133333
0 0.537500 0.410417 0.100000 0.133333
0 0.156250 0.452083 0.100000 0.133333
0 0.562500 0.718750 0.100000 0.133333
0 0.556250 0.270833 0.100000 0.133333
0 0.139063 0.127083 0.100000 0.133333
0 0.564063 0.527083 0.100000 0.133333
0 0.293750 0.518750 0.100000 0.133333
0 0.350000 0.200000 0.100000 0.133333
1 0.196875 0.487500 0.100000 0.133333
1 0.765625 0.597917 0.100000 0.133333
1 0.192188 0.214583 0.100000 0.133333
1 0.689063 0.170833 0.100000 0.133333
1 0.392188 0.081250 0.100000 0.133333
