0 0.106250 0.812500 0.100000 0.133333
0 0.214062 0.189583 0.100000 0.133333
0 0.421875 0.372917 0.100000 0.133333
0 0.368750 0.456250 0.100000 0.133333
0 0.109375 0.081250 0.100000 0.133333
0 0.220312 0.439583 0.100000 0.133333
0 0.273438 0.793750 0.100000 0.133333
0 0.106250 0.495833 0.100000 0.133333
0 0.690625 0.772917 0.100000 0.133333
0 0.659375 0.652083 0.100000 0.133333
0 0.878125 0.285417 0.100000 0.133333
0 0.654687 0.239583 0.100000 0.133333
0 0.520312 0.747917 0.100000 0.133333
0 0.895312 0.745833 0.100000 0.133333
0 0.665625 0.595833 0.100000 0.133333
0 0.614062 0.447917 0.100000 0.133333
0 0.781250 0.520833 0.100000 0.133333
0 0.212500 0.079167 0.100000 0.133333
0 0.867188 0.172917 0.100000 0.133333
0 0.193750 0.800000 0.100000 0.133333
0 0.642188 0.875000 0.100000 0.133333
0 0.412500 0.595833 0.100000 0.133333
0 0.398438 0.579167 0.100000 0.133333
0 0.200000 0.356250 0.100000 0.133333
0 0.735938 0.877083 0.100000 0.133333
0 0.440625 0.514583 0.100000 0.133333
0 0.793750 0.577083 0.100000 0.133333
0 0.526563 0.770833 0.100000 0.133333
0 0.806250 0.604167 0.100000 0.133333
0 0.817187 0.395833 0.100000 0.133333
0 0.601562 0.600000 0.100000 0.133333
0 0.664062 0.493750 0.100000 0.133333
0 0.134375 0.847917 0.100000 0.133333
0 0.790625 0.681250 0.100000 0.133333
0 0.329688 0.366667 0.100000 0.133333
0 0.315625 0.833333 0.100000 0.133333
0 0.579688 0.085417 0.100000 0.133333
0 0.618750 0.731250 0.100000 0.133333
0 0.885938 0.812500 0.100000 0.133333
0 0.150000 0.258333 0.100000 0.133333
0 0.393750 0.362500 0.100000 0.133333
0 0.600000 0.456250 0.100000 0.133333
0 0.828125 0.322917 0.100000 0.133333
0 0.695312 0.877083 0.100000 0.133333
0 0.260937 0.335417 0.100000 0.133333
0 0.390625 0.145833 0.100000 0.133333
0 0.559375 0.595833 0.100000 0.133333
0 0.242188 0.837500 0.100000 0.133333
0 0.578125 0.160417 0.100000 0.133333
0 0.129688 0.327083 0.100000 0.133333
0 0.335938 0.856250 0.100000 0.133333
0 0.604688 0.716667 0.100000 0.133333
0 0.648438 0.352083 0.100000 0.133333
0 0.473438 0.768750 0.100000 0.133333
0 0.667188 0.252083 0.100000 0.133333
0 0.645312 0.672917 0.100000 0.133333
0 0.212500 0.285417 0.100000 0.133333
0 0.567187 0.831250 0.100000 0.133333
0 0.784375 0.068750 0.100000 0.133333
0 0.203125 0.218750 0.100000 0.133333
0 0.642188 0.245833 0.100000 0.133333
0 0.581250 0.162500 0.100000 0.133333
0 0.804688 0.281250 0.100000 0.133333
0 0.304688 0.785417 0.100000 0.133333
0 0.360938 0.158333 0.100000 0.133333
0 0.770312 0.866667 0.100000 0.133333
0 0.725000 0.116667 0.100000 0.133333
0 0.360938 0.689583 0.100000 0.133333
0 0.546875 0.727083 0.100000 0.133333
0 0.492188 0.660417 0.100000 0.133333
0 0.225000 0.352083 0.100000 0.133333
0 0.885938 0.229167 0.100000 0.133333
0 0.348438 0.202083 0.100000 0.133333
0 0.492188 0.416667 0.100000 0.133333
0 0.393750 0.122917 0.100000 0.133333
0 0.612500 0.089583 0.100000 0.133333
0 0.389062 0.695833 0.100000 0.133333
0 0.275000 0.297917 0.100000 0.133333
0 0.326562 0.522917 0.100000 0.133333
0 0.757812 0.435417 0.100000 0.133333
0 0.250000 0.745833 0.100000 0.133333
0 0.256250 0.702083 0.100000 0.133333
0 0.156250 0.650000 0.100000 0.133333
0 0.264062 0.422917 0.100000 0.133333
0 0.659375 0.106250 0.100000 0.133333
0 0.384375 0.568750 0.100000 0.133333
0 0.143750 0.622917 0.100000 0.133333
0 0.807813 0.733333 0.100000 0.133333
0 0.698438 0.377083 0.100000 0.133333
0 0.453125 0.395833 0.100000 0.133333
0 0.300000 0.110417 0.100000 0.133333
0 0.743750 0.616667 0.100000 0.133333
0 0.700000 0.410417 0.100000 0.133333
0 0.285938 0.383333 0.100000 0.133333
0 0.445312 0.781250 0.100000 0.133333
0 0.139063 0.233333 0.100000 0.133333
0 0.575000 0.643750 0.100000 0.133333
0 0.795312 0.279167 0.100000 0.133333
0 0.651563 0.464583 0.100000 0.133333
0 0.454688 0.497917 0.100000 0.133333
0 0.517188 0.806250 0.100000 0.133333
0 0.728125 0.731250 0.100000 0.133333
0 0.471875 0.675000 0.100000 0.133333
0 0.895312 0.593750 0.100000 0.133333
0 0.612500 0.441667 0.100000 0.133333
0 0.734375 0.879167 0.100000 0.133333
0 0.431250 0.700000 0.100000 0.133333
0 0.123438 0.675000 0.100000 0.133333
0 0.392188 0.518750 0.100000 0.133333
0 0.151562 0.545833 0.100000 0.133333
0 0.804688 0.135417 0.100000 0.133333
0 0.715625 0.470833 0.100000 0.133333
0 0.848437 0.152083 0.100000 0.133333
0 0.137500 0.287500 0.100000 0.133333
0 0.170313 0.356250 0.100000 0.133333
0 0.889062 0.706250 0.100000 0.133333
0 0.604688 0.495833 0.100000 0.133333
0 0.214062 0.552083 0.100000 0.133333
0 0.220312 0.777083 0.100000 0.133333
0 0.487500 0.510417 0.100000 0.133333
0 0.428125 0.608333 0.100000 0.133333
0 0.764062 0.366667 0.100000 0.133333
0 0.681250 0.356250 0.100000 0.133333
0 0.196875 0.087500 0.100000 0.133333
0 0.154688 0.125000 0.100000 0.133333
0 0.528125 0.229167 0.100000 0.133333
0 0.490625 0.527083 0.100000 0.133333
0 0.871875 0.650000 0.100000 0.133333
0 0.629687 0.743750 0.100000 0.133333
0 0.589063 0.202083 0.100000 0.133333
0 0.892188 0.766667 0.100000 0.133333
0 0.603125 0.243750 0.100000 0.133333
0 0.759375 0.762500 0.100000 0.133333
0 0.220312 0.083333 0.100000 0.133333
0 0.404687 0.683333 0.100000 0.133333
0 0.589063 0.510417 0.100000 0.133333
0 0.723437 0.735417 0.100000 0.133333
0 0.851562 0.850000 0.100000 0.133333
0 0.423438 0.343750 0.100000 0.133333
0 0.287500 0.608333 0.100000 0.133333
0 0.554688 0.404167 0.100000 0.133333
0 0.789062 0.070833 0.100000 0.133333
0 0.250000 0.352083 0.100000 0.133333
0 0.642188 0.387500 0.100000 0.133333
0 0.253125 0.420833 0.100000 0.133333
0 0.656250 0.797917 0.100000 0.133333
0 0.537500 0.591667 0.100000 0.133333
0 0.303125 0.620833 0.100000 0.133333
0 0.653125 0.135417 0.100000 0.133333
0 0.465625 0.212500 0.100000 0.133333
1 0.676562 0.606250 0.100000 0.133333
1 0.426563 0.672917 0.100000 0.133333
1 0.676562 0.366667 0.100000 0.133333
1 0.520312 0.577083 0.100000 0.133333
1 0.546875 0.466667 0.100000 0.133333
