0 0.893750 0.068750 0.100000 0.133333
0 0.704688 0.843750 0.100000 0.133333
0 0.879687 0.714583 0.100000 0.133333
0 0.304688 0.508333 0.100000 0.133333
0 0.462500 0.881250 0.100000 0.133333
0 0.803125 0.739583 0.100000 0.133333
0 0.770312 0.197917 0.100000 0.133333
0 0.254688 0.160417 0.100000 0.133333
0 0.128125 0.814583 0.100000 0.133333
0 0.478125 0.833333 0.100000 0.133333
0 0.170313 0.081250 0.100000 0.133333
0 0.307812 0.370833 0.100000 0.133333
0 0.826562 0.616667 0.100000 0.133333
0 0.442188 0.645833 0.100000 0.133333
0 0.731250 0.656250 0.100000 0.133333
0 0.442188 0.739583 0.100000 0.133333
0 0.406250 0.797917 0.100000 0.133333
0 0.285938 0.675000 0.100000 0.133333
0 0.854688 0.400000 0.100000 0.133333
0 0.203125 0.802083 0.100000 0.133333
0 0.426563 0.527083 0.100000 0.133333
0 0.337500 0.731250 0.100000 0.133333
0 0.231250 0.125000 0.100000 0.133333
0 0.175000 0.164583 0.100000 0.133333
0 0.112500 0.091667 0.100000 0.133333
0 0.229687 0.189583 0.100000 0.133333
0 0.273438 0.143750 0.100000 0.133333
0 0.673438 0.385417 0.100000 0.133333
0 0.335938 0.450000 0.100000 0.133333
0 0.767188 0.404167 0.100000 0.133333
0 0.537500 0.537500 0.100000 0.133333
0 0.332813 0.725000 0.100000 0.133333
0 0.431250 0.579167 0.100000 0.133333
0 0.404687 0.393750 0.100000 0.133333
0 0.315625 0.227083 0.100000 0.133333
0 0.318750 0.722917 0.100000 0.133333
0 0.679688 0.633333 0.100000 0.133333
0 0.114062 0.312500 0.100000 0.133333
0 0.498437 0.179167 0.100000 0.133333
0 0.600000 0.622917 0.100000 0.133333
0 0.425000 0.279167 0.100000 0.133333
0 0.820312 0.820833 0.100000 0.133333
0 0.462500 0.177083 0.100000 0.133333
0 0.623437 0.689583 0.100000 0.133333
0 0.265625 0.422917 0.100000 0.133333
0 0.537500 0.081250 0.100000 0.133333
0 0.495312 0.097917 0.100000 0.133333
0 0.820312 0.645833 0.100000 0.133333
0 0.234375 0.068750 0.100000 0.133333
0 0.554688 0.706250 0.100000 0.133333
0 0.323437 0.504167 0.100000 0.133333
0 0.896875 0.266667 0.100000 0.133333
0 0.556250 0.243750 0.100000 0.133333
0 0.825000 0.181250 0.100000 0.133333
0 0.262500 0.370833 0.100000 0.133333
0 0.571875 0.568750 0.100000 0.133333
0 0.693750 0.493750 0.100000 0.133333
0 0.776563 0.822917 0.100000 0.133333
0 0.496875 0.445833 0.100000 0.133333
0 0.607812 0.829167 0.100000 0.133333
0 0.835938 0.302083 0.100000 0.133333
0 0.881250 0.841667 0.100000 0.133333
0 0.221875 0.360417 0.100000 0.133333
0 0.373437 0.556250 0.100000 0.133333
0 0.681250 0.381250 0.100000 0.133333
0 0.721875 0.291667 0.100000 0.133333
0 0.656250 0.639583 0.100000 0.133333
0 0.668750 0.727083 0.100000 0.133333
0 0.846875 0.104167 0.100000 0.133333
0 0.179688 0.120833 0.100000 0.133333
0 0.456250 0.791667 0.100000 0.133333
0 0.493750 0.247917 0.100000 0.133333
0 0.273438 0.854167 0.100000 0.133333
0 0.768750 0.091667 0.100000 0.133333
0 0.418750 0.664583 0.100000 0.133333
0 0.381250 0.818750 0.100000 0.133333
0 0.801562 0.383333 0.100000 0.133333
0 0.806250 0.158333 0.100000 0.133333
0 0.415625 0.316667 0.100000 0.133333
0 0.459375 0.768750 0.100000 0.133333
0 0.332813 0.404167 0.100000 0.133333
0 0.585938 0.337500 0.100000 0.133333
0 0.398438 0.852083 0.100000 0.133333
0 0.459375 0.245833 0.100000 0.133333
0 0.873437 0.589583 0.100000 0.133333
0 0.207813 0.260417 0.100000 0.133333
0 0.617188 0.175000 0.100000 0.133333
0 0.231250 0.233333 0.100000 0.133333
0 0.821875 0.189583 0.100000 0.133333
0 0.876563 0.337500 0.100000 0.133333
0 0.140625 0.835417 0.100000 0.133333
0 0.340625 0.668750 0.100000 0.133333
0 0.262500 0.506250 0.100000 0.133333
0 0.639062 0.508333 0.100000 0.133333
0 0.698438 0.131250 0.100000 0.133333
0 0.514062 0.385417 0.100000 0.133333
0 0.679688 0.679167 0.100000 0.133333
0 0.181250 0.072917 0.100000 0.133333
0 0.851562 0.131250 0.100000 0.133333
0 0.257812 0.816667 0.100000 0.133333
0 0.523438 0.460417 0.100000 0.133333
0 0.321875 0.712500 0.100000 0.133333
0 0.637500 0.841667 0.100000 0.133333
0 0.781250 0.343750 0.100000 0.133333
0 0.226562 0.283333 0.100000 0.133333
0 0.760938 0.285417 0.100000 0.133333
0 0.237500 0.691667 0.100000 0.133333
0 0.104688 0.785417 0.100000 0.133333
0 0.603125 0.656250 0.100000 0.133333
0 0.604688 0.554167 0.100000 0.133333
0 0.353125 0.191667 0.100000 0.133333
0 0.748437 0.252083 0.100000 0.133333
0 0.193750 0.810417 0.100000 0.133333
0 0.651563 0.431250 0.100000 0.133333
0 0.517188 0.152083 0.100000 0.133333
0 0.106250 0.718750 0.100000 0.133333
0 0.542188 0.087500 0.100000 0.133333
0 0.187500 0.289583 0.100000 0.133333
0 0.120313 0.606250 0.100000 0.133333
0 0.656250 0.760417 0.100000 0.133333
0 0.371875 0.820833 0.100000 0.133333
0 0.762500 0.175000 0.100000 0.133333
0 0.262500 0.097917 0.100000 0.133333
0 0.368750 0.612500 0.100000 0.133333
0 0.679688 0.581250 0.100000 0.133333
0 0.484375 0.333333 0.100000 0.133333
0 0.870313 0.850000 0.100000 0.133333
0 0.896875 0.325000 0.100000 0.133333
0 0.196875 0.114583 0.100000 0.133333
0 0.476562 0.677083 0.100000 0.133333
0 0.593750 0.072917 0.100000 0.133333
0 0.350000 0.254167 0.100000 0.133333
0 0.412500 0.556250 0.100000 0.133333
0 0.615625 0.787500 0.100000 0.133333
0 0.303125 0.708333 0.100000 0.133333
0 0.576562 0.233333 0.100000 0.133333
0 0.101562 0.781250 0.100000 0.133333
0 0.231250 0.414583 0.100000 0.133333
0 0.140625 0.697917 0.100000 0.133333
0 0.526563 0.781250 0.100000 0.133333
0 0.217188 0.643750 0.100000 0.133333
0 0.178125 0.595833 0.100000 0.133333
0 0.475000 0.185417 0.100000 0.133333
0 0.895312 0.112500 0.100000 0.133333
0 0.639062 0.300000 0.100000 0.133333
0 0.579688 0.883333 0.100000 0.133333
0 0.240625 0.627083 0.100000 0.133333
0 0.148438 0.783333 0.100000 0.133333
0 0.359375 0.772917 0.100000 0.133333
0 0.514062 0.789583 0.100000 0.133333
1 0.517188 0.291667 0.100000 0.133333
1 0.215625 0.927083 0.100000 0.133333
1 0.925000 0.925000 0.100000 0.133333
1 0.510938 0.743750 0.100000 0.133333
1 0.281250 0.870833 0.100000 0.133333
