0 0.148438 0.368750 0.100000 0.133333
0 0.640625 0.527083 0.100000 0.133333
0 0.659375 0.758333 0.100000 0.133333
0 0.134375 0.362500 0.100000 0.133333
0 0.689063 0.554167 0.100000 0.133333
0 0.300000 0.581250 0.100000 0.133333
0 0.428125 0.556250 0.100000 0.133333
0 0.665625 0.516667 0.100000 0.133333
0 0.565625 0.250000 0.100000 0.133333
0 0.839063 0.156250 0.100000 0.133333
0 0.582812 0.891667 0.100000 0.133333
0 0.660937 0.379167 0.100000 0.133333
0 0.609375 0.160417 0.100000 0.133333
0 0.209375 0.368750 0.100000 0.133333
0 0.323437 0.614583 0.100000 0.133333
0 0.543750 0.204167 0.100000 0.133333
0 0.626563 0.372917 0.100000 0.133333
0 0.134375 0.412500 0.100000 0.133333
0 0.215625 0.625000 0.100000 0.133333
0 0.843750 0.829167 0.100000 0.133333
0 0.293750 0.845833 0.100000 0.133333
0 0.412500 0.837500 0.100000 0.133333
0 0.665625 0.200000 0.100000 0.133333
0 0.485938 0.447917 0.100000 0.133333
0 0.510938 0.589583 0.100000 0.133333
0 0.101562 0.345833 0.100000 0.133333
0 0.476562 0.487500 0.100000 0.133333
0 0.514062 0.650000 0.100000 0.133333
0 0.254688 0.741667 0.100000 0.133333
0 0.829688 0.097917 0.100000 0.133333
0 0.370312 0.266667 0.100000 0.133333
0 0.670312 0.191667 0.100000 0.133333
0 0.528125 0.487500 0.100000 0.133333
0 0.473438 0.558333 0.100000 0.133333
0 0.676562 0.081250 0.100000 0.133333
0 0.595313 0.227083 0.100000 0.133333
0 0.860938 0.275000 0.100000 0.133333
0 0.864062 0.466667 0.100000 0.133333
0 0.401562 0.214583 0.100000 0.133333
0 0.859375 0.829167 0.100000 0.133333
0 0.475000 0.650000 0.100000 0.133333
0 0.751563 0.075000 0.100000 0.133333
0 0.285938 0.114583 0.100000 0.133333
0 0.215625 0.377083 0.100000 0.133333
0 0.162500 0.556250 0.100000 0.133333
0 0.532813 0.633333 0.100000 0.133333
0 0.237500 0.077083 0.100000 0.133333
0 0.692187 0.383333 0.100000 0.133333
0 0.470313 0.106250 0.100000 0.133333
0 0.503125 0.262500 0.100000 0.133333
0 0.756250 0.256250 0.100000 0.133333
0 0.540625 0.287500 0.100000 0.133333
0 0.629687 0.110417 0.100000 0.133333
0 0.775000 0.841667 0.100000 0.133333
0 0.581250 0.331250 0.100000 0.133333
0 0.387500 0.218750 0.100000 0.133333
0 0.653125 0.468750 0.100000 0.133333
0 0.656250 0.754167 0.100000 0.133333
0 0.790625 0.554167 0.100000 0.133333
0 0.571875 0.500000 0.100000 0.133333
0 0.529687 0.202083 0.100000 0.133333
0 0.631250 0.875000 0.100000 0.133333
0 0.607812 0.845833 0.100000 0.133333
0 0.889062 0.852083 0.100000 0.133333
0 0.864062 0.787500 0.100000 0.133333
0 0.185938 0.127083 0.100000 0.133333
0 0.550000 0.629167 0.100000 0.133333
0 0.715625 0.712500 0.100000 0.133333
0 0.453125 0.295833 0.100000 0.133333
0 0.357812 0.500000 0.100000 0.133333
0 0.470313 0.677083 0.100000 0.133333
0 0.225000 0.566667 0.100000 0.133333
0 0.564063 0.237500 0.100000 0.133333
0 0.560937 0.743750 0.100000 0.133333
0 0.667188 0.389583 0.100000 0.133333
0 0.339062 0.633333 0.100000 0.133333
0 0.868750 0.560417 0.100000 0.133333
0 0.557813 0.077083 0.100000 0.133333
0 0.490625 0.468750 0.100000 0.133333
0 0.653125 0.087500 0.100000 0.133333
0 0.356250 0.625000 0.100000 0.133333
0 0.887500 0.425000 0.100000 0.133333
0 0.275000 0.697917 0.100000 0.133333
0 0.110937 0.506250 0.100000 0.133333
0 0.864062 0.100000 0.100000 0.133333
0 0.192188 0.220833 0.100000 0.133333
0 0.851562 0.572917 0.100000 0.133333
0 0.698438 0.416667 0.100000 0.133333
0 0.276562 0.506250 0.100000 0.133333
0 0.581250 0.604167 0.100000 0.133333
0 0.784375 0.712500 0.100000 0.133333
0 0.742188 0.120833 0.100000 0.133333
0 0.665625 0.195833 0.100000 0.133333
0 0.198437 0.735417 0.100000 0.133333
0 0.614062 0.872917 0.100000 0.133333
0 0.842187 0.787500 0.100000 0.133333
0 0.687500 0.566667 0.100000 0.133333
0 0.703125 0.493750 0.100000 0.133333
0 0.621875 0.600000 0.100000 0.133333
0 0.623437 0.862500 0.100000 0.133333
0 0.681250 0.745833 0.100000 0.133333
0 0.889062 0.341667 0.100000 0.133333
0 0.789062 0.620833 0.100000 0.133333
0 0.578125 0.743750 0.100000 0.133333
0 0.809375 0.322917 0.100000 0.133333
0 0.489063 0.143750 0.100000 0.133333
0 0.790625 0.454167 0.100000 0.133333
0 0.820312 0.608333 0.100000 0.133333
0 0.315625 0.293750 0.100000 0.133333
0 0.235937 0.689583 0.100000 0.133333
0 0.401562 0.789583 0.100000 0.133333
0 0.754687 0.439583 0.100000 0.133333
0 0.264062 0.714583 0.100000 0.133333
0 0.360938 0.643750 0.100000 0.133333
0 0.137500 0.697917 0.100000 0.133333
0 0.443750 0.345833 0.100000 0.133333
0 0.106250 0.470833 0.100000 0.133333
0 0.221875 0.679167 0.100000 0.133333
0 0.428125 0.375000 0.100000 0.133333
0 0.598437 0.164583 0.100000 0.133333
0 0.564063 0.356250 0.100000 0.133333
0 0.596875 0.481250 0.100000 0.133333
0 0.403125 0.462500 0.100000 0.133333
0 0.662500 0.681250 0.100000 0.133333
0 0.659375 0.508333 0.100000 0.133333
0 0.657813 0.308333 0.100000 0.133333
0 0.351562 0.327083 0.100000 0.133333
0 0.668750 0.560417 0.100000 0.133333
0 0.606250 0.702083 0.100000 0.133333
0 0.718750 0.485417 0.100000 0.133333
0 0.360938 0.795833 0.100000 0.133333
0 0.832812 0.285417 0.100000 0.133333
0 0.673438 0.166667 0.100000 0.133333
0 0.231250 0.152083 0.100000 0.133333
0 0.154688 0.308333 0.100000 0.133333
0 0.551562 0.827083 0.100000 0.133333
0 0.595313 0.285417 0.100000 0.133333
0 0.621875 0.770833 0.100000 0.133333
0 0.823438 0.518750 0.100000 0.133333
0 0.287500 0.843750 0.100000 0.133333
0 0.332813 0.491667 0.100000 0.133333
0 0.765625 0.604167 0.100000 0.133333
0 0.550000 0.095833 0.100000 0.133333
0 0.764062 0.264583 0.100000 0.133333
0 0.492188 0.156250 0.100000 0.133333
0 0.795312 0.877083 0.100000 0.133333
0 0.165625 0.327083 0.100000 0.133333
0 0.178125 0.387500 0.100000 0.133333
0 0.565625 0.862500 0.100000 0.133333
0 0.185938 0.387500 0.100000 0.133333
1 0.428125 0.137500 0.100000 0.133333
1 0.093750 0.633333 0.100000 0.133333
1 0.660937 0.089583 0.100000 0.133333
1 0.306250 0.520833 0.100000 0.133333
1 0.564063 0.202083 0.100000 0.133333
