0 0.595313 0.656250 0.100000 0.133333
0 0.789062 0.422917 0.100000 0.133333
0 0.584375 0.214583 0.100000 0.133333
0 0.578125 0.816667 0.100000 0.133333
0 0.159375 0.508333 0.100000 0.133333
0 0.876563 0.700000 0.100000 0.133333
0 0.154688 0.541667 0.100000 0.133333
0 0.459375 0.275000 0.100000 0.133333
0 0.710938 0.268750 0.100000 0.133333
0 0.273438 0.362500 0.100000 0.133333
0 0.400000 0.104167 0.100000 0.133333
0 0.428125 0.420833 0.100000 0.133333
0 0.473438 0.414583 0.100000 0.133333
0 0.859375 0.220833 0.100000 0.133333
0 0.540625 0.618750 0.100000 0.133333
0 0.412500 0.837500 0.100000 0.133333
0 0.745313 0.204167 0.100000 0.133333
0 0.217188 0.622917 0.100000 0.133333
0 0.393750 0.585417 0.100000 0.133333
0 0.509375 0.858333 0.100000 0.133333
0 0.723437 0.845833 0.100000 0.133333
0 0.896875 0.354167 0.100000 0.133333
0 0.754687 0.245833 0.100000 0.133333
0 0.704688 0.193750 0.100000 0.133333
0 0.495312 0.554167 0.100000 0.133333
0 0.435937 0.635417 0.100000 0.133333
0 0.146875 0.406250 0.100000 0.133333
0 0.748437 0.816667 0.100000 0.133333
0 0.103125 0.535417 0.100000 0.133333
0 0.879687 0.472917 0.100000 0.133333
0 0.390625 0.456250 0.100000 0.133333
0 0.139063 0.141667 0.100000 0.133333
0 0.675000 0.252083 0.100000 0.133333
0 0.434375 0.072917 0.100000 0.133333
0 0.232813 0.633333 0.100000 0.133333
0 0.737500 0.497917 0.100000 0.133333
0 0.303125 0.593750 0.100000 0.133333
0 0.571875 0.110417 0.100000 0.133333
0 0.812500 0.847917 0.100000 0.133333
0 0.375000 0.547917 0.100000 0.133333
0 0.246875 0.216667 0.100000 0.133333
0 0.221875 0.254167 0.100000 0.133333
0 0.878125 0.785417 0.100000 0.133333
0 0.821875 0.722917 0.100000 0.133333
0 0.368750 0.629167 0.100000 0.133333
0 0.885938 0.200000 0.100000 0.133333
0 0.789062 0.627083 0.100000 0.133333
0 0.235937 0.685417 0.100000 0.133333
0 0.307812 0.731250 0.100000 0.133333
0 0.484375 0.579167 0.100000 0.133333
0 0.379688 0.479167 0.100000 0.133333
0 0.601562 0.658333 0.100000 0.133333
0 0.110937 0.877083 0.100000 0.133333
0 0.323437 0.356250 0.100000 0.133333
0 0.310937 0.183333 0.100000 0.133333
0 0.184375 0.316667 0.100000 0.133333
0 0.509375 0.177083 0.100000 0.133333
0 0.515625 0.481250 0.100000 0.133333
0 0.668750 0.593750 0.100000 0.133333
0 0.385937 0.793750 0.100000 0.133333
0 0.678125 0.429167 0.100000 0.133333
0 0.282813 0.689583 0.100000 0.133333
0 0.251563 0.283333 0.100000 0.133333
0 0.389062 0.560417 0.100000 0.133333
0 0.698438 0.406250 0.100000 0.133333
0 0.884375 0.366667 0.100000 0.133333
0 0.182812 0.681250 0.100000 0.133333
0 0.409375 0.516667 0.100000 0.133333
0 0.459375 0.075000 0.100000 0.133333
0 0.812500 0.164583 0.100000 0.133333
0 0.828125 0.106250 0.100000 0.133333
0 0.271875 0.806250 0.100000 0.133333
0 0.303125 0.760417 0.100000 0.133333
0 0.643750 0.279167 0.100000 0.133333
0 0.564063 0.729167 0.100000 0.133333
0 0.379688 0.422917 0.100000 0.133333
0 0.764062 0.339583 0.100000 0.133333
0 0.790625 0.781250 0.100000 0.133333
0 0.175000 0.529167 0.100000 0.133333
0 0.337500 0.247917 0.100000 0.133333
0 0.665625 0.431250 0.100000 0.133333
0 0.707812 0.377083 0.100000 0.133333
0 0.525000 0.581250 0.100000 0.133333
0 0.834375 0.333333 0.100000 0.133333
0 0.507812 0.360417 0.100000 0.133333
0 0.517188 0.810417 0.100000 0.133333
0 0.604688 0.416667 0.100000 0.133333
0 0.793750 0.666667 0.100000 0.133333
0 0.835938 0.360417 0.100000 0.133333
0 0.606250 0.650000 0.100000 0.133333
0 0.309375 0.110417 0.100000 0.133333
0 0.573438 0.102083 0.100000 0.133333
0 0.729688 0.395833 0.100000 0.133333
0 0.204687 0.791667 0.100000 0.133333
0 0.446875 0.652083 0.100000 0.133333
0 0.440625 0.085417 0.100000 0.133333
0 0.467187 0.185417 0.100000 0.133333
0 0.725000 0.829167 0.100000 0.133333
0 0.473438 0.527083 0.100000 0.133333
0 0.367188 0.552083 0.100000 0.133333
0 0.125000 0.652083 0.100000 0.133333
0 0.254688 0.437500 0.100000 0.133333
0 0.425000 0.862500 0.100000 0.133333
0 0.526563 0.318750 0.100000 0.133333
0 0.450000 0.664583 0.100000 0.133333
0 0.900000 0.216667 0.100000 0.133333
0 0.850000 0.114583 0.100000 0.133333
0 0.809375 0.327083 0.100000 0.133333
0 0.881250 0.262500 0.100000 0.133333
0 0.325000 0.470833 0.100000 0.133333
0 0.781250 0.252083 0.100000 0.133333
0 0.856250 0.422917 0.100000 0.133333
0 0.517188 0.277083 0.100000 0.133333
0 0.220312 0.618750 0.100000 0.133333
0 0.282813 0.204167 0.100000 0.133333
0 0.331250 0.770833 0.100000 0.133333
0 0.678125 0.229167 0.100000 0.133333
0 0.164062 0.300000 0.100000 0.133333
0 0.151562 0.843750 0.100000 0.133333
0 0.343750 0.266667 0.100000 0.133333
0 0.320312 0.441667 0.100000 0.133333
0 0.257812 0.162500 0.100000 0.133333
0 0.368750 0.387500 0.100000 0.133333
0 0.898438 0.222917 0.100000 0.133333
0 0.620313 0.868750 0.100000 0.133333
0 0.243750 0.212500 0.100000 0.133333
0 0.348438 0.695833 0.100000 0.133333
0 0.432812 0.418750 0.100000 0.133333
0 0.350000 0.375000 0.100000 0.133333
0 0.389062 0.506250 0.100000 0.133333
0 0.873437 0.708333 0.100000 0.133333
0 0.537500 0.322917 0.100000 0.133333
0 0.710938 0.345833 0.100000 0.133333
0 0.157812 0.602083 0.100000 0.133333
0 0.606250 0.737500 0.100000 0.133333
0 0.198437 0.441667 0.100000 0.133333
0 0.593750 0.322917 0.100000 0.133333
0 0.303125 0.810417 0.100000 0.133333
0 0.304688 0.395833 0.100000 0.133333
0 0.437500 0.870833 0.100000 0.133333
0 0.600000 0.404167 0.100000 0.133333
0 0.371875 0.158333 0.100000 0.133333
0 0.403125 0.260417 0.100000 0.133333
0 0.732812 0.354167 0.100000 0.133333
0 0.871875 0.400000 0.100000 0.133333
0 0.356250 0.435417 0.100000 0.133333
0 0.400000 0.191667 0.100000 0.133333
0 0.873437 0.339583 0.100000 0.133333
0 0.290625 0.693750 0.100000 0.133333
0 0.521875 0.662500 0.100000 0.133333
1 0.696875 0.452083 0.100000 0.133333
1 0.614062 0.143750 0.100000 0.133333
1 0.535937 0.552083 0.100000 0.133333
1 0.876563 0.535417 0.100000 0.133333
1 0.082812 0.075000 0.100000 0.133333
