0 0.582812 0.706250 0.100000 0.133333
0 0.834375 0.177083 0.100000 0.133333
0 0.662500 0.839583 0.100000 0.133333
0 0.182812 0.866667 0.100000 0.133333
0 0.632812 0.577083 0.100000 0.133333
0 0.421875 0.325000 0.100000 0.133333
0 0.292187 0.356250 0.100000 0.133333
0 0.701562 0.589583 0.100000 0.133333
0 0.589063 0.731250 0.100000 0.133333
0 0.135937 0.352083 0.100000 0.133333
0 0.840625 0.716667 0.100000 0.133333
0 0.526563 0.187500 0.100000 0.133333
0 0.192188 0.275000 0.100000 0.133333
0 0.309375 0.458333 0.100000 0.133333
0 0.796875 0.081250 0.100000 0.133333
0 0.575000 0.127083 0.100000 0.133333
0 0.195312 0.470833 0.100000 0.133333
0 0.132812 0.102083 0.100000 0.133333
0 0.814063 0.643750 0.100000 0.133333
0 0.831250 0.554167 0.100000 0.133333
0 0.106250 0.422917 0.100000 0.133333
0 0.415625 0.504167 0.100000 0.133333
0 0.517188 0.856250 0.100000 0.133333
0 0.678125 0.535417 0.100000 0.133333
0 0.471875 0.093750 0.100000 0.133333
0 0.262500 0.166667 0.100000 0.133333
0 0.104688 0.337500 0.100000 0.133333
0 0.306250 0.425000 0.100000 0.133333
0 0.873437 0.852083 0.100000 0.133333
0 0.610938 0.662500 0.100000 0.133333
0 0.479687 0.343750 0.100000 0.133333
0 0.556250 0.818750 0.100000 0.133333
0 0.398438 0.479167 0.100000 0.133333
0 0.639062 0.345833 0.100000 0.133333
0 0.859375 0.435417 0.100000 0.133333
0 0.131250 0.179167 0.100000 0.133333
0 0.209375 0.193750 0.100000 0.133333
0 0.353125 0.272917 0.100000 0.133333
0 0.557813 0.683333 0.100000 0.133333
0 0.645312 0.510417 0.100000 0.133333
0 0.728125 0.831250 0.100000 0.133333
0 0.181250 0.335417 0.100000 0.133333
0 0.609375 0.743750 0.100000 0.133333
0 0.848437 0.520833 0.100000 0.133333
0 0.315625 0.460417 0.100000 0.133333
0 0.834375 0.681250 0.100000 0.133333
0 0.371875 0.204167 0.100000 0.133333
0 0.156250 0.595833 0.100000 0.133333
0 0.646875 0.270833 0.100000 0.133333
0 0.339062 0.743750 0.100000 0.133333
0 0.310937 0.875000 0.100000 0.133333
0 0.642188 0.435417 0.100000 0.133333
0 0.882812 0.660417 0.100000 0.133333
0 0.115625 0.735417 0.100000 0.133333
0 0.112500 0.564583 0.100000 0.133333
0 0.854688 0.535417 0.100000 0.133333
0 0.421875 0.589583 0.100000 0.133333
0 0.329688 0.254167 0.100000 0.133333
0 0.145313 0.379167 0.100000 0.133333
0 0.320312 0.639583 0.100000 0.133333
0 0.581250 0.262500 0.100000 0.133333
0 0.712500 0.635417 0.100000 0.133333
0 0.214062 0.106250 0.100000 0.133333
0 0.240625 0.233333 0.100000 0.133333
0 0.650000 0.181250 0.100000 0.133333
0 0.575000 0.106250 0.100000 0.133333
0 0.534375 0.416667 0.100000 0.133333
0 0.237500 0.593750 0.100000 0.133333
0 0.898438 0.662500 0.100000 0.133333
0 0.671875 0.187500 0.100000 0.133333
0 0.604688 0.539583 0.100000 0.133333
0 0.185938 0.768750 0.100000 0.133333
0 0.775000 0.772917 0.100000 0.133333
0 0.439063 0.291667 0.100000 0.133333
0 0.470313 0.537500 0.100000 0.133333
0 0.200000 0.275000 0.100000 0.133333
0 0.835938 0.756250 0.100000 0.133333
0 0.268750 0.787500 0.100000 0.133333
0 0.315625 0.568750 0.100000 0.133333
0 0.435937 0.350000 0.100000 0.133333
0 0.248438 0.406250 0.100000 0.133333
0 0.243750 0.618750 0.100000 0.133333
0 0.243750 0.139583 0.100000 0.133333
0 0.639062 0.518750 0.100000 0.133333
0 0.245312 0.689583 0.100000 0.133333
0 0.318750 0.764583 0.100000 0.133333
0 0.250000 0.204167 0.100000 0.133333
0 0.793750 0.339583 0.100000 0.133333
0 0.735938 0.520833 0.100000 0.133333
0 0.721875 0.439583 0.100000 0.133333
0 0.501563 0.662500 0.100000 0.133333
0 0.612500 0.710417 0.100000 0.133333
0 0.671875 0.727083 0.100000 0.133333
0 0.257812 0.285417 0.100000 0.133333
0 0.176563 0.710417 0.100000 0.133333
0 0.139063 0.477083 0.100000 0.133333
0 0.292187 0.881250 0.100000 0.133333
0 0.806250 0.760417 0.100000 0.133333
0 0.209375 0.820833 0.100000 0.133333
0 0.659375 0.147917 0.100000 0.133333
0 0.512500 0.335417 0.100000 0.133333
0 0.639062 0.672917 0.100000 0.133333
0 0.435937 0.368750 0.100000 0.133333
0 0.898438 0.606250 0.100000 0.133333
0 0.298438 0.322917 0.100000 0.133333
0 0.800000 0.425000 0.100000 0.133333
0 0.198437 0.368750 0.100000 0.133333
0 0.584375 0.497917 0.100000 0.133333
0 0.318750 0.070833 0.100000 0.133333
0 0.407813 0.277083 0.100000 0.133333
0 0.887500 0.679167 0.100000 0.133333
0 0.392188 0.072917 0.100000 0.133333
0 0.701562 0.689583 0.100000 0.133333
0 0.295312 0.743750 0.100000 0.133333
0 0.370312 0.479167 0.100000 0.133333
0 0.246875 0.331250 0.100000 0.133333
0 0.618750 0.539583 0.100000 0.133333
0 0.812500 0.725000 0.100000 0.133333
0 0.495312 0.775000 0.100000 0.133333
0 0.787500 0.641667 0.100000 0.133333
0 0.632812 0.102083 0.100000 0.133333
0 0.140625 0.222917 0.100000 0.133333
0 0.818750 0.783333 0.100000 0.133333
0 0.342187 0.191667 0.100000 0.133333
0 0.495312 0.170833 0.100000 0.133333
0 0.193750 0.227083 0.100000 0.133333
0 0.817187 0.783333 0.100000 0.133333
0 0.479687 0.097917 0.100000 0.133333
0 0.406250 0.747917 0.100000 0.133333
0 0.673438 0.860417 0.100000 0.133333
0 0.784375 0.550000 0.100000 0.133333
0 0.423438 0.616667 0.100000 0.133333
0 0.318750 0.291667 0.100000 0.133333
0 0.678125 0.562500 0.100000 0.133333
0 0.470313 0.185417 0.100000 0.133333
0 0.812500 0.408333 0.100000 0.133333
0 0.439063 0.822917 0.100000 0.133333
0 0.340625 0.339583 0.100000 0.133333
0 0.407813 0.166667 0.100000 0.133333
0 0.356250 0.227083 0.100000 0.133333
0 0.679688 0.264583 0.100000 0.133333
0 0.479687 0.129167 0.100000 0.133333
0 0.875000 0.143750 0.100000 0.133333
0 0.428125 0.879167 0.100000 0.133333
0 0.745313 0.110417 0.100000 0.133333
0 0.818750 0.543750 0.100000 0.133333
0 0.254688 0.785417 0.100000 0.133333
0 0.734375 0.427083 0.100000 0.133333
0 0.318750 0.329167 0.100000 0.133333
0 0.189062 0.856250 0.100000 0.133333
1 0.156250 0.725000 0.100000 0.133333
1 0.857812 0.858333 0.100000 0.133333
1 0.712500 0.254167 0.100000 0.133333
1 0.285938 0.606250 0.100000 0.133333
1 0.287500 0.566667 0.100000 0.133333
