0 0.634375 0.518750 0.100000 0.133333
0 0.625000 0.339583 0.100000 0.133333
0 0.773438 0.302083 0.100000 0.133333
0 0.771875 0.312500 0.100000 0.133333
0 0.843750 0.641667 0.100000 0.133333
0 0.503125 0.572917 0.100000 0.133333
0 0.804688 0.095833 0.100000 0.133333
0 0.645312 0.364583 0.100000 0.133333
0 0.890625 0.208333 0.100000 0.133333
0 0.618750 0.770833 0.100000 0.133333
0 0.343750 0.254167 0.100000 0.133333
0 0.714063 0.279167 0.100000 0.133333
0 0.209375 0.662500 0.100000 0.133333
0 0.660937 0.193750 0.100000 0.133333
0 0.346875 0.331250 0.100000 0.133333
0 0.259375 0.497917 0.100000 0.133333
0 0.554688 0.827083 0.100000 0.133333
0 0.401562 0.885417 0.100000 0.133333
0 0.226562 0.558333 0.100000 0.133333
0 0.843750 0.112500 0.100000 0.133333
0 0.856250 0.510417 0.100000 0.133333
0 0.840625 0.752083 0.100000 0.133333
0 0.515625 0.385417 0.100000 0.133333
0 0.762500 0.070833 0.100000 0.133333
0 0.693750 0.156250 0.100000 0.133333
0 0.715625 0.381250 0.100000 0.133333
0 0.564063 0.731250 0.100000 0.133333
0 0.781250 0.408333 0.100000 0.133333
0 0.685937 0.122917 0.100000 0.133333
0 0.898438 0.529167 0.100000 0.133333
0 0.264062 0.737500 0.100000 0.133333
0 0.773438 0.210417 0.100000 0.133333
0 0.639062 0.439583 0.100000 0.133333
0 0.754687 0.383333 0.100000 0.133333
0 0.796875 0.250000 0.100000 0.133333
0 0.834375 0.402083 0.100000 0.133333
0 0.190625 0.441667 0.100000 0.133333
0 0.721875 0.416667 0.100000 0.133333
0 0.610938 0.220833 0.100000 0.133333
0 0.117188 0.525000 0.100000 0.133333
0 0.801562 0.139583 0.100000 0.133333
0 0.178125 0.156250 0.100000 0.133333
0 0.687500 0.291667 0.100000 0.133333
0 0.643750 0.200000 0.100000 0.133333
0 0.310937 0.118750 0.100000 0.133333
0 0.710938 0.591667 0.100000 0.133333
0 0.521875 0.145833 0.100000 0.133333
0 0.793750 0.685417 0.100000 0.133333
0 0.304688 0.341667 0.100000 0.133333
0 0.740625 0.335417 0.100000 0.133333
0 0.112500 0.777083 0.100000 0.133333
0 0.392188 0.143750 0.100000 0.133333
0 0.545312 0.433333 0.100000 0.133333
0 0.575000 0.122917 0.100000 0.133333
0 0.401562 0.410417 0.100000 0.133333
0 0.781250 0.485417 0.100000 0.133333
0 0.187500 0.552083 0.100000 0.133333
0 0.704688 0.112500 0.100000 0.133333
0 0.251563 0.597917 0.100000 0.133333
0 0.185938 0.439583 0.100000 0.133333
0 0.490625 0.766667 0.100000 0.133333
0 0.126562 0.391667 0.100000 0.133333
0 0.759375 0.727083 0.100000 0.133333
0 0.187500 0.350000 0.100000 0.133333
0 0.226562 0.172917 0.100000 0.133333
0 0.373437 0.304167 0.100000 0.133333
0 0.454688 0.608333 0.100000 0.133333
0 0.251563 0.308333 0.100000 0.133333
0 0.190625 0.379167 0.100000 0.133333
0 0.806250 0.210417 0.100000 0.133333
0 0.479687 0.362500 0.100000 0.133333
0 0.804688 0.618750 0.100000 0.133333
0 0.217188 0.647917 0.100000 0.133333
0 0.404687 0.456250 0.100000 0.133333
0 0.415625 0.102083 0.100000 0.133333
0 0.575000 0.627083 0.100000 0.133333
0 0.207813 0.887500 0.100000 0.133333
0 0.231250 0.731250 0.100000 0.133333
0 0.651563 0.589583 0.100000 0.133333
0 0.515625 0.250000 0.100000 0.133333
0 0.451562 0.887500 0.100000 0.133333
0 0.454688 0.422917 0.100000 0.133333
0 0.785937 0.462500 0.100000 0.133333
0 0.212500 0.191667 0.100000 0.133333
0 0.246875 0.120833 0.100000 0.133333
0 0.145313 0.193750 0.100000 0.133333
0 0.867188 0.462500 0.100000 0.133333
0 0.193750 0.831250 0.100000 0.133333
0 0.635938 0.645833 0.100000 0.133333
0 0.578125 0.364583 0.100000 0.133333
0 0.401562 0.691667 0.100000 0.133333
0 0.365625 0.677083 0.100000 0.133333
0 0.828125 0.314583 0.100000 0.133333
0 0.710938 0.164583 0.100000 0.133333
0 0.423438 0.827083 0.100000 0.133333
0 0.864062 0.229167 0.100000 0.133333
0 0.690625 0.468750 0.100000 0.133333
0 0.521875 0.622917 0.100000 0.133333
0 0.178125 0.537500 0.100000 0.133333
0 0.657813 0.829167 0.100000 0.133333
0 0.754687 0.225000 0.100000 0.133333
0 0.415625 0.237500 0.100000 0.133333
0 0.575000 0.870833 0.100000 0.133333
0 0.535937 0.362500 0.100000 0.133333
0 0.240625 0.545833 0.100000 0.133333
0 0.376563 0.439583 0.100000 0.133333
0 0.548438 0.643750 0.100000 0.133333
0 0.415625 0.166667 0.100000 0.133333
0 0.750000 0.431250 0.100000 0.133333
0 0.207813 0.643750 0.100000 0.133333
0 0.781250 0.456250 0.100000 0.133333
0 0.339062 0.402083 0.100000 0.133333
0 0.101562 0.800000 0.100000 0.133333
0 0.465625 0.333333 0.100000 0.133333
0 0.532813 0.479167 0.100000 0.133333
0 0.270313 0.729167 0.100000 0.133333
0 0.812500 0.114583 0.100000 0.133333
0 0.698438 0.368750 0.100000 0.133333
0 0.576562 0.662500 0.100000 0.133333
0 0.609375 0.072917 0.100000 0.133333
0 0.417187 0.570833 0.100000 0.133333
0 0.829688 0.610417 0.100000 0.133333
0 0.892188 0.343750 0.100000 0.133333
0 0.464062 0.614583 0.100000 0.133333
0 0.221875 0.706250 0.100000 0.133333
0 0.481250 0.125000 0.100000 0.133333
0 0.210938 0.312500 0.100000 0.133333
0 0.173437 0.072917 0.100000 0.133333
0 0.859375 0.560417 0.100000 0.133333
0 0.571875 0.475000 0.100000 0.133333
0 0.179688 0.127083 0.100000 0.133333
0 0.375000 0.620833 0.100000 0.133333
0 0.446875 0.525000 0.100000 0.133333
0 0.101562 0.489583 0.100000 0.133333
0 0.531250 0.110417 0.100000 0.133333
0 0.539062 0.675000 0.100000 0.133333
0 0.293750 0.085417 0.100000 0.133333
0 0.748437 0.808333 0.100000 0.133333
0 0.185938 0.708333 0.100000 0.133333
0 0.268750 0.143750 0.100000 0.133333
0 0.173437 0.835417 0.100000 0.133333
0 0.392188 0.133333 0.100000 0.133333
0 0.603125 0.395833 0.100000 0.133333
0 0.778125 0.191667 0.100000 0.133333
0 0.434375 0.691667 0.100000 0.133333
0 0.860938 0.825000 0.100000 0.133333
0 0.379688 0.125000 0.100000 0.133333
0 0.242188 0.185417 0.100000 0.133333
0 0.171875 0.637500 0.100000 0.133333
0 0.125000 0.875000 0.100000 0.133333
1 0.203125 0.581250 0.100000 0.133333
1 0.176563 0.487500 0.100000 0.133333
1 0.639062 0.264583 0.100000 0.133333
1 0.179688 0.739583 0.100000 0.133333
1 0.457813 0.514583 0.100000 0.133333
