0 0.514062 0.295833 0.100000 0.133333
0 0.160938 0.416667 0.100000 0.133333
0 0.587500 0.833333 0.100000 0.133333
0 0.573438 0.345833 0.100000 0.133333
0 0.515625 0.429167 0.100000 0.133333
0 0.732812 0.204167 0.100000 0.133333
0 0.375000 0.414583 0.100000 0.133333
0 0.437500 0.604167 0.100000 0.133333
0 0.520312 0.535417 0.100000 0.133333
0 0.696875 0.156250 0.100000 0.133333
0 0.707812 0.656250 0.100000 0.133333
0 0.517188 0.068750 0.100000 0.133333
0 0.678125 0.825000 0.100000 0.133333
0 0.857812 0.718750 0.100000 0.133333
0 0.490625 0.087500 0.100000 0.133333
0 0.214062 0.166667 0.100000 0.133333
0 0.560937 0.693750 0.100000 0.133333
0 0.765625 0.729167 0.100000 0.133333
0 0.265625 0.356250 0.100000 0.133333
0 0.575000 0.589583 0.100000 0.133333
0 0.362500 0.583333 0.100000 0.133333
0 0.692187 0.714583 0.100000 0.133333
0 0.357812 0.095833 0.100000 0.133333
0 0.131250 0.683333 0.100000 0.133333
0 0.300000 0.356250 0.100000 0.133333
0 0.318750 0.377083 0.100000 0.133333
0 0.509375 0.604167 0.100000 0.133333
0 0.748437 0.600000 0.100000 0.133333
0 0.368750 0.177083 0.100000 0.133333
0 0.476562 0.285417 0.100000 0.133333
0 0.296875 0.827083 0.100000 0.133333
0 0.701562 0.204167 0.100000 0.133333
0 0.762500 0.162500 0.100000 0.133333
0 0.846875 0.068750 0.100000 0.133333
0 0.900000 0.202083 0.100000 0.133333
0 0.212500 0.579167 0.100000 0.133333
0 0.395313 0.745833 0.100000 0.133333
0 0.145313 0.325000 0.100000 0.133333
0 0.407813 0.725000 0.100000 0.133333
0 0.851562 0.422917 0.100000 0.133333
0 0.321875 0.566667 0.100000 0.133333
0 0.654687 0.356250 0.100000 0.133333
0 0.317188 0.804167 0.100000 0.133333
0 0.415625 0.143750 0.100000 0.133333
0 0.489063 0.068750 0.100000 0.133333
0 0.267188 0.868750 0.100000 0.133333
0 0.523438 0.662500 0.100000 0.133333
0 0.871875 0.345833 0.100000 0.133333
0 0.865625 0.408333 0.100000 0.133333
0 0.307812 0.279167 0.100000 0.133333
0 0.393750 0.504167 0.100000 0.133333
0 0.481250 0.856250 0.100000 0.133333
0 0.437500 0.154167 0.100000 0.133333
0 0.709375 0.137500 0.100000 0.133333
0 0.342187 0.756250 0.100000 0.133333
0 0.228125 0.404167 0.100000 0.133333
0 0.682813 0.354167 0.100000 0.133333
0 0.356250 0.110417 0.100000 0.133333
0 0.631250 0.491667 0.100000 0.133333
0 0.778125 0.514583 0.100000 0.133333
0 0.148438 0.152083 0.100000 0.133333
0 0.610938 0.433333 0.100000 0.133333
0 0.526563 0.218750 0.100000 0.133333
0 0.464062 0.237500 0.100000 0.133333
0 0.310937 0.079167 0.100000 0.133333
0 0.420312 0.689583 0.100000 0.133333
0 0.756250 0.420833 0.100000 0.133333
0 0.450000 0.406250 0.100000 0.133333
0 0.201563 0.160417 0.100000 0.133333
0 0.684375 0.489583 0.100000 0.133333
0 0.765625 0.733333 0.100000 0.133333
0 0.445312 0.283333 0.100000 0.133333
0 0.239063 0.614583 0.100000 0.133333
0 0.478125 0.683333 0.100000 0.133333
0 0.673438 0.822917 0.100000 0.133333
0 0.553125 0.404167 0.100000 0.133333
0 0.703125 0.541667 0.100000 0.133333
0 0.595313 0.766667 0.100000 0.133333
0 0.660937 0.279167 0.100000 0.133333
0 0.757812 0.204167 0.100000 0.133333
0 0.528125 0.072917 0.100000 0.133333
0 0.610938 0.564583 0.100000 0.133333
0 0.639062 0.729167 0.100000 0.133333
0 0.520312 0.752083 0.100000 0.133333
0 0.423438 0.887500 0.100000 0.133333
0 0.182812 0.800000 0.100000 0.133333
0 0.806250 0.372917 0.100000 0.133333
0 0.868750 0.704167 0.100000 0.133333
0 0.614062 0.693750 0.100000 0.133333
0 0.221875 0.610417 0.100000 0.133333
0 0.371875 0.445833 0.100000 0.133333
0 0.273438 0.108333 0.100000 0.133333
0 0.698438 0.414583 0.100000 0.133333
0 0.304688 0.170833 0.100000 0.133333
0 0.673438 0.139583 0.100000 0.133333
0 0.471875 0.177083 0.100000 0.133333
0 0.523438 0.400000 0.100000 0.133333
0 0.765625 0.272917 0.100000 0.133333
0 0.151562 0.664583 0.100000 0.133333
0 0.520312 0.133333 0.100000 0.133333
0 0.615625 0.518750 0.100000 0.133333
0 0.253125 0.681250 0.100000 0.133333
0 0.696875 0.147917 0.100000 0.133333
0 0.115625 0.243750 0.100000 0.133333
0 0.829688 0.589583 0.100000 0.133333
0 0.687500 0.754167 0.100000 0.133333
0 0.826562 0.520833 0.100000 0.133333
0 0.290625 0.539583 0.100000 0.133333
0 0.250000 0.402083 0.100000 0.133333
0 0.714063 0.106250 0.100000 0.133333
0 0.440625 0.477083 0.100000 0.133333
0 0.339062 0.264583 0.100000 0.133333
0 0.715625 0.495833 0.100000 0.133333
0 0.479687 0.285417 0.100000 0.133333
0 0.307812 0.587500 0.100000 0.133333
0 0.770312 0.429167 0.100000 0.133333
0 0.892188 0.091667 0.100000 0.133333
0 0.181250 0.075000 0.100000 0.133333
0 0.303125 0.845833 0.100000 0.133333
0 0.629687 0.779167 0.100000 0.133333
0 0.310937 0.441667 0.100000 0.133333
0 0.164062 0.568750 0.100000 0.133333
0 0.314063 0.558333 0.100000 0.133333
0 0.435937 0.272917 0.100000 0.133333
0 0.240625 0.162500 0.100000 0.133333
0 0.135937 0.306250 0.100000 0.133333
0 0.165625 0.441667 0.100000 0.133333
0 0.353125 0.275000 0.100000 0.133333
0 0.737500 0.522917 0.100000 0.133333
0 0.715625 0.289583 0.100000 0.133333
0 0.164062 0.368750 0.100000 0.133333
0 0.845313 0.806250 0.100000 0.133333
0 0.465625 0.070833 0.100000 0.133333
0 0.832812 0.775000 0.100000 0.133333
0 0.485938 0.875000 0.100000 0.133333
0 0.159375 0.458333 0.100000 0.133333
0 0.107813 0.358333 0.100000 0.133333
0 0.620313 0.843750 0.100000 0.133333
0 0.515625 0.354167 0.100000 0.133333
0 0.839063 0.460417 0.100000 0.133333
0 0.710938 0.635417 0.100000 0.133333
0 0.237500 0.243750 0.100000 0.133333
0 0.835938 0.439583 0.100000 0.133333
0 0.581250 0.143750 0.100000 0.133333
0 0.579688 0.183333 0.100000 0.133333
0 0.754687 0.420833 0.100000 0.133333
0 0.306250 0.091667 0.100000 0.133333
0 0.123438 0.429167 0.100000 0.133333
0 0.600000 0.387500 0.100000 0.133333
0 0.573438 0.377083 0.100000 0.133333
1 0.346875 0.562500 0.100000 0.133333
1 0.435937 0.435417 0.100000 0.133333
1 0.539062 0.164583 0.100000 0.133333
1 0.576562 0.835417 0.100000 0.133333
1 0.398438 0.577083 0.100000 0.133333
