0 0.493750 0.593750 0.100000 0.133333
0 0.731250 0.231250 0.100000 0.133333
0 0.614062 0.406250 0.100000 0.133333
0 0.804688 0.779167 0.100000 0.133333
0 0.362500 0.245833 0.100000 0.133333
0 0.768750 0.610417 0.100000 0.133333
0 0.275000 0.489583 0.100000 0.133333
0 0.384375 0.645833 0.100000 0.133333
0 0.114062 0.068750 0.100000 0.133333
0 0.406250 0.608333 0.100000 0.133333
0 0.418750 0.647917 0.100000 0.133333
0 0.292187 0.185417 0.100000 0.133333
0 0.778125 0.081250 0.100000 0.133333
0 0.282813 0.291667 0.100000 0.133333
0 0.706250 0.875000 0.100000 0.133333
0 0.248438 0.550000 0.100000 0.133333
0 0.300000 0.866667 0.100000 0.133333
0 0.606250 0.372917 0.100000 0.133333
0 0.312500 0.770833 0.100000 0.133333
0 0.870313 0.304167 0.100000 0.133333
0 0.309375 0.564583 0.100000 0.133333
0 0.435937 0.868750 0.100000 0.133333
0 0.285938 0.504167 0.100000 0.133333
0 0.750000 0.164583 0.100000 0.133333
0 0.231250 0.545833 0.100000 0.133333
0 0.632812 0.762500 0.100000 0.133333
0 0.365625 0.191667 0.100000 0.133333
0 0.260937 0.527083 0.100000 0.133333
0 0.610938 0.085417 0.100000 0.133333
0 0.109375 0.629167 0.100000 0.133333
0 0.514062 0.820833 0.100000 0.133333
0 0.482812 0.618750 0.100000 0.133333
0 0.368750 0.208333 0.100000 0.133333
0 0.523438 0.481250 0.100000 0.133333
0 0.509375 0.779167 0.100000 0.133333
0 0.290625 0.270833 0.100000 0.133333
0 0.384375 0.156250 0.100000 0.133333
0 0.532813 0.456250 0.100000 0.133333
0 0.620313 0.129167 0.100000 0.133333
0 0.898438 0.883333 0.100000 0.133333
0 0.267188 0.485417 0.100000 0.133333
0 0.629687 0.500000 0.100000 0.133333
0 0.640625 0.579167 0.100000 0.133333
0 0.871875 0.535417 0.100000 0.133333
0 0.425000 0.452083 0.100000 0.133333
0 0.512500 0.739583 0.100000 0.133333
0 0.523438 0.641667 0.100000 0.133333
0 0.670312 0.641667 0.100000 0.133333
0 0.296875 0.397917 0.100000 0.133333
0 0.196875 0.672917 0.100000 0.133333
0 0.590625 0.466667 0.100000 0.133333
0 0.348438 0.443750 0.100000 0.133333
0 0.795312 0.268750 0.100000 0.133333
0 0.473438 0.718750 0.100000 0.133333
0 0.440625 0.881250 0.100000 0.133333
0 0.559375 0.177083 0.100000 0.133333
0 0.243750 0.225000 0.100000 0.133333
0 0.648438 0.304167 0.100000 0.133333
0 0.839063 0.689583 0.100000 0.133333
0 0.271875 0.681250 0.100000 0.133333
0 0.473438 0.633333 0.100000 0.133333
0 0.717187 0.656250 0.100000 0.133333
0 0.756250 0.745833 0.100000 0.133333
0 0.485938 0.800000 0.100000 0.133333
0 0.400000 0.164583 0.100000 0.133333
0 0.578125 0.302083 0.100000 0.133333
0 0.398438 0.262500 0.100000 0.133333
0 0.460938 0.181250 0.100000 0.133333
0 0.484375 0.614583 0.100000 0.133333
0 0.521875 0.414583 0.100000 0.133333
0 0.395313 0.077083 0.100000 0.133333
0 0.670312 0.129167 0.100000 0.133333
0 0.842187 0.137500 0.100000 0.133333
0 0.128125 0.518750 0.100000 0.133333
0 0.854688 0.214583 0.100000 0.133333
0 0.768750 0.443750 0.100000 0.133333
0 0.315625 0.854167 0.100000 0.133333
0 0.657813 0.372917 0.100000 0.133333
0 0.570312 0.258333 0.100000 0.133333
0 0.476562 0.618750 0.100000 0.133333
0 0.865625 0.218750 0.100000 0.133333
0 0.282813 0.577083 0.100000 0.133333
0 0.576562 0.316667 0.100000 0.133333
0 0.229687 0.400000 0.100000 0.133333
0 0.457813 0.785417 0.100000 0.133333
0 0.417187 0.566667 0.100000 0.133333
0 0.389062 0.310417 0.100000 0.133333
0 0.481250 0.631250 0.100000 0.133333
0 0.320312 0.864583 0.100000 0.133333
0 0.429688 0.404167 0.100000 0.133333
0 0.140625 0.725000 0.100000 0.133333
0 0.301563 0.593750 0.100000 0.133333
0 0.517188 0.816667 0.100000 0.133333
0 0.875000 0.789583 0.100000 0.133333
0 0.509375 0.637500 0.100000 0.133333
0 0.668750 0.347917 0.100000 0.133333
0 0.568750 0.460417 0.100000 0.133333
0 0.132812 0.306250 0.100000 0.133333
0 0.729688 0.583333 0.100000 0.133333
0 0.498437 0.495833 0.100000 0.133333
0 0.848437 0.295833 0.100000 0.133333
0 0.585938 0.229167 0.100000 0.133333
0 0.726562 0.391667 0.100000 0.133333
0 0.857812 0.370833 0.100000 0.133333
0 0.389062 0.214583 0.100000 0.133333
0 0.106250 0.510417 0.100000 0.133333
0 0.448437 0.777083 0.100000 0.133333
0 0.159375 0.427083 0.100000 0.133333
0 0.531250 0.639583 0.100000 0.133333
0 0.185938 0.427083 0.100000 0.133333
0 0.365625 0.506250 0.100000 0.133333
0 0.198437 0.497917 0.100000 0.133333
0 0.393750 0.189583 0.100000 0.133333
0 0.892188 0.237500 0.100000 0.133333
0 0.896875 0.808333 0.100000 0.133333
0 0.201563 0.345833 0.100000 0.133333
0 0.695312 0.166667 0.100000 0.133333
0 0.420312 0.816667 0.100000 0.133333
0 0.468750 0.320833 0.100000 0.133333
0 0.139063 0.647917 0.100000 0.133333
0 0.884375 0.685417 0.100000 0.133333
0 0.159375 0.889583 0.100000 0.133333
0 0.129688 0.864583 0.100000 0.133333
0 0.382812 0.420833 0.100000 0.133333
0 0.321875 0.581250 0.100000 0.133333
0 0.482812 0.789583 0.100000 0.133333
0 0.323437 0.612500 0.100000 0.133333
0 0.492188 0.587500 0.100000 0.133333
0 0.251563 0.337500 0.100000 0.133333
0 0.314063 0.727083 0.100000 0.133333
0 0.759375 0.695833 0.100000 0.133333
0 0.228125 0.510417 0.100000 0.133333
0 0.534375 0.812500 0.100000 0.133333
0 0.762500 0.802083 0.100000 0.133333
0 0.689063 0.806250 0.100000 0.133333
0 0.450000 0.306250 0.100000 0.133333
0 0.423438 0.175000 0.100000 0.133333
0 0.381250 0.595833 0.100000 0.133333
0 0.835938 0.389583 0.100000 0.133333
0 0.604688 0.789583 0.100000 0.133333
0 0.239063 0.077083 0.100000 0.133333
0 0.573438 0.339583 0.100000 0.133333
0 0.167187 0.350000 0.100000 0.133333
0 0.626563 0.881250 0.100000 0.133333
0 0.315625 0.475000 0.100000 0.133333
0 0.328125 0.327083 0.100000 0.133333
0 0.764062 0.377083 0.100000 0.133333
0 0.437500 0.695833 0.100000 0.133333
0 0.103125 0.860417 0.100000 0.133333
0 0.362500 0.795833 0.100000 0.133333
1 0.157812 0.404167 0.100000 0.133333
1 0.539062 0.427083 0.100000 0.133333
1 0.825000 0.552083 0.100000 0.133333
1 0.251563 0.902083 0.100000 0.133333
1 0.576562 0.514583 0.100000 0.133333
