0 0.582812 0.779167 0.100000 0.133333
0 0.851562 0.762500 0.100000 0.133333
0 0.565625 0.852083 0.100000 0.133333
0 0.735938 0.320833 0.100000 0.133333
0 0.798438 0.814583 0.100000 0.133333
0 0.451562 0.395833 0.100000 0.133333
0 0.545312 0.879167 0.100000 0.133333
0 0.518750 0.470833 0.100000 0.133333
0 0.225000 0.225000 0.100000 0.133333
0 0.292187 0.685417 0.100000 0.133333
0 0.110937 0.114583 0.100000 0.133333
0 0.406250 0.572917 0.100000 0.133333
0 0.456250 0.764583 0.100000 0.133333
0 0.596875 0.470833 0.100000 0.133333
0 0.840625 0.331250 0.100000 0.133333
0 0.426563 0.120833 0.100000 0.133333
0 0.206250 0.825000 0.100000 0.133333
0 0.868750 0.302083 0.100000 0.133333
0 0.115625 0.072917 0.100000 0.133333
0 0.440625 0.700000 0.100000 0.133333
0 0.760938 0.766667 0.100000 0.133333
0 0.168750 0.308333 0.100000 0.133333
0 0.900000 0.210417 0.100000 0.133333
0 0.756250 0.331250 0.100000 0.133333
0 0.578125 0.420833 0.100000 0.133333
0 0.643750 0.581250 0.100000 0.133333
0 0.831250 0.352083 0.100000 0.133333
0 0.739062 0.416667 0.100000 0.133333
0 0.364063 0.166667 0.100000 0.133333
0 0.503125 0.200000 0.100000 0.133333
0 0.259375 0.468750 0.100000 0.133333
0 0.826562 0.656250 0.100000 0.133333
0 0.364063 0.335417 0.100000 0.133333
0 0.571875 0.443750 0.100000 0.133333
0 0.659375 0.577083 0.100000 0.133333
0 0.431250 0.791667 0.100000 0.133333
0 0.821875 0.393750 0.100000 0.133333
0 0.562500 0.643750 0.100000 0.133333
0 0.178125 0.118750 0.100000 0.133333
0 0.395313 0.068750 0.100000 0.133333
0 0.190625 0.675000 0.100000 0.133333
0 0.754687 0.558333 0.100000 0.133333
0 0.550000 0.510417 0.100000 0.133333
0 0.737500 0.702083 0.100000 0.133333
0 0.585938 0.516667 0.100000 0.133333
0 0.315625 0.327083 0.100000 0.133333
0 0.420312 0.789583 0.100000 0.133333
0 0.206250 0.516667 0.100000 0.133333
0 0.873437 0.172917 0.100000 0.133333
0 0.292187 0.091667 0.100000 0.133333
0 0.414062 0.552083 0.100000 0.133333
0 0.301563 0.747917 0.100000 0.133333
0 0.750000 0.514583 0.100000 0.133333
0 0.554688 0.750000 0.100000 0.133333
0 0.756250 0.691667 0.100000 0.133333
0 0.195312 0.387500 0.100000 0.133333
0 0.490625 0.385417 0.100000 0.133333
0 0.278125 0.370833 0.100000 0.133333
0 0.125000 0.552083 0.100000 0.133333
0 0.576562 0.643750 0.100000 0.133333
0 0.723437 0.572917 0.100000 0.133333
0 0.793750 0.579167 0.100000 0.133333
0 0.271875 0.204167 0.100000 0.133333
0 0.531250 0.581250 0.100000 0.133333
0 0.562500 0.666667 0.100000 0.133333
0 0.821875 0.858333 0.100000 0.133333
0 0.351562 0.118750 0.100000 0.133333
0 0.593750 0.662500 0.100000 0.133333
0 0.367188 0.562500 0.100000 0.133333
0 0.617188 0.591667 0.100000 0.133333
0 0.514062 0.216667 0.100000 0.133333
0 0.753125 0.535417 0.100000 0.133333
0 0.881250 0.262500 0.100000 0.133333
0 0.767188 0.068750 0.100000 0.133333
0 0.221875 0.114583 0.100000 0.133333
0 0.875000 0.102083 0.100000 0.133333
0 0.768750 0.537500 0.100000 0.133333
0 0.414062 0.275000 0.100000 0.133333
0 0.301563 0.181250 0.100000 0.133333
0 0.329688 0.527083 0.100000 0.133333
0 0.706250 0.162500 0.100000 0.133333
0 0.789062 0.185417 0.100000 0.133333
0 0.490625 0.456250 0.100000 0.133333
0 0.642188 0.547917 0.100000 0.133333
0 0.571875 0.468750 0.100000 0.133333
0 0.759375 0.856250 0.100000 0.133333
0 0.582812 0.610417 0.100000 0.133333
0 0.300000 0.518750 0.100000 0.133333
0 0.748437 0.206250 0.100000 0.133333
0 0.345313 0.364583 0.100000 0.133333
0 0.821875 0.308333 0.100000 0.133333
0 0.135937 0.308333 0.100000 0.133333
0 0.739062 0.466667 0.100000 0.133333
0 0.304688 0.750000 0.100000 0.133333
0 0.603125 0.812500 0.100000 0.133333
0 0.443750 0.662500 0.100000 0.133333
0 0.109375 0.597917 0.100000 0.133333
0 0.717187 0.160417 0.100000 0.133333
0 0.278125 0.258333 0.100000 0.133333
0 0.164062 0.341667 0.100000 0.133333
0 0.843750 0.681250 0.100000 0.133333
0 0.256250 0.568750 0.100000 0.133333
0 0.832812 0.093750 0.100000 0.133333
0 0.493750 0.295833 0.100000 0.133333
0 0.509375 0.560417 0.100000 0.133333
0 0.623437 0.320833 0.100000 0.133333
0 0.565625 0.081250 0.100000 0.133333
0 0.101562 0.081250 0.100000 0.133333
0 0.192188 0.783333 0.100000 0.133333
0 0.476562 0.312500 0.100000 0.133333
0 0.478125 0.720833 0.100000 0.133333
0 0.773438 0.145833 0.100000 0.133333
0 0.534375 0.856250 0.100000 0.133333
0 0.454688 0.089583 0.100000 0.133333
0 0.828125 0.191667 0.100000 0.133333
0 0.667188 0.677083 0.100000 0.133333
0 0.306250 0.750000 0.100000 0.133333
0 0.825000 0.389583 0.100000 0.133333
0 0.156250 0.731250 0.100000 0.133333
0 0.375000 0.427083 0.100000 0.133333
0 0.531250 0.185417 0.100000 0.133333
0 0.496875 0.195833 0.100000 0.133333
0 0.153125 0.575000 0.100000 0.133333
0 0.778125 0.431250 0.100000 0.133333
0 0.810937 0.218750 0.100000 0.133333
0 0.543750 0.068750 0.100000 0.133333
0 0.659375 0.862500 0.100000 0.133333
0 0.273438 0.641667 0.100000 0.133333
0 0.840625 0.604167 0.100000 0.133333
0 0.114062 0.585417 0.100000 0.133333
0 0.734375 0.591667 0.100000 0.133333
0 0.698438 0.408333 0.100000 0.133333
0 0.518750 0.452083 0.100000 0.133333
0 0.142187 0.700000 0.100000 0.133333
0 0.223438 0.668750 0.100000 0.133333
0 0.556250 0.529167 0.100000 0.133333
0 0.885938 0.166667 0.100000 0.133333
0 0.857812 0.070833 0.100000 0.133333
0 0.664062 0.650000 0.100000 0.133333
0 0.160938 0.129167 0.100000 0.133333
0 0.146875 0.239583 0.100000 0.133333
0 0.878125 0.254167 0.100000 0.133333
0 0.320312 0.760417 0.100000 0.133333
0 0.248438 0.502083 0.100000 0.133333
0 0.584375 0.222917 0.100000 0.133333
0 0.610938 0.168750 0.100000 0.133333
0 0.164062 0.270833 0.100000 0.133333
0 0.893750 0.408333 0.100000 0.133333
0 0.673438 0.131250 0.100000 0.133333
0 0.242188 0.406250 0.100000 0.133333
1 0.690625 0.120833 0.100000 0.133333
1 0.904687 0.250000 0.100000 0.133333
1 0.160938 0.802083 0.100000 0.133333
1 0.337500 0.625000 0.100000 0.133333
1 0.057813 0.541667 0.100000 0.133333
