0 0.603125 0.843750 0.100000 0.133333
0 0.596875 0.235417 0.100000 0.133333
0 0.560937 0.100000 0.100000 0.133333
0 0.259375 0.631250 0.100000 0.133333
0 0.801562 0.514583 0.100000 0.133333
0 0.234375 0.116667 0.100000 0.133333
0 0.351562 0.639583 0.100000 0.133333
0 0.143750 0.420833 0.100000 0.133333
0 0.264062 0.629167 0.100000 0.133333
0 0.554688 0.739583 0.100000 0.133333
0 0.473438 0.868750 0.100000 0.133333
0 0.232813 0.114583 0.100000 0.133333
0 0.404687 0.395833 0.100000 0.133333
0 0.528125 0.081250 0.100000 0.133333
0 0.771875 0.137500 0.100000 0.133333
0 0.431250 0.481250 0.100000 0.133333
0 0.385937 0.477083 0.100000 0.133333
0 0.407813 0.877083 0.100000 0.133333
0 0.696875 0.354167 0.100000 0.133333
0 0.775000 0.445833 0.100000 0.133333
0 0.376563 0.581250 0.100000 0.133333
0 0.725000 0.552083 0.100000 0.133333
0 0.895312 0.883333 0.100000 0.133333
0 0.507812 0.377083 0.100000 0.133333
0 0.328125 0.743750 0.100000 0.133333
0 0.584375 0.072917 0.100000 0.133333
0 0.275000 0.760417 0.100000 0.133333
0 0.878125 0.762500 0.100000 0.133333
0 0.729688 0.879167 0.100000 0.133333
0 0.334375 0.304167 0.100000 0.133333
0 0.187500 0.166667 0.100000 0.133333
0 0.735938 0.775000 0.100000 0.133333
0 0.192188 0.320833 0.100000 0.133333
0 0.262500 0.085417 0.100000 0.133333
0 0.378125 0.439583 0.100000 0.133333
0 0.764062 0.379167 0.100000 0.133333
0 0.892188 0.368750 0.100000 0.133333
0 0.104688 0.208333 0.100000 0.133333
0 0.239063 0.297917 0.100000 0.133333
0 0.567187 0.300000 0.100000 0.133333
0 0.831250 0.183333 0.100000 0.133333
0 0.142187 0.675000 0.100000 0.133333
0 0.218750 0.575000 0.100000 0.133333
0 0.554688 0.825000 0.100000 0.133333
0 0.167187 0.112500 0.100000 0.133333
0 0.382812 0.710417 0.100000 0.133333
0 0.820312 0.604167 0.100000 0.133333
0 0.118750 0.297917 0.100000 0.133333
0 0.573438 0.752083 0.100000 0.133333
0 0.715625 0.102083 0.100000 0.133333
0 0.885938 0.325000 0.100000 0.133333
0 0.303125 0.495833 0.100000 0.133333
0 0.609375 0.841667 0.100000 0.133333
0 0.796875 0.754167 0.100000 0.133333
0 0.468750 0.118750 0.100000 0.133333
0 0.267188 0.704167 0.100000 0.133333
0 0.501563 0.775000 0.100000 0.133333
0 0.165625 0.879167 0.100000 0.133333
0 0.767188 0.425000 0.100000 0.133333
0 0.854688 0.206250 0.100000 0.133333
0 0.853125 0.256250 0.100000 0.133333
0 0.782813 0.460417 0.100000 0.133333
0 0.187500 0.116667 0.100000 0.133333
0 0.281250 0.391667 0.100000 0.133333
0 0.378125 0.741667 0.100000 0.133333
0 0.246875 0.614583 0.100000 0.133333
0 0.626563 0.291667 0.100000 0.133333
0 0.192188 0.156250 0.100000 0.133333
0 0.257812 0.543750 0.100000 0.133333
0 0.878125 0.700000 0.100000 0.133333
0 0.859375 0.389583 0.100000 0.133333
0 0.753125 0.206250 0.100000 0.133333
0 0.365625 0.081250 0.100000 0.133333
0 0.812500 0.306250 0.100000 0.133333
0 0.518750 0.093750 0.100000 0.133333
0 0.704688 0.747917 0.100000 0.133333
0 0.790625 0.533333 0.100000 0.133333
0 0.178125 0.739583 0.100000 0.133333
0 0.895312 0.485417 0.100000 0.133333
0 0.837500 0.881250 0.100000 0.133333
0 0.489063 0.127083 0.100000 0.133333
0 0.198437 0.622917 0.100000 0.133333
0 0.665625 0.541667 0.100000 0.133333
0 0.396875 0.158333 0.100000 0.133333
0 0.725000 0.435417 0.100000 0.133333
0 0.571875 0.420833 0.100000 0.133333
0 0.725000 0.543750 0.100000 0.133333
0 0.504687 0.591667 0.100000 0.133333
0 0.900000 0.202083 0.100000 0.133333
0 0.721875 0.083333 0.100000 0.133333
0 0.515625 0.514583 0.100000 0.133333
0 0.625000 0.562500 0.100000 0.133333
0 0.503125 0.358333 0.100000 0.133333
0 0.403125 0.683333 0.100000 0.133333
0 0.743750 0.779167 0.100000 0.133333
0 0.215625 0.643750 0.100000 0.133333
0 0.864062 0.662500 0.100000 0.133333
0 0.181250 0.118750 0.100000 0.133333
0 0.518750 0.604167 0.100000 0.133333
0 0.900000 0.745833 0.100000 0.133333
0 0.668750 0.185417 0.100000 0.133333
0 0.410938 0.133333 0.100000 0.133333
0 0.478125 0.585417 0.100000 0.133333
0 0.418750 0.150000 0.100000 0.133333
0 0.846875 0.602083 0.100000 0.133333
0 0.379688 0.247917 0.100000 0.133333
0 0.600000 0.479167 0.100000 0.133333
0 0.201563 0.770833 0.100000 0.133333
0 0.867188 0.537500 0.100000 0.133333
0 0.500000 0.183333 0.100000 0.133333
0 0.832812 0.325000 0.100000 0.133333
0 0.173437 0.120833 0.100000 0.133333
0 0.229687 0.783333 0.100000 0.133333
0 0.498437 0.145833 0.100000 0.133333
0 0.637500 0.772917 0.100000 0.133333
0 0.393750 0.570833 0.100000 0.133333
0 0.850000 0.443750 0.100000 0.133333
0 0.139063 0.308333 0.100000 0.133333
0 0.164062 0.231250 0.100000 0.133333
0 0.270313 0.206250 0.100000 0.133333
0 0.807813 0.518750 0.100000 0.133333
0 0.750000 0.806250 0.100000 0.133333
0 0.393750 0.697917 0.100000 0.133333
0 0.795312 0.641667 0.100000 0.133333
0 0.709375 0.547917 0.100000 0.133333
0 0.143750 0.781250 0.100000 0.133333
0 0.785937 0.860417 0.100000 0.133333
0 0.335938 0.827083 0.100000 0.133333
0 0.368750 0.527083 0.100000 0.133333
0 0.754687 0.529167 0.100000 0.133333
0 0.362500 0.420833 0.100000 0.133333
0 0.362500 0.504167 0.100000 0.133333
0 0.826562 0.625000 0.100000 0.133333
0 0.642188 0.891667 0.100000 0.133333
0 0.770312 0.666667 0.100000 0.133333
0 0.101562 0.308333 0.100000 0.133333
0 0.573438 0.254167 0.100000 0.133333
0 0.548438 0.458333 0.100000 0.133333
0 0.843750 0.268750 0.100000 0.133333
0 0.262500 0.168750 0.100000 0.133333
0 0.573438 0.191667 0.100000 0.133333
0 0.132812 0.639583 0.100000 0.133333
0 0.482812 0.541667 0.100000 0.133333
0 0.725000 0.262500 0.100000 0.133333
0 0.806250 0.525000 0.100000 0.133333
0 0.648438 0.160417 0.100000 0.133333
0 0.301563 0.514583 0.100000 0.133333
0 0.260937 0.697917 0.100000 0.133333
0 0.820312 0.272917 0.100000 0.133333
0 0.153125 0.700000 0.100000 0.133333
1 0.239063 0.077083 0.100000 0.133333
1 0.768750 0.552083 0.100000 0.133333
1 0.600000 0.343750 0.100000 0.133333
1 0.639062 0.875000 0.100000 0.133333
1 0.785937 0.083333 0.100000 0.133333
