0 0.273438 0.158333 0.100000 0.133333
0 0.760938 0.372917 0.100000 0.133333
0 0.637500 0.356250 0.100000 0.133333
0 0.476562 0.477083 0.100000 0.133333
0 0.504687 0.495833 0.100000 0.133333
0 0.639062 0.739583 0.100000 0.133333
0 0.795312 0.654167 0.100000 0.133333
0 0.126562 0.595833 0.100000 0.133333
0 0.459375 0.381250 0.100000 0.133333
0 0.517188 0.752083 0.100000 0.133333
0 0.342187 0.752083 0.100000 0.133333
0 0.795312 0.327083 0.100000 0.133333
0 0.515625 0.731250 0.100000 0.133333
0 0.690625 0.400000 0.100000 0.133333
0 0.514062 0.768750 0.100000 0.133333
0 0.487500 0.412500 0.100000 0.133333
0 0.164062 0.389583 0.100000 0.133333
0 0.542188 0.260417 0.100000 0.133333
0 0.676562 0.593750 0.100000 0.133333
0 0.543750 0.658333 0.100000 0.133333
0 0.346875 0.787500 0.100000 0.133333
0 0.175000 0.745833 0.100000 0.133333
0 0.420312 0.254167 0.100000 0.133333
0 0.289062 0.368750 0.100000 0.133333
0 0.590625 0.156250 0.100000 0.133333
0 0.368750 0.168750 0.100000 0.133333
0 0.495312 0.356250 0.100000 0.133333
0 0.423438 0.341667 0.100000 0.133333
0 0.450000 0.716667 0.100000 0.133333
0 0.668750 0.635417 0.100000 0.133333
0 0.104688 0.795833 0.100000 0.133333
0 0.146875 0.745833 0.100000 0.133333
0 0.532813 0.641667 0.100000 0.133333
0 0.435937 0.543750 0.100000 0.133333
0 0.139063 0.122917 0.100000 0.133333
0 0.479687 0.547917 0.100000 0.133333
0 0.259375 0.293750 0.100000 0.133333
0 0.714063 0.468750 0.100000 0.133333
0 0.281250 0.754167 0.100000 0.133333
0 0.110937 0.597917 0.100000 0.133333
0 0.520312 0.652083 0.100000 0.133333
0 0.542188 0.281250 0.100000 0.133333
0 0.326562 0.391667 0.100000 0.133333
0 0.126562 0.858333 0.100000 0.133333
0 0.479687 0.266667 0.100000 0.133333
0 0.157812 0.345833 0.100000 0.133333
0 0.740625 0.793750 0.100000 0.133333
0 0.259375 0.837500 0.100000 0.133333
0 0.364063 0.068750 0.100000 0.133333
0 0.165625 0.585417 0.100000 0.133333
0 0.726562 0.797917 0.100000 0.133333
0 0.517188 0.220833 0.100000 0.133333
0 0.285938 0.835417 0.100000 0.133333
0 0.339062 0.227083 0.100000 0.133333
0 0.460938 0.079167 0.100000 0.133333
0 0.660937 0.716667 0.100000 0.133333
0 0.371875 0.125000 0.100000 0.133333
0 0.371875 0.452083 0.100000 0.133333
0 0.878125 0.508333 0.100000 0.133333
0 0.220312 0.139583 0.100000 0.133333
0 0.251563 0.829167 0.100000 0.133333
0 0.840625 0.845833 0.100000 0.133333
0 0.328125 0.472917 0.100000 0.133333
0 0.643750 0.497917 0.100000 0.133333
0 0.275000 0.625000 0.100000 0.133333
0 0.370312 0.710417 0.100000 0.133333
0 0.462500 0.195833 0.100000 0.133333
0 0.235937 0.127083 0.100000 0.133333
0 0.290625 0.862500 0.100000 0.133333
0 0.331250 0.083333 0.100000 0.133333
0 0.295312 0.337500 0.100000 0.133333
0 0.712500 0.787500 0.100000 0.133333
0 0.146875 0.666667 0.100000 0.133333
0 0.739062 0.170833 0.100000 0.133333
0 0.792188 0.562500 0.100000 0.133333
0 0.232813 0.681250 0.100000 0.133333
0 0.850000 0.850000 0.100000 0.133333
0 0.251563 0.514583 0.100000 0.133333
0 0.134375 0.468750 0.100000 0.133333
0 0.834375 0.885417 0.100000 0.133333
0 0.596875 0.141667 0.100000 0.133333
0 0.340625 0.610417 0.100000 0.133333
0 0.864062 0.495833 0.100000 0.133333
0 0.610938 0.243750 0.100000 0.133333
0 0.701562 0.545833 0.100000 0.133333
0 0.525000 0.762500 0.100000 0.133333
0 0.564063 0.335417 0.100000 0.133333
0 0.745313 0.741667 0.100000 0.133333
0 0.756250 0.225000 0.100000 0.133333
0 0.406250 0.593750 0.100000 0.133333
0 0.332813 0.266667 0.100000 0.133333
0 0.834375 0.479167 0.100000 0.133333
0 0.389062 0.312500 0.100000 0.133333
0 0.778125 0.710417 0.100000 0.133333
0 0.589063 0.235417 0.100000 0.133333
0 0.553125 0.827083 0.100000 0.133333
0 0.740625 0.889583 0.100000 0.133333
0 0.757812 0.756250 0.100000 0.133333
0 0.476562 0.712500 0.100000 0.133333
0 0.403125 0.470833 0.100000 0.133333
0 0.335938 0.675000 0.100000 0.133333
0 0.800000 0.447917 0.100000 0.133333
0 0.359375 0.518750 0.100000 0.133333
0 0.493750 0.685417 0.100000 0.133333
0 0.523438 0.862500 0.100000 0.133333
0 0.470313 0.766667 0.100000 0.133333
0 0.132812 0.804167 0.100000 0.133333
0 0.585938 0.345833 0.100000 0.133333
0 0.143750 0.689583 0.100000 0.133333
0 0.179688 0.289583 0.100000 0.133333
0 0.284375 0.587500 0.100000 0.133333
0 0.735938 0.450000 0.100000 0.133333
0 0.329688 0.260417 0.100000 0.133333
0 0.770312 0.352083 0.100000 0.133333
0 0.604688 0.210417 0.100000 0.133333
0 0.512500 0.475000 0.100000 0.133333
0 0.848437 0.541667 0.100000 0.133333
0 0.164062 0.237500 0.100000 0.133333
0 0.868750 0.850000 0.100000 0.133333
0 0.398438 0.322917 0.100000 0.133333
0 0.487500 0.331250 0.100000 0.133333
0 0.104688 0.312500 0.100000 0.133333
0 0.198437 0.097917 0.100000 0.133333
0 0.376563 0.647917 0.100000 0.133333
0 0.385937 0.639583 0.100000 0.133333
0 0.329688 0.745833 0.100000 0.133333
0 0.421875 0.812500 0.100000 0.133333
0 0.665625 0.552083 0.100000 0.133333
0 0.571875 0.758333 0.100000 0.133333
0 0.460938 0.100000 0.100000 0.133333
0 0.737500 0.504167 0.100000 0.133333
0 0.762500 0.397917 0.100000 0.133333
0 0.553125 0.120833 0.100000 0.133333
0 0.654687 0.743750 0.100000 0.133333
0 0.589063 0.541667 0.100000 0.133333
0 0.185938 0.418750 0.100000 0.133333
0 0.232813 0.139583 0.100000 0.133333
0 0.476562 0.372917 0.100000 0.133333
0 0.131250 0.258333 0.100000 0.133333
0 0.690625 0.377083 0.100000 0.133333
0 0.312500 0.664583 0.100000 0.133333
0 0.637500 0.512500 0.100000 0.133333
0 0.818750 0.658333 0.100000 0.133333
0 0.800000 0.577083 0.100000 0.133333
0 0.892188 0.477083 0.100000 0.133333
0 0.406250 0.568750 0.100000 0.133333
0 0.309375 0.485417 0.100000 0.133333
0 0.478125 0.877083 0.100000 0.133333
0 0.335938 0.845833 0.100000 0.133333
0 0.828125 0.829167 0.100000 0.133333
1 0.226562 0.360417 0.100000 0.133333
1 0.834375 0.735417 0.100000 0.133333
1 0.625000 0.622917 0.100000 0.133333
1 0.826562 0.312500 0.100000 0.133333
1 0.339062 0.279167 0.100000 0.133333
