0 0.776563 0.891667 0.100000 0.133333
0 0.464062 0.504167 0.100000 0.133333
0 0.317188 0.612500 0.100000 0.133333
0 0.581250 0.537500 0.100000 0.133333
0 0.329688 0.654167 0.100000 0.133333
0 0.871875 0.268750 0.100000 0.133333
0 0.414062 0.508333 0.100000 0.133333
0 0.296875 0.089583 0.100000 0.133333
0 0.692187 0.527083 0.100000 0.133333
0 0.493750 0.529167 0.100000 0.133333
0 0.534375 0.072917 0.100000 0.133333
0 0.140625 0.133333 0.100000 0.133333
0 0.493750 0.279167 0.100000 0.133333
0 0.364063 0.077083 0.100000 0.133333
0 0.632812 0.793750 0.100000 0.133333
0 0.582812 0.489583 0.100000 0.133333
0 0.839063 0.341667 0.100000 0.133333
0 0.123438 0.793750 0.100000 0.133333
0 0.117188 0.177083 0.100000 0.133333
0 0.407813 0.347917 0.100000 0.133333
0 0.396875 0.247917 0.100000 0.133333
0 0.842187 0.641667 0.100000 0.133333
0 0.453125 0.443750 0.100000 0.133333
0 0.296875 0.202083 0.100000 0.133333
0 0.495312 0.791667 0.100000 0.133333
0 0.114062 0.812500 0.100000 0.133333
0 0.706250 0.758333 0.100000 0.133333
0 0.562500 0.350000 0.100000 0.133333
0 0.360938 0.120833 0.100000 0.133333
0 0.450000 0.112500 0.100000 0.133333
0 0.196875 0.535417 0.100000 0.133333
0 0.746875 0.610417 0.100000 0.133333
0 0.314063 0.747917 0.100000 0.133333
0 0.496875 0.756250 0.100000 0.133333
0 0.265625 0.414583 0.100000 0.133333
0 0.132812 0.122917 0.100000 0.133333
0 0.364063 0.168750 0.100000 0.133333
0 0.459375 0.731250 0.100000 0.133333
0 0.118750 0.297917 0.100000 0.133333
0 0.510938 0.425000 0.100000 0.133333
0 0.743750 0.681250 0.100000 0.133333
0 0.196875 0.527083 0.100000 0.133333
0 0.657813 0.360417 0.100000 0.133333
0 0.126562 0.452083 0.100000 0.133333
0 0.748437 0.775000 0.100000 0.133333
0 0.407813 0.416667 0.100000 0.133333
0 0.101562 0.727083 0.100000 0.133333
0 0.639062 0.135417 0.100000 0.133333
0 0.268750 0.612500 0.100000 0.133333
0 0.107813 0.312500 0.100000 0.133333
0 0.631250 0.602083 0.100000 0.133333
0 0.778125 0.554167 0.100000 0.133333
0 0.685937 0.879167 0.100000 0.133333
0 0.320312 0.806250 0.100000 0.133333
0 0.818750 0.406250 0.100000 0.133333
0 0.179688 0.745833 0.100000 0.133333
0 0.785937 0.697917 0.100000 0.133333
0 0.206250 0.666667 0.100000 0.133333
0 0.650000 0.879167 0.100000 0.133333
0 0.192188 0.383333 0.100000 0.133333
0 0.220312 0.254167 0.100000 0.133333
0 0.634375 0.500000 0.100000 0.133333
0 0.323437 0.270833 0.100000 0.133333
0 0.470313 0.614583 0.100000 0.133333
0 0.200000 0.320833 0.100000 0.133333
0 0.873437 0.164583 0.100000 0.133333
0 0.729688 0.802083 0.100000 0.133333
0 0.126562 0.889583 0.100000 0.133333
0 0.723437 0.460417 0.100000 0.133333
0 0.723437 0.872917 0.100000 0.133333
0 0.382812 0.366667 0.100000 0.133333
0 0.484375 0.068750 0.100000 0.133333
0 0.848437 0.433333 0.100000 0.133333
0 0.107813 0.858333 0.100000 0.133333
0 0.784375 0.833333 0.100000 0.133333
0 0.470313 0.439583 0.100000 0.133333
0 0.453125 0.620833 0.100000 0.133333
0 0.387500 0.783333 0.100000 0.133333
0 0.251563 0.868750 0.100000 0.133333
0 0.364063 0.362500 0.100000 0.133333
0 0.789062 0.214583 0.100000 0.133333
0 0.192188 0.145833 0.100000 0.133333
0 0.606250 0.204167 0.100000 0.133333
0 0.898438 0.447917 0.100000 0.133333
0 0.546875 0.500000 0.100000 0.133333
0 0.348438 0.464583 0.100000 0.133333
0 0.339062 0.518750 0.100000 0.133333
0 0.306250 0.860417 0.100000 0.133333
0 0.618750 0.441667 0.100000 0.133333
0 0.629687 0.579167 0.100000 0.133333
0 0.392188 0.393750 0.100000 0.133333
0 0.235937 0.070833 0.100000 0.133333
0 0.337500 0.366667 0.100000 0.133333
0 0.600000 0.150000 0.100000 0.133333
0 0.850000 0.541667 0.100000 0.133333
0 0.253125 0.887500 0.100000 0.133333
0 0.337500 0.231250 0.100000 0.133333
0 0.765625 0.275000 0.100000 0.133333
0 0.139063 0.262500 0.100000 0.133333
0 0.189062 0.652083 0.100000 0.133333
0 0.835938 0.585417 0.100000 0.133333
0 0.803125 0.681250 0.100000 0.133333
0 0.192188 0.800000 0.100000 0.133333
0 0.200000 0.212500 0.100000 0.133333
0 0.487500 0.337500 0.100000 0.133333
0 0.556250 0.447917 0.100000 0.133333
0 0.312500 0.164583 0.100000 0.133333
0 0.468750 0.691667 0.100000 0.133333
0 0.835938 0.443750 0.100000 0.133333
0 0.792188 0.662500 0.100000 0.133333
0 0.140625 0.750000 0.100000 0.133333
0 0.353125 0.077083 0.100000 0.133333
0 0.703125 0.429167 0.100000 0.133333
0 0.809375 0.725000 0.100000 0.133333
0 0.528125 0.714583 0.100000 0.133333
0 0.429688 0.404167 0.100000 0.133333
0 0.189062 0.166667 0.100000 0.133333
0 0.126562 0.818750 0.100000 0.133333
0 0.598437 0.789583 0.100000 0.133333
0 0.168750 0.568750 0.100000 0.133333
0 0.737500 0.272917 0.100000 0.133333
0 0.354687 0.100000 0.100000 0.133333
0 0.604688 0.364583 0.100000 0.133333
0 0.676562 0.837500 0.100000 0.133333
0 0.271875 0.410417 0.100000 0.133333
0 0.825000 0.764583 0.100000 0.133333
0 0.307812 0.468750 0.100000 0.133333
0 0.370312 0.612500 0.100000 0.133333
0 0.256250 0.108333 0.100000 0.133333
0 0.242188 0.406250 0.100000 0.133333
0 0.242188 0.272917 0.100000 0.133333
0 0.318750 0.512500 0.100000 0.133333
0 0.421875 0.368750 0.100000 0.133333
0 0.867188 0.727083 0.100000 0.133333
0 0.823438 0.812500 0.100000 0.133333
0 0.609375 0.658333 0.100000 0.133333
0 0.228125 0.856250 0.100000 0.133333
0 0.710938 0.227083 0.100000 0.133333
0 0.879687 0.256250 0.100000 0.133333
0 0.617188 0.477083 0.100000 0.133333
0 0.832812 0.347917 0.100000 0.133333
0 0.604688 0.889583 0.100000 0.133333
0 0.303125 0.797917 0.100000 0.133333
0 0.314063 0.650000 0.100000 0.133333
0 0.571875 0.877083 0.100000 0.133333
0 0.693750 0.381250 0.100000 0.133333
0 0.812500 0.670833 0.100000 0.133333
0 0.806250 0.452083 0.100000 0.133333
0 0.359375 0.608333 0.100000 0.133333
0 0.796875 0.637500 0.100000 0.133333
1 0.240625 0.716667 0.100000 0.133333
1 0.400000 0.400000 0.100000 0.133333
1 0.115625 0.341667 0.100000 0.133333
1 0.271875 0.177083 0.100000 0.133333
1 0.479687 0.191667 0.100000 0.133333
