0 0.500000 0.400000 0.100000 0.133333
0 0.651563 0.789583 0.100000 0.133333
0 0.381250 0.325000 0.100000 0.133333
0 0.726562 0.558333 0.100000 0.133333
0 0.500000 0.610417 0.100000 0.133333
0 0.839063 0.887500 0.100000 0.133333
0 0.551562 0.545833 0.100000 0.133333
0 0.231250 0.787500 0.100000 0.133333
0 0.362500 0.795833 0.100000 0.133333
0 0.560937 0.537500 0.100000 0.133333
0 0.745313 0.262500 0.100000 0.133333
0 0.192188 0.337500 0.100000 0.133333
0 0.687500 0.245833 0.100000 0.133333
0 0.893750 0.212500 0.100000 0.133333
0 0.629687 0.075000 0.100000 0.133333
0 0.603125 0.602083 0.100000 0.133333
0 0.784375 0.287500 0.100000 0.133333
0 0.609375 0.879167 0.100000 0.133333
0 0.442188 0.560417 0.100000 0.133333
0 0.520312 0.627083 0.100000 0.133333
0 0.357812 0.779167 0.100000 0.133333
0 0.443750 0.220833 0.100000 0.133333
0 0.817187 0.387500 0.100000 0.133333
0 0.398438 0.722917 0.100000 0.133333
0 0.825000 0.629167 0.100000 0.133333
0 0.185938 0.152083 0.100000 0.133333
0 0.417187 0.868750 0.100000 0.133333
0 0.706250 0.679167 0.100000 0.133333
0 0.454688 0.443750 0.100000 0.133333
0 0.400000 0.141667 0.100000 0.133333
0 0.140625 0.114583 0.100000 0.133333
0 0.289062 0.522917 0.100000 0.133333
0 0.481250 0.720833 0.100000 0.133333
0 0.242188 0.100000 0.100000 0.133333
0 0.354687 0.543750 0.100000 0.133333
0 0.560937 0.583333 0.100000 0.133333
0 0.121875 0.789583 0.100000 0.133333
0 0.248438 0.258333 0.100000 0.133333
0 0.487500 0.850000 0.100000 0.133333
0 0.239063 0.704167 0.100000 0.133333
0 0.529687 0.729167 0.100000 0.133333
0 0.342187 0.622917 0.100000 0.133333
0 0.615625 0.791667 0.100000 0.133333
0 0.565625 0.864583 0.100000 0.133333
0 0.184375 0.497917 0.100000 0.133333
0 0.712500 0.689583 0.100000 0.133333
0 0.179688 0.389583 0.100000 0.133333
0 0.614062 0.345833 0.100000 0.133333
0 0.600000 0.187500 0.100000 0.133333
0 0.221875 0.735417 0.100000 0.133333
0 0.473438 0.585417 0.100000 0.133333
0 0.365625 0.468750 0.100000 0.133333
0 0.414062 0.714583 0.100000 0.133333
0 0.417187 0.337500 0.100000 0.133333
0 0.403125 0.350000 0.100000 0.133333
0 0.360938 0.822917 0.100000 0.133333
0 0.423438 0.654167 0.100000 0.133333
0 0.682813 0.795833 0.100000 0.133333
0 0.609375 0.739583 0.100000 0.133333
0 0.540625 0.887500 0.100000 0.133333
0 0.253125 0.516667 0.100000 0.133333
0 0.835938 0.085417 0.100000 0.133333
0 0.767188 0.225000 0.100000 0.133333
0 0.320312 0.814583 0.100000 0.133333
0 0.512500 0.760417 0.100000 0.133333
0 0.778125 0.087500 0.100000 0.133333
0 0.703125 0.829167 0.100000 0.133333
0 0.870313 0.070833 0.100000 0.133333
0 0.232813 0.360417 0.100000 0.133333
0 0.320312 0.679167 0.100000 0.133333
0 0.282813 0.108333 0.100000 0.133333
0 0.620313 0.316667 0.100000 0.133333
0 0.267188 0.454167 0.100000 0.133333
0 0.256250 0.533333 0.100000 0.133333
0 0.376563 0.756250 0.100000 0.133333
0 0.150000 0.179167 0.100000 0.133333
0 0.635938 0.270833 0.100000 0.133333
0 0.840625 0.664583 0.100000 0.133333
0 0.314063 0.418750 0.100000 0.133333
0 0.862500 0.443750 0.100000 0.133333
0 0.654687 0.300000 0.100000 0.133333
0 0.570312 0.072917 0.100000 0.133333
0 0.792188 0.814583 0.100000 0.133333
0 0.232813 0.829167 0.100000 0.133333
0 0.715625 0.429167 0.100000 0.133333
0 0.206250 0.785417 0.100000 0.133333
0 0.309375 0.541667 0.100000 0.133333
0 0.120313 0.216667 0.100000 0.133333
0 0.515625 0.208333 0.100000 0.133333
0 0.784375 0.204167 0.100000 0.133333
0 0.320312 0.333333 0.100000 0.133333
0 0.890625 0.566667 0.100000 0.133333
0 0.785937 0.218750 0.100000 0.133333
0 0.170313 0.375000 0.100000 0.133333
0 0.609375 0.566667 0.100000 0.133333
0 0.570312 0.739583 0.100000 0.133333
0 0.207813 0.360417 0.100000 0.133333
0 0.685937 0.502083 0.100000 0.133333
0 0.332813 0.395833 0.100000 0.133333
0 0.153125 0.456250 0.100000 0.133333
0 0.612500 0.589583 0.100000 0.133333
0 0.879687 0.277083 0.100000 0.133333
0 0.648438 0.606250 0.100000 0.133333
0 0.581250 0.408333 0.100000 0.133333
0 0.760938 0.310417 0.100000 0.133333
0 0.112500 0.547917 0.100000 0.133333
0 0.248438 0.291667 0.100000 0.133333
0 0.673438 0.856250 0.100000 0.133333
0 0.643750 0.314583 0.100000 0.133333
0 0.839063 0.391667 0.100000 0.133333
0 0.346875 0.162500 0.100000 0.133333
0 0.156250 0.093750 0.100000 0.133333
0 0.235937 0.235417 0.100000 0.133333
0 0.110937 0.879167 0.100000 0.133333
0 0.146875 0.466667 0.100000 0.133333
0 0.650000 0.858333 0.100000 0.133333
0 0.600000 0.104167 0.100000 0.133333
0 0.323437 0.068750 0.100000 0.133333
0 0.543750 0.277083 0.100000 0.133333
0 0.439063 0.831250 0.100000 0.133333
0 0.850000 0.168750 0.100000 0.133333
0 0.235937 0.112500 0.100000 0.133333
0 0.417187 0.325000 0.100000 0.133333
0 0.735938 0.716667 0.100000 0.133333
0 0.592187 0.881250 0.100000 0.133333
0 0.581250 0.239583 0.100000 0.133333
0 0.171875 0.472917 0.100000 0.133333
0 0.448437 0.341667 0.100000 0.133333
0 0.262500 0.677083 0.100000 0.133333
0 0.362500 0.775000 0.100000 0.133333
0 0.276562 0.241667 0.100000 0.133333
0 0.476562 0.185417 0.100000 0.133333
0 0.637500 0.554167 0.100000 0.133333
0 0.735938 0.541667 0.100000 0.133333
0 0.278125 0.722917 0.100000 0.133333
0 0.123438 0.506250 0.100000 0.133333
0 0.818750 0.525000 0.100000 0.133333
0 0.710938 0.452083 0.100000 0.133333
0 0.331250 0.266667 0.100000 0.133333
0 0.368750 0.252083 0.100000 0.133333
0 0.132812 0.689583 0.100000 0.133333
0 0.679688 0.479167 0.100000 0.133333
0 0.101562 0.533333 0.100000 0.133333
0 0.376563 0.343750 0.100000 0.133333
0 0.448437 0.643750 0.100000 0.133333
0 0.640625 0.435417 0.100000 0.133333
0 0.670312 0.816667 0.100000 0.133333
0 0.840625 0.389583 0.100000 0.133333
0 0.882812 0.372917 0.100000 0.133333
0 0.137500 0.487500 0.100000 0.133333
1 0.853125 0.518750 0.100000 0.133333
1 0.773438 0.585417 0.100000 0.133333
1 0.789062 0.564583 0.100000 0.133333
1 0.470313 0.556250 0.100000 0.133333
1 0.132812 0.233333 0.100000 0.133333
