0 0.478125 0.072917 0.100000 0.133333
0 0.428125 0.775000 0.100000 0.133333
0 0.764062 0.745833 0.100000 0.133333
0 0.873437 0.433333 0.100000 0.133333
0 0.432812 0.220833 0.100000 0.133333
0 0.807813 0.693750 0.100000 0.133333
0 0.232813 0.679167 0.100000 0.133333
0 0.595313 0.195833 0.100000 0.133333
0 0.529687 0.689583 0.100000 0.133333
0 0.732812 0.095833 0.100000 0.133333
0 0.373437 0.460417 0.100000 0.133333
0 0.778125 0.779167 0.100000 0.133333
0 0.698438 0.864583 0.100000 0.133333
0 0.592187 0.764583 0.100000 0.133333
0 0.256250 0.675000 0.100000 0.133333
0 0.589063 0.622917 0.100000 0.133333
0 0.110937 0.168750 0.100000 0.133333
0 0.235937 0.512500 0.100000 0.133333
0 0.160938 0.843750 0.100000 0.133333
0 0.639062 0.397917 0.100000 0.133333
0 0.373437 0.808333 0.100000 0.133333
0 0.581250 0.206250 0.100000 0.133333
0 0.651563 0.520833 0.100000 0.133333
0 0.856250 0.110417 0.100000 0.133333
0 0.729688 0.077083 0.100000 0.133333
0 0.226562 0.675000 0.100000 0.133333
0 0.243750 0.218750 0.100000 0.133333
0 0.448437 0.677083 0.100000 0.133333
0 0.168750 0.204167 0.100000 0.133333
0 0.875000 0.118750 0.100000 0.133333
0 0.126562 0.872917 0.100000 0.133333
0 0.751563 0.185417 0.100000 0.133333
0 0.304688 0.416667 0.100000 0.133333
0 0.198437 0.606250 0.100000 0.133333
0 0.132812 0.220833 0.100000 0.133333
0 0.573438 0.756250 0.100000 0.133333
0 0.693750 0.235417 0.100000 0.133333
0 0.298438 0.120833 0.100000 0.133333
0 0.187500 0.454167 0.100000 0.133333
0 0.107813 0.710417 0.100000 0.133333
0 0.284375 0.704167 0.100000 0.133333
0 0.178125 0.587500 0.100000 0.133333
0 0.309375 0.408333 0.100000 0.133333
0 0.545312 0.372917 0.100000 0.133333
0 0.462500 0.102083 0.100000 0.133333
0 0.750000 0.364583 0.100000 0.133333
0 0.698438 0.162500 0.100000 0.133333
0 0.353125 0.558333 0.100000 0.133333
0 0.718750 0.695833 0.100000 0.133333
0 0.404687 0.608333 0.100000 0.133333
0 0.840625 0.602083 0.100000 0.133333
0 0.709375 0.879167 0.100000 0.133333
0 0.187500 0.837500 0.100000 0.133333
0 0.342187 0.125000 0.100000 0.133333
0 0.476562 0.506250 0.100000 0.133333
0 0.215625 0.177083 0.100000 0.133333
0 0.503125 0.254167 0.100000 0.133333
0 0.256250 0.272917 0.100000 0.133333
0 0.785937 0.677083 0.100000 0.133333
0 0.535937 0.072917 0.100000 0.133333
0 0.885938 0.435417 0.100000 0.133333
0 0.281250 0.833333 0.100000 0.133333
0 0.654687 0.408333 0.100000 0.133333
0 0.154688 0.800000 0.100000 0.133333
0 0.396875 0.387500 0.100000 0.133333
0 0.321875 0.239583 0.100000 0.133333
0 0.885938 0.425000 0.100000 0.133333
0 0.467187 0.318750 0.100000 0.133333
0 0.546875 0.804167 0.100000 0.133333
0 0.889062 0.395833 0.100000 0.133333
0 0.210938 0.793750 0.100000 0.133333
0 0.348438 0.368750 0.100000 0.133333
0 0.364063 0.306250 0.100000 0.133333
0 0.635938 0.197917 0.100000 0.133333
0 0.678125 0.158333 0.100000 0.133333
0 0.356250 0.145833 0.100000 0.133333
0 0.420312 0.577083 0.100000 0.133333
0 0.282813 0.775000 0.100000 0.133333
0 0.568750 0.287500 0.100000 0.133333
0 0.881250 0.239583 0.100000 0.133333
0 0.482812 0.368750 0.100000 0.133333
0 0.190625 0.614583 0.100000 0.133333
0 0.459375 0.072917 0.100000 0.133333
0 0.428125 0.735417 0.100000 0.133333
0 0.259375 0.789583 0.100000 0.133333
0 0.467187 0.497917 0.100000 0.133333
0 0.132812 0.756250 0.100000 0.133333
0 0.832812 0.258333 0.100000 0.133333
0 0.231250 0.350000 0.100000 0.133333
0 0.818750 0.412500 0.100000 0.133333
0 0.178125 0.670833 0.100000 0.133333
0 0.762500 0.300000 0.100000 0.133333
0 0.109375 0.231250 0.100000 0.133333
0 0.215625 0.502083 0.100000 0.133333
0 0.292187 0.572917 0.100000 0.133333
0 0.490625 0.616667 0.100000 0.133333
0 0.132812 0.183333 0.100000 0.133333
0 0.779687 0.706250 0.100000 0.133333
0 0.546875 0.406250 0.100000 0.133333
0 0.139063 0.614583 0.100000 0.133333
0 0.229687 0.806250 0.100000 0.133333
0 0.821875 0.431250 0.100000 0.133333
0 0.464062 0.416667 0.100000 0.133333
0 0.717187 0.508333 0.100000 0.133333
0 0.553125 0.341667 0.100000 0.133333
0 0.510938 0.833333 0.100000 0.133333
0 0.459375 0.533333 0.100000 0.133333
0 0.628125 0.547917 0.100000 0.133333
0 0.214062 0.618750 0.100000 0.133333
0 0.523438 0.531250 0.100000 0.133333
0 0.203125 0.204167 0.100000 0.133333
0 0.501563 0.245833 0.100000 0.133333
0 0.345313 0.362500 0.100000 0.133333
0 0.587500 0.691667 0.100000 0.133333
0 0.237500 0.164583 0.100000 0.133333
0 0.760938 0.193750 0.100000 0.133333
0 0.476562 0.375000 0.100000 0.133333
0 0.220312 0.662500 0.100000 0.133333
0 0.451562 0.285417 0.100000 0.133333
0 0.585938 0.620833 0.100000 0.133333
0 0.660937 0.372917 0.100000 0.133333
0 0.450000 0.100000 0.100000 0.133333
0 0.585938 0.618750 0.100000 0.133333
0 0.462500 0.164583 0.100000 0.133333
0 0.895312 0.883333 0.100000 0.133333
0 0.396875 0.158333 0.100000 0.133333
0 0.759375 0.550000 0.100000 0.133333
0 0.117188 0.412500 0.100000 0.133333
0 0.434375 0.293750 0.100000 0.133333
0 0.295312 0.606250 0.100000 0.133333
0 0.457813 0.702083 0.100000 0.133333
0 0.457813 0.656250 0.100000 0.133333
0 0.892188 0.345833 0.100000 0.133333
0 0.392188 0.245833 0.100000 0.133333
0 0.453125 0.131250 0.100000 0.133333
0 0.773438 0.835417 0.100000 0.133333
0 0.651563 0.289583 0.100000 0.133333
0 0.742188 0.854167 0.100000 0.133333
0 0.268750 0.841667 0.100000 0.133333
0 0.884375 0.854167 0.100000 0.133333
0 0.440625 0.693750 0.100000 0.133333
0 0.493750 0.247917 0.100000 0.133333
0 0.110937 0.318750 0.100000 0.133333
0 0.359375 0.854167 0.100000 0.133333
0 0.603125 0.104167 0.100000 0.133333
0 0.320312 0.702083 0.100000 0.133333
0 0.731250 0.875000 0.100000 0.133333
0 0.817187 0.464583 0.100000 0.133333
0 0.179688 0.564583 0.100000 0.133333
0 0.414062 0.518750 0.100000 0.133333
1 0.739062 0.679167 0.100000 0.133333
1 0.298438 0.704167 0.100000 0.133333
1 0.306250 0.129167 0.100000 0.133333
1 0.128125 0.133333 0.100000 0.133333
1 0.575000 0.408333 0.100000 0.133333
