0 0.140625 0.368750 0.100000 0.133333
0 0.889062 0.210417 0.100000 0.133333
0 0.389062 0.431250 0.100000 0.133333
0 0.276562 0.433333 0.100000 0.133333
0 0.593750 0.875000 0.100000 0.133333
0 0.559375 0.608333 0.100000 0.133333
0 0.512500 0.600000 0.100000 0.133333
0 0.200000 0.214583 0.100000 0.133333
0 0.115625 0.835417 0.100000 0.133333
0 0.554688 0.352083 0.100000 0.133333
0 0.400000 0.081250 0.100000 0.133333
0 0.485938 0.341667 0.100000 0.133333
0 0.545312 0.875000 0.100000 0.133333
0 0.295312 0.162500 0.100000 0.133333
0 0.781250 0.508333 0.100000 0.133333
0 0.579688 0.508333 0.100000 0.133333
0 0.489063 0.704167 0.100000 0.133333
0 0.428125 0.633333 0.100000 0.133333
0 0.865625 0.391667 0.100000 0.133333
0 0.101562 0.689583 0.100000 0.133333
0 0.537500 0.764583 0.100000 0.133333
0 0.248438 0.479167 0.100000 0.133333
0 0.415625 0.345833 0.100000 0.133333
0 0.164062 0.683333 0.100000 0.133333
0 0.357812 0.147917 0.100000 0.133333
0 0.742188 0.400000 0.100000 0.133333
0 0.287500 0.735417 0.100000 0.133333
0 0.404687 0.216667 0.100000 0.133333
0 0.473438 0.287500 0.100000 0.133333
0 0.834375 0.702083 0.100000 0.133333
0 0.271875 0.243750 0.100000 0.133333
0 0.106250 0.179167 0.100000 0.133333
0 0.653125 0.181250 0.100000 0.133333
0 0.850000 0.662500 0.100000 0.133333
0 0.285938 0.712500 0.100000 0.133333
0 0.576562 0.818750 0.100000 0.133333
0 0.315625 0.433333 0.100000 0.133333
0 0.220312 0.497917 0.100000 0.133333
0 0.307812 0.835417 0.100000 0.133333
0 0.446875 0.347917 0.100000 0.133333
0 0.550000 0.404167 0.100000 0.133333
0 0.895312 0.679167 0.100000 0.133333
0 0.818750 0.808333 0.100000 0.133333
0 0.656250 0.837500 0.100000 0.133333
0 0.515625 0.425000 0.100000 0.133333
0 0.225000 0.343750 0.100000 0.133333
0 0.751563 0.175000 0.100000 0.133333
0 0.389062 0.070833 0.100000 0.133333
0 0.143750 0.091667 0.100000 0.133333
0 0.328125 0.845833 0.100000 0.133333
0 0.829688 0.712500 0.100000 0.133333
0 0.520312 0.320833 0.100000 0.133333
0 0.620313 0.450000 0.100000 0.133333
0 0.365625 0.131250 0.100000 0.133333
0 0.110937 0.593750 0.100000 0.133333
0 0.509375 0.643750 0.100000 0.133333
0 0.851562 0.314583 0.100000 0.133333
0 0.400000 0.206250 0.100000 0.133333
0 0.804688 0.125000 0.100000 0.133333
0 0.206250 0.616667 0.100000 0.133333
0 0.887500 0.541667 0.100000 0.133333
0 0.415625 0.383333 0.100000 0.133333
0 0.167187 0.314583 0.100000 0.133333
0 0.104688 0.272917 0.100000 0.133333
0 0.260937 0.270833 0.100000 0.133333
0 0.292187 0.095833 0.100000 0.133333
0 0.114062 0.116667 0.100000 0.133333
0 0.670312 0.391667 0.100000 0.133333
0 0.314063 0.429167 0.100000 0.133333
0 0.714063 0.147917 0.100000 0.133333
0 0.479687 0.560417 0.100000 0.133333
0 0.212500 0.393750 0.100000 0.133333
0 0.640625 0.135417 0.100000 0.133333
0 0.535937 0.437500 0.100000 0.133333
0 0.607812 0.691667 0.100000 0.133333
0 0.270313 0.779167 0.100000 0.133333
0 0.721875 0.577083 0.100000 0.133333
0 0.662500 0.083333 0.100000 0.133333
0 0.506250 0.083333 0.100000 0.133333
0 0.132812 0.618750 0.100000 0.133333
0 0.767188 0.152083 0.100000 0.133333
0 0.310937 0.702083 0.100000 0.133333
0 0.884375 0.720833 0.100000 0.133333
0 0.735938 0.352083 0.100000 0.133333
0 0.898438 0.147917 0.100000 0.133333
0 0.892188 0.612500 0.100000 0.133333
0 0.181250 0.681250 0.100000 0.133333
0 0.804688 0.745833 0.100000 0.133333
0 0.526563 0.714583 0.100000 0.133333
0 0.457813 0.179167 0.100000 0.133333
0 0.751563 0.664583 0.100000 0.133333
0 0.721875 0.758333 0.100000 0.133333
0 0.439063 0.725000 0.100000 0.133333
0 0.714063 0.333333 0.100000 0.133333
0 0.728125 0.206250 0.100000 0.133333
0 0.279687 0.539583 0.100000 0.133333
0 0.862500 0.843750 0.100000 0.133333
0 0.718750 0.289583 0.100000 0.133333
0 0.634375 0.818750 0.100000 0.133333
0 0.434375 0.583333 0.100000 0.133333
0 0.381250 0.229167 0.100000 0.133333
0 0.171875 0.114583 0.100000 0.133333
0 0.495312 0.322917 0.100000 0.133333
0 0.804688 0.629167 0.100000 0.133333
0 0.326562 0.266667 0.100000 0.133333
0 0.359375 0.197917 0.100000 0.133333
0 0.689063 0.158333 0.100000 0.133333
0 0.493750 0.252083 0.100000 0.133333
0 0.420312 0.481250 0.100000 0.133333
0 0.820312 0.875000 0.100000 0.133333
0 0.459375 0.477083 0.100000 0.133333
0 0.710938 0.395833 0.100000 0.133333
0 0.526563 0.660417 0.100000 0.133333
0 0.284375 0.789583 0.100000 0.133333
0 0.165625 0.806250 0.100000 0.133333
0 0.334375 0.362500 0.100000 0.133333
0 0.864062 0.093750 0.100000 0.133333
0 0.735938 0.085417 0.100000 0.133333
0 0.448437 0.562500 0.100000 0.133333
0 0.200000 0.743750 0.100000 0.133333
0 0.507812 0.314583 0.100000 0.133333
0 0.617188 0.764583 0.100000 0.133333
0 0.626563 0.081250 0.100000 0.133333
0 0.795312 0.602083 0.100000 0.133333
0 0.675000 0.777083 0.100000 0.133333
0 0.173437 0.585417 0.100000 0.133333
0 0.415625 0.406250 0.100000 0.133333
0 0.553125 0.229167 0.100000 0.133333
0 0.332813 0.141667 0.100000 0.133333
0 0.704688 0.845833 0.100000 0.133333
0 0.581250 0.429167 0.100000 0.133333
0 0.529687 0.593750 0.100000 0.133333
0 0.585938 0.652083 0.100000 0.133333
0 0.467187 0.552083 0.100000 0.133333
0 0.876563 0.593750 0.100000 0.133333
0 0.795312 0.500000 0.100000 0.133333
0 0.375000 0.093750 0.100000 0.133333
0 0.762500 0.689583 0.100000 0.133333
0 0.654687 0.706250 0.100000 0.133333
0 0.296875 0.881250 0.100000 0.133333
0 0.423438 0.156250 0.100000 0.133333
0 0.351562 0.877083 0.100000 0.133333
0 0.714063 0.466667 0.100000 0.133333
0 0.296875 0.133333 0.100000 0.133333
0 0.103125 0.333333 0.100000 0.133333
0 0.565625 0.679167 0.100000 0.133333
0 0.126562 0.816667 0.100000 0.133333
0 0.839063 0.883333 0.100000 0.133333
0 0.364063 0.210417 0.100000 0.133333
0 0.720313 0.400000 0.100000 0.133333
1 0.885938 0.456250 0.100000 0.133333
1 0.521875 0.908333 0.100000 0.133333
1 0.600000 0.725000 0.100000 0.133333
1 0.160938 0.579167 0.100000 0.133333
1 0.056250 0.793750 0.100000 0.133333
