0 0.435937 0.591667 0.100000 0.133333
0 0.292187 0.264583 0.100000 0.133333
0 0.403125 0.577083 0.100000 0.133333
0 0.668750 0.281250 0.100000 0.133333
0 0.614062 0.585417 0.100000 0.133333
0 0.807813 0.839583 0.100000 0.133333
0 0.815625 0.245833 0.100000 0.133333
0 0.117188 0.352083 0.100000 0.133333
0 0.164062 0.539583 0.100000 0.133333
0 0.339062 0.870833 0.100000 0.133333
0 0.435937 0.218750 0.100000 0.133333
0 0.718750 0.247917 0.100000 0.133333
0 0.431250 0.462500 0.100000 0.133333
0 0.387500 0.825000 0.100000 0.133333
0 0.245312 0.783333 0.100000 0.133333
0 0.584375 0.227083 0.100000 0.133333
0 0.521875 0.250000 0.100000 0.133333
0 0.848437 0.681250 0.100000 0.133333
0 0.548438 0.383333 0.100000 0.133333
0 0.626563 0.756250 0.100000 0.133333
0 0.248438 0.677083 0.100000 0.133333
0 0.495312 0.189583 0.100000 0.133333
0 0.103125 0.543750 0.100000 0.133333
0 0.731250 0.072917 0.100000 0.133333
0 0.900000 0.310417 0.100000 0.133333
0 0.465625 0.364583 0.100000 0.133333
0 0.206250 0.843750 0.100000 0.133333
0 0.300000 0.187500 0.100000 0.133333
0 0.621875 0.277083 0.100000 0.133333
0 0.820312 0.445833 0.100000 0.133333
0 0.853125 0.662500 0.100000 0.133333
0 0.420312 0.318750 0.100000 0.133333
0 0.606250 0.408333 0.100000 0.133333
0 0.898438 0.087500 0.100000 0.133333
0 0.742188 0.187500 0.100000 0.133333
0 0.395313 0.116667 0.100000 0.133333
0 0.196875 0.466667 0.100000 0.133333
0 0.215625 0.270833 0.100000 0.133333
0 0.618750 0.527083 0.100000 0.133333
0 0.885938 0.129167 0.100000 0.133333
0 0.693750 0.545833 0.100000 0.133333
0 0.293750 0.077083 0.100000 0.133333
0 0.423438 0.385417 0.100000 0.133333
0 0.585938 0.791667 0.100000 0.133333
0 0.515625 0.860417 0.100000 0.133333
0 0.462500 0.091667 0.100000 0.133333
0 0.825000 0.689583 0.100000 0.133333
0 0.707812 0.506250 0.100000 0.133333
0 0.179688 0.543750 0.100000 0.133333
0 0.523438 0.247917 0.100000 0.133333
0 0.670312 0.541667 0.100000 0.133333
0 0.254688 0.643750 0.100000 0.133333
0 0.840625 0.483333 0.100000 0.133333
0 0.184375 0.264583 0.100000 0.133333
0 0.476562 0.706250 0.100000 0.133333
0 0.671875 0.183333 0.100000 0.133333
0 0.887500 0.835417 0.100000 0.133333
0 0.145313 0.554167 0.100000 0.133333
0 0.334375 0.239583 0.100000 0.133333
0 0.229687 0.685417 0.100000 0.133333
0 0.650000 0.118750 0.100000 0.133333
0 0.351562 0.391667 0.100000 0.133333
0 0.451562 0.377083 0.100000 0.133333
0 0.106250 0.289583 0.100000 0.133333
0 0.771875 0.885417 0.100000 0.133333
0 0.182812 0.622917 0.100000 0.133333
0 0.578125 0.570833 0.100000 0.133333
0 0.850000 0.885417 0.100000 0.133333
0 0.626563 0.300000 0.100000 0.133333
0 0.184375 0.631250 0.100000 0.133333
0 0.853125 0.079167 0.100000 0.133333
0 0.596875 0.620833 0.100000 0.133333
0 0.745313 0.760417 0.100000 0.133333
0 0.156250 0.868750 0.100000 0.133333
0 0.584375 0.631250 0.100000 0.133333
0 0.365625 0.539583 0.100000 0.133333
0 0.464062 0.720833 0.100000 0.133333
0 0.596875 0.116667 0.100000 0.133333
0 0.764062 0.295833 0.100000 0.133333
0 0.535937 0.875000 0.100000 0.133333
0 0.185938 0.166667 0.100000 0.133333
0 0.828125 0.854167 0.100000 0.133333
0 0.110937 0.608333 0.100000 0.133333
0 0.207813 0.718750 0.100000 0.133333
0 0.637500 0.754167 0.100000 0.133333
0 0.409375 0.281250 0.100000 0.133333
0 0.639062 0.095833 0.100000 0.133333
0 0.718750 0.875000 0.100000 0.133333
0 0.651563 0.175000 0.100000 0.133333
0 0.420312 0.272917 0.100000 0.133333
0 0.404687 0.822917 0.100000 0.133333
0 0.187500 0.731250 0.100000 0.133333
0 0.553125 0.625000 0.100000 0.133333
0 0.551562 0.145833 0.100000 0.133333
0 0.206250 0.320833 0.100000 0.133333
0 0.496875 0.556250 0.100000 0.133333
0 0.143750 0.791667 0.100000 0.133333
0 0.396875 0.185417 0.100000 0.133333
0 0.785937 0.772917 0.100000 0.133333
0 0.837500 0.547917 0.100000 0.133333
0 0.534375 0.472917 0.100000 0.133333
0 0.826562 0.077083 0.100000 0.133333
0 0.575000 0.560417 0.100000 0.133333
0 0.882812 0.318750 0.100000 0.133333
0 0.275000 0.752083 0.100000 0.133333
0 0.104688 0.458333 0.100000 0.133333
0 0.539062 0.808333 0.100000 0.133333
0 0.354687 0.102083 0.100000 0.133333
0 0.512500 0.620833 0.100000 0.133333
0 0.296875 0.262500 0.100000 0.133333
0 0.376563 0.416667 0.100000 0.133333
0 0.456250 0.818750 0.100000 0.133333
0 0.489063 0.535417 0.100000 0.133333
0 0.239063 0.081250 0.100000 0.133333
0 0.434375 0.570833 0.100000 0.133333
0 0.651563 0.068750 0.100000 0.133333
0 0.342187 0.289583 0.100000 0.133333
0 0.375000 0.564583 0.100000 0.133333
0 0.260937 0.587500 0.100000 0.133333
0 0.642188 0.727083 0.100000 0.133333
0 0.281250 0.145833 0.100000 0.133333
0 0.471875 0.689583 0.100000 0.133333
0 0.687500 0.785417 0.100000 0.133333
0 0.701562 0.085417 0.100000 0.133333
0 0.809375 0.339583 0.100000 0.133333
0 0.595313 0.333333 0.100000 0.133333
0 0.525000 0.883333 0.100000 0.133333
0 0.509375 0.835417 0.100000 0.133333
0 0.596875 0.345833 0.100000 0.133333
0 0.468750 0.104167 0.100000 0.133333
0 0.685937 0.739583 0.100000 0.133333
0 0.396875 0.525000 0.100000 0.133333
0 0.187500 0.704167 0.100000 0.133333
0 0.134375 0.370833 0.100000 0.133333
0 0.223438 0.766667 0.100000 0.133333
0 0.821875 0.241667 0.100000 0.133333
0 0.559375 0.135417 0.100000 0.133333
0 0.260937 0.525000 0.100000 0.133333
0 0.807813 0.533333 0.100000 0.133333
0 0.637500 0.102083 0.100000 0.133333
0 0.560937 0.114583 0.100000 0.133333
0 0.351562 0.175000 0.100000 0.133333
0 0.535937 0.400000 0.100000 0.133333
0 0.685937 0.506250 0.100000 0.133333
0 0.740625 0.827083 0.100000 0.133333
0 0.556250 0.629167 0.100000 0.133333
0 0.267188 0.589583 0.100000 0.133333
0 0.378125 0.877083 0.100000 0.133333
0 0.354687 0.531250 0.100000 0.133333
0 0.207813 0.489583 0.100000 0.133333
1 0.617188 0.364583 0.100000 0.133333
1 0.307812 0.222917 0.100000 0.133333
1 0.884375 0.481250 0.100000 0.133333
1 0.789062 0.827083 0.100000 0.133333
1 0.896875 0.750000 0.100000 0.133333
