0 0.235937 0.422917 0.100000 0.133333
0 0.568750 0.093750 0.100000 0.133333
0 0.298438 0.443750 0.100000 0.133333
0 0.860938 0.112500 0.100000 0.133333
0 0.775000 0.177083 0.100000 0.133333
0 0.542188 0.200000 0.100000 0.133333
0 0.884375 0.391667 0.100000 0.133333
0 0.392188 0.689583 0.100000 0.133333
0 0.139063 0.360417 0.100000 0.133333
0 0.764062 0.566667 0.100000 0.133333
0 0.725000 0.345833 0.100000 0.133333
0 0.560937 0.100000 0.100000 0.133333
0 0.771875 0.150000 0.100000 0.133333
0 0.678125 0.745833 0.100000 0.133333
0 0.500000 0.843750 0.100000 0.133333
0 0.335938 0.427083 0.100000 0.133333
0 0.839063 0.839583 0.100000 0.133333
0 0.409375 0.372917 0.100000 0.133333
0 0.598437 0.100000 0.100000 0.133333
0 0.309375 0.075000 0.100000 0.133333
0 0.525000 0.643750 0.100000 0.133333
0 0.379688 0.733333 0.100000 0.133333
0 0.331250 0.629167 0.100000 0.133333
0 0.350000 0.427083 0.100000 0.133333
0 0.721875 0.879167 0.100000 0.133333
0 0.746875 0.510417 0.100000 0.133333
0 0.273438 0.602083 0.100000 0.133333
0 0.875000 0.243750 0.100000 0.133333
0 0.612500 0.166667 0.100000 0.133333
0 0.606250 0.704167 0.100000 0.133333
0 0.585938 0.320833 0.100000 0.133333
0 0.257812 0.683333 0.100000 0.133333
0 0.792188 0.750000 0.100000 0.133333
0 0.418750 0.466667 0.100000 0.133333
0 0.375000 0.464583 0.100000 0.133333
0 0.589063 0.152083 0.100000 0.133333
0 0.701562 0.204167 0.100000 0.133333
0 0.884375 0.147917 0.100000 0.133333
0 0.278125 0.264583 0.100000 0.133333
0 0.659375 0.164583 0.100000 0.133333
0 0.437500 0.091667 0.100000 0.133333
0 0.860938 0.079167 0.100000 0.133333
0 0.543750 0.435417 0.100000 0.133333
0 0.223438 0.229167 0.100000 0.133333
0 0.515625 0.441667 0.100000 0.133333
0 0.173437 0.429167 0.100000 0.133333
0 0.271875 0.541667 0.100000 0.133333
0 0.553125 0.164583 0.100000 0.133333
0 0.743750 0.685417 0.100000 0.133333
0 0.470313 0.295833 0.100000 0.133333
0 0.121875 0.504167 0.100000 0.133333
0 0.654687 0.204167 0.100000 0.133333
0 0.607812 0.695833 0.100000 0.133333
0 0.440625 0.387500 0.100000 0.133333
0 0.873437 0.193750 0.100000 0.133333
0 0.415625 0.152083 0.100000 0.133333
0 0.709375 0.304167 0.100000 0.133333
0 0.790625 0.070833 0.100000 0.133333
0 0.804688 0.770833 0.100000 0.133333
0 0.415625 0.081250 0.100000 0.133333
0 0.826562 0.393750 0.100000 0.133333
0 0.303125 0.125000 0.100000 0.133333
0 0.440625 0.325000 0.100000 0.133333
0 0.701562 0.735417 0.100000 0.133333
0 0.848437 0.679167 0.100000 0.133333
0 0.787500 0.766667 0.100000 0.133333
0 0.453125 0.645833 0.100000 0.133333
0 0.265625 0.560417 0.100000 0.133333
0 0.171875 0.437500 0.100000 0.133333
0 0.484375 0.168750 0.100000 0.133333
0 0.762500 0.237500 0.100000 0.133333
0 0.206250 0.229167 0.100000 0.133333
0 0.395313 0.220833 0.100000 0.133333
0 0.860938 0.585417 0.100000 0.133333
0 0.196875 0.839583 0.100000 0.133333
0 0.171875 0.712500 0.100000 0.133333
0 0.592187 0.464583 0.100000 0.133333
0 0.529687 0.081250 0.100000 0.133333
0 0.845313 0.356250 0.100000 0.133333
0 0.539062 0.397917 0.100000 0.133333
0 0.475000 0.477083 0.100000 0.133333
0 0.534375 0.418750 0.100000 0.133333
0 0.418750 0.541667 0.100000 0.133333
0 0.840625 0.106250 0.100000 0.133333
0 0.679688 0.793750 0.100000 0.133333
0 0.701562 0.185417 0.100000 0.133333
0 0.837500 0.689583 0.100000 0.133333
0 0.760938 0.508333 0.100000 0.133333
0 0.262500 0.575000 0.100000 0.133333
0 0.818750 0.614583 0.100000 0.133333
0 0.740625 0.683333 0.100000 0.133333
0 0.643750 0.525000 0.100000 0.133333
0 0.223438 0.393750 0.100000 0.133333
0 0.506250 0.404167 0.100000 0.133333
0 0.389062 0.114583 0.100000 0.133333
0 0.645312 0.125000 0.100000 0.133333
0 0.395313 0.114583 0.100000 0.133333
0 0.378125 0.381250 0.100000 0.133333
0 0.718750 0.516667 0.100000 0.133333
0 0.231250 0.585417 0.100000 0.133333
0 0.475000 0.081250 0.100000 0.133333
0 0.828125 0.097917 0.100000 0.133333
0 0.187500 0.166667 0.100000 0.133333
0 0.398438 0.535417 0.100000 0.133333
0 0.323437 0.083333 0.100000 0.133333
0 0.470313 0.418750 0.100000 0.133333
0 0.609375 0.822917 0.100000 0.133333
0 0.862500 0.491667 0.100000 0.133333
0 0.579688 0.487500 0.100000 0.133333
0 0.445312 0.843750 0.100000 0.133333
0 0.617188 0.491667 0.100000 0.133333
0 0.489063 0.797917 0.100000 0.133333
0 0.234375 0.779167 0.100000 0.133333
0 0.125000 0.879167 0.100000 0.133333
0 0.731250 0.483333 0.100000 0.133333
0 0.379688 0.766667 0.100000 0.133333
0 0.145313 0.327083 0.100000 0.133333
0 0.234375 0.277083 0.100000 0.133333
0 0.523438 0.137500 0.100000 0.133333
0 0.428125 0.522917 0.100000 0.133333
0 0.271875 0.487500 0.100000 0.133333
0 0.659375 0.731250 0.100000 0.133333
0 0.764062 0.879167 0.100000 0.133333
0 0.482812 0.185417 0.100000 0.133333
0 0.754687 0.656250 0.100000 0.133333
0 0.314063 0.385417 0.100000 0.133333
0 0.889062 0.706250 0.100000 0.133333
0 0.156250 0.118750 0.100000 0.133333
0 0.126562 0.608333 0.100000 0.133333
0 0.640625 0.785417 0.100000 0.133333
0 0.529687 0.825000 0.100000 0.133333
0 0.451562 0.422917 0.100000 0.133333
0 0.342187 0.100000 0.100000 0.133333
0 0.873437 0.483333 0.100000 0.133333
0 0.685937 0.412500 0.100000 0.133333
0 0.350000 0.697917 0.100000 0.133333
0 0.665625 0.518750 0.100000 0.133333
0 0.417187 0.439583 0.100000 0.133333
0 0.657813 0.297917 0.100000 0.133333
0 0.125000 0.606250 0.100000 0.133333
0 0.625000 0.872917 0.100000 0.133333
0 0.696875 0.800000 0.100000 0.133333
0 0.314063 0.327083 0.100000 0.133333
0 0.693750 0.729167 0.100000 0.133333
0 0.154688 0.360417 0.100000 0.133333
0 0.610938 0.256250 0.100000 0.133333
0 0.582812 0.543750 0.100000 0.133333
0 0.790625 0.866667 0.100000 0.133333
0 0.193750 0.750000 0.100000 0.133333
0 0.757812 0.279167 0.100000 0.133333
1 0.928125 0.833333 0.100000 0.133333
1 0.603125 0.620833 0.100000 0.133333
1 0.064062 0.852083 0.100000 0.133333
1 0.690625 0.072917 0.100000 0.133333
1 0.489063 0.925000 0.100000 0.133333
