0 0.823438 0.108333 0.100000 0.133333
0 0.471875 0.631250 0.100000 0.133333
0 0.301563 0.847917 0.100000 0.133333
0 0.739062 0.589583 0.100000 0.133333
0 0.835938 0.885417 0.100000 0.133333
0 0.389062 0.306250 0.100000 0.133333
0 0.242188 0.131250 0.100000 0.133333
0 0.275000 0.720833 0.100000 0.133333
0 0.751563 0.777083 0.100000 0.133333
0 0.467187 0.156250 0.100000 0.133333
0 0.223438 0.685417 0.100000 0.133333
0 0.618750 0.164583 0.100000 0.133333
0 0.725000 0.645833 0.100000 0.133333
0 0.162500 0.554167 0.100000 0.133333
0 0.179688 0.291667 0.100000 0.133333
0 0.864062 0.087500 0.100000 0.133333
0 0.290625 0.514583 0.100000 0.133333
0 0.709375 0.658333 0.100000 0.133333
0 0.121875 0.470833 0.100000 0.133333
0 0.768750 0.768750 0.100000 0.133333
0 0.698438 0.741667 0.100000 0.133333
0 0.451562 0.347917 0.100000 0.133333
0 0.340625 0.079167 0.100000 0.133333
0 0.139063 0.797917 0.100000 0.133333
0 0.176563 0.712500 0.100000 0.133333
0 0.200000 0.241667 0.100000 0.133333
0 0.359375 0.664583 0.100000 0.133333
0 0.342187 0.381250 0.100000 0.133333
0 0.785937 0.158333 0.100000 0.133333
0 0.750000 0.445833 0.100000 0.133333
0 0.342187 0.154167 0.100000 0.133333
0 0.279687 0.625000 0.100000 0.133333
0 0.454688 0.704167 0.100000 0.133333
0 0.159375 0.162500 0.100000 0.133333
0 0.548438 0.316667 0.100000 0.133333
0 0.139063 0.670833 0.100000 0.133333
0 0.418750 0.652083 0.100000 0.133333
0 0.767188 0.858333 0.100000 0.133333
0 0.250000 0.114583 0.100000 0.133333
0 0.337500 0.316667 0.100000 0.133333
0 0.304688 0.727083 0.100000 0.133333
0 0.342187 0.212500 0.100000 0.133333
0 0.853125 0.310417 0.100000 0.133333
0 0.154688 0.820833 0.100000 0.133333
0 0.639062 0.672917 0.100000 0.133333
0 0.718750 0.331250 0.100000 0.133333
0 0.818750 0.212500 0.100000 0.133333
0 0.448437 0.741667 0.100000 0.133333
0 0.810937 0.816667 0.100000 0.133333
0 0.853125 0.133333 0.100000 0.133333
0 0.668750 0.841667 0.100000 0.133333
0 0.834375 0.568750 0.100000 0.133333
0 0.685937 0.666667 0.100000 0.133333
0 0.846875 0.095833 0.100000 0.133333
0 0.881250 0.135417 0.100000 0.133333
0 0.121875 0.581250 0.100000 0.133333
0 0.281250 0.500000 0.100000 0.133333
0 0.835938 0.647917 0.100000 0.133333
0 0.475000 0.241667 0.100000 0.133333
0 0.725000 0.218750 0.100000 0.133333
0 0.451562 0.764583 0.100000 0.133333
0 0.217188 0.539583 0.100000 0.133333
0 0.493750 0.687500 0.100000 0.133333
0 0.335938 0.414583 0.100000 0.133333
0 0.743750 0.297917 0.100000 0.133333
0 0.304688 0.810417 0.100000 0.133333
0 0.707812 0.812500 0.100000 0.133333
0 0.310937 0.727083 0.100000 0.133333
0 0.273438 0.789583 0.100000 0.133333
0 0.743750 0.708333 0.100000 0.133333
0 0.787500 0.468750 0.100000 0.133333
0 0.582812 0.627083 0.100000 0.133333
0 0.464062 0.558333 0.100000 0.133333
0 0.407813 0.852083 0.100000 0.133333
0 0.403125 0.412500 0.100000 0.133333
0 0.596875 0.639583 0.100000 0.133333
0 0.748437 0.793750 0.100000 0.133333
0 0.348438 0.762500 0.100000 0.133333
0 0.385937 0.658333 0.100000 0.133333
0 0.646875 0.183333 0.100000 0.133333
0 0.873437 0.720833 0.100000 0.133333
0 0.700000 0.150000 0.100000 0.133333
0 0.579688 0.452083 0.100000 0.133333
0 0.234375 0.725000 0.100000 0.133333
0 0.384375 0.193750 0.100000 0.133333
0 0.215625 0.856250 0.100000 0.133333
0 0.507812 0.420833 0.100000 0.133333
0 0.787500 0.856250 0.100000 0.133333
0 0.101562 0.468750 0.100000 0.133333
0 0.129688 0.795833 0.100000 0.133333
0 0.251563 0.531250 0.100000 0.133333
0 0.551562 0.639583 0.100000 0.133333
0 0.300000 0.285417 0.100000 0.133333
0 0.245312 0.400000 0.100000 0.133333
0 0.398438 0.437500 0.100000 0.133333
0 0.668750 0.206250 0.100000 0.133333
0 0.340625 0.527083 0.100000 0.133333
0 0.479687 0.370833 0.100000 0.133333
0 0.337500 0.656250 0.100000 0.133333
0 0.765625 0.075000 0.100000 0.133333
0 0.423438 0.766667 0.100000 0.133333
0 0.257812 0.710417 0.100000 0.133333
0 0.276562 0.300000 0.100000 0.133333
0 0.781250 0.754167 0.100000 0.133333
0 0.125000 0.125000 0.100000 0.133333
0 0.670312 0.879167 0.100000 0.133333
0 0.885938 0.614583 0.100000 0.133333
0 0.410938 0.229167 0.100000 0.133333
0 0.490625 0.450000 0.100000 0.133333
0 0.378125 0.291667 0.100000 0.133333
0 0.343750 0.718750 0.100000 0.133333
0 0.848437 0.300000 0.100000 0.133333
0 0.279687 0.493750 0.100000 0.133333
0 0.859375 0.410417 0.100000 0.133333
0 0.657813 0.616667 0.100000 0.133333
0 0.425000 0.287500 0.100000 0.133333
0 0.310937 0.543750 0.100000 0.133333
0 0.712500 0.670833 0.100000 0.133333
0 0.698438 0.645833 0.100000 0.133333
0 0.257812 0.783333 0.100000 0.133333
0 0.385937 0.497917 0.100000 0.133333
0 0.887500 0.743750 0.100000 0.133333
0 0.379688 0.677083 0.100000 0.133333
0 0.528125 0.391667 0.100000 0.133333
0 0.515625 0.552083 0.100000 0.133333
0 0.848437 0.706250 0.100000 0.133333
0 0.120313 0.093750 0.100000 0.133333
0 0.640625 0.497917 0.100000 0.133333
0 0.118750 0.218750 0.100000 0.133333
0 0.873437 0.577083 0.100000 0.133333
0 0.767188 0.610417 0.100000 0.133333
0 0.271875 0.208333 0.100000 0.133333
0 0.685937 0.391667 0.100000 0.133333
0 0.473438 0.562500 0.100000 0.133333
0 0.181250 0.172917 0.100000 0.133333
0 0.482812 0.510417 0.100000 0.133333
0 0.334375 0.260417 0.100000 0.133333
0 0.814063 0.504167 0.100000 0.133333
0 0.876563 0.827083 0.100000 0.133333
0 0.553125 0.360417 0.100000 0.133333
0 0.637500 0.612500 0.100000 0.133333
0 0.670312 0.641667 0.100000 0.133333
0 0.326562 0.670833 0.100000 0.133333
0 0.689063 0.385417 0.100000 0.133333
0 0.634375 0.752083 0.100000 0.133333
0 0.860938 0.166667 0.100000 0.133333
0 0.225000 0.408333 0.100000 0.133333
0 0.221875 0.254167 0.100000 0.133333
0 0.628125 0.518750 0.100000 0.133333
0 0.396875 0.691667 0.100000 0.133333
1 0.803125 0.289583 0.100000 0.133333
1 0.303125 0.077083 0.100000 0.133333
1 0.300000 0.089583 0.100000 0.133333
1 0.850000 0.906250 0.100000 0.133333
1 0.068750 0.481250 0.100000 0.133333
