0 0.800000 0.270833 0.100000 0.133333
0 0.145313 0.137500 0.100000 0.133333
0 0.526563 0.870833 0.100000 0.133333
0 0.743750 0.356250 0.100000 0.133333
0 0.885938 0.677083 0.100000 0.133333
0 0.190625 0.702083 0.100000 0.133333
0 0.695312 0.712500 0.100000 0.133333
0 0.304688 0.229167 0.100000 0.133333
0 0.775000 0.510417 0.100000 0.133333
0 0.267188 0.289583 0.100000 0.133333
0 0.837500 0.693750 0.100000 0.133333
0 0.309375 0.170833 0.100000 0.133333
0 0.323437 0.281250 0.100000 0.133333
0 0.840625 0.841667 0.100000 0.133333
0 0.368750 0.877083 0.100000 0.133333
0 0.514062 0.275000 0.100000 0.133333
0 0.270313 0.300000 0.100000 0.133333
0 0.560937 0.664583 0.100000 0.133333
0 0.843750 0.383333 0.100000 0.133333
0 0.226562 0.508333 0.100000 0.133333
0 0.835938 0.279167 0.100000 0.133333
0 0.331250 0.797917 0.100000 0.133333
0 0.665625 0.447917 0.100000 0.133333
0 0.804688 0.610417 0.100000 0.133333
0 0.351562 0.175000 0.100000 0.133333
0 0.204687 0.097917 0.100000 0.133333
0 0.312500 0.381250 0.100000 0.133333
0 0.807813 0.479167 0.100000 0.133333
0 0.353125 0.700000 0.100000 0.133333
0 0.693750 0.187500 0.100000 0.133333
0 0.117188 0.222917 0.100000 0.133333
0 0.323437 0.529167 0.100000 0.133333
0 0.578125 0.325000 0.100000 0.133333
0 0.267188 0.287500 0.100000 0.133333
0 0.840625 0.154167 0.100000 0.133333
0 0.720313 0.275000 0.100000 0.133333
0 0.310937 0.091667 0.100000 0.133333
0 0.168750 0.854167 0.100000 0.133333
0 0.804688 0.854167 0.100000 0.133333
0 0.203125 0.616667 0.100000 0.133333
0 0.489063 0.602083 0.100000 0.133333
0 0.814063 0.670833 0.100000 0.133333
0 0.429688 0.466667 0.100000 0.133333
0 0.296875 0.733333 0.100000 0.133333
0 0.504687 0.516667 0.100000 0.133333
0 0.737500 0.681250 0.100000 0.133333
0 0.565625 0.745833 0.100000 0.133333
0 0.498437 0.552083 0.100000 0.133333
0 0.828125 0.214583 0.100000 0.133333
0 0.887500 0.308333 0.100000 0.133333
0 0.650000 0.858333 0.100000 0.133333
0 0.435937 0.808333 0.100000 0.133333
0 0.323437 0.514583 0.100000 0.133333
0 0.846875 0.529167 0.100000 0.133333
0 0.476562 0.527083 0.100000 0.133333
0 0.132812 0.308333 0.100000 0.133333
0 0.314063 0.310417 0.100000 0.133333
0 0.865625 0.375000 0.100000 0.133333
0 0.200000 0.341667 0.100000 0.133333
0 0.896875 0.527083 0.100000 0.133333
0 0.781250 0.091667 0.100000 0.133333
0 0.115625 0.847917 0.100000 0.133333
0 0.606250 0.102083 0.100000 0.133333
0 0.721875 0.756250 0.100000 0.133333
0 0.351562 0.150000 0.100000 0.133333
0 0.259375 0.618750 0.100000 0.133333
0 0.879687 0.531250 0.100000 0.133333
0 0.690625 0.645833 0.100000 0.133333
0 0.207813 0.212500 0.100000 0.133333
0 0.181250 0.320833 0.100000 0.133333
0 0.303125 0.689583 0.100000 0.133333
0 0.220312 0.422917 0.100000 0.133333
0 0.382812 0.570833 0.100000 0.133333
0 0.500000 0.235417 0.100000 0.133333
0 0.785937 0.835417 0.100000 0.133333
0 0.678125 0.368750 0.100000 0.133333
0 0.223438 0.470833 0.100000 0.133333
0 0.521875 0.750000 0.100000 0.133333
0 0.810937 0.252083 0.100000 0.133333
0 0.410938 0.233333 0.100000 0.133333
0 0.381250 0.733333 0.100000 0.133333
0 0.837500 0.191667 0.100000 0.133333
0 0.271875 0.758333 0.100000 0.133333
0 0.471875 0.166667 0.100000 0.133333
0 0.557813 0.108333 0.100000 0.133333
0 0.143750 0.760417 0.100000 0.133333
0 0.698438 0.652083 0.100000 0.133333
0 0.684375 0.835417 0.100000 0.133333
0 0.701562 0.547917 0.100000 0.133333
0 0.275000 0.614583 0.100000 0.133333
0 0.381250 0.477083 0.100000 0.133333
0 0.417187 0.447917 0.100000 0.133333
0 0.884375 0.825000 0.100000 0.133333
0 0.404687 0.172917 0.100000 0.133333
0 0.562500 0.435417 0.100000 0.133333
0 0.896875 0.297917 0.100000 0.133333
0 0.354687 0.739583 0.100000 0.133333
0 0.504687 0.312500 0.100000 0.133333
0 0.645312 0.364583 0.100000 0.133333
0 0.851562 0.143750 0.100000 0.133333
0 0.257812 0.631250 0.100000 0.133333
0 0.242188 0.535417 0.100000 0.133333
0 0.514062 0.800000 0.100000 0.133333
0 0.684375 0.866667 0.100000 0.133333
0 0.617188 0.141667 0.100000 0.133333
0 0.825000 0.093750 0.100000 0.133333
0 0.470313 0.287500 0.100000 0.133333
0 0.689063 0.487500 0.100000 0.133333
0 0.568750 0.385417 0.100000 0.133333
0 0.687500 0.797917 0.100000 0.133333
0 0.442188 0.168750 0.100000 0.133333
0 0.264062 0.616667 0.100000 0.133333
0 0.742188 0.397917 0.100000 0.133333
0 0.364063 0.179167 0.100000 0.133333
0 0.887500 0.329167 0.100000 0.133333
0 0.346875 0.143750 0.100000 0.133333
0 0.815625 0.525000 0.100000 0.133333
0 0.343750 0.666667 0.100000 0.133333
0 0.795312 0.787500 0.100000 0.133333
0 0.543750 0.122917 0.100000 0.133333
0 0.242188 0.277083 0.100000 0.133333
0 0.389062 0.295833 0.100000 0.133333
0 0.800000 0.779167 0.100000 0.133333
0 0.118750 0.300000 0.100000 0.133333
0 0.460938 0.697917 0.100000 0.133333
0 0.407813 0.625000 0.100000 0.133333
0 0.262500 0.087500 0.100000 0.133333
0 0.184375 0.716667 0.100000 0.133333
0 0.426563 0.566667 0.100000 0.133333
0 0.864062 0.427083 0.100000 0.133333
0 0.442188 0.166667 0.100000 0.133333
0 0.804688 0.437500 0.100000 0.133333
0 0.546875 0.525000 0.100000 0.133333
0 0.310937 0.854167 0.100000 0.133333
0 0.631250 0.504167 0.100000 0.133333
0 0.185938 0.341667 0.100000 0.133333
0 0.257812 0.477083 0.100000 0.133333
0 0.114062 0.556250 0.100000 0.133333
0 0.492188 0.068750 0.100000 0.133333
0 0.695312 0.775000 0.100000 0.133333
0 0.467187 0.866667 0.100000 0.133333
0 0.571875 0.818750 0.100000 0.133333
0 0.415625 0.350000 0.100000 0.133333
0 0.242188 0.435417 0.100000 0.133333
0 0.842187 0.560417 0.100000 0.133333
0 0.667188 0.489583 0.100000 0.133333
0 0.789062 0.666667 0.100000 0.133333
0 0.335938 0.266667 0.100000 0.133333
0 0.656250 0.131250 0.100000 0.133333
0 0.753125 0.525000 0.100000 0.133333
1 0.434375 0.514583 0.100000 0.133333
1 0.482812 0.787500 0.100000 0.133333
1 0.143750 0.460417 0.100000 0.133333
1 0.617188 0.866667 0.100000 0.133333
1 0.854688 0.647917 0.100000 0.133333
