0 0.510938 0.885417 0.100000 0.133333
0 0.571875 0.364583 0.100000 0.133333
0 0.342187 0.470833 0.100000 0.133333
0 0.506250 0.420833 0.100000 0.133333
0 0.900000 0.200000 0.100000 0.133333
0 0.145313 0.258333 0.100000 0.133333
0 0.607812 0.547917 0.100000 0.133333
0 0.431250 0.770833 0.100000 0.133333
0 0.198437 0.758333 0.100000 0.133333
0 0.628125 0.254167 0.100000 0.133333
0 0.871875 0.681250 0.100000 0.133333
0 0.684375 0.208333 0.100000 0.133333
0 0.239063 0.870833 0.100000 0.133333
0 0.370312 0.891667 0.100000 0.133333
0 0.857812 0.679167 0.100000 0.133333
0 0.625000 0.816667 0.100000 0.133333
0 0.556250 0.808333 0.100000 0.133333
0 0.160938 0.600000 0.100000 0.133333
0 0.701562 0.560417 0.100000 0.133333
0 0.639062 0.597917 0.100000 0.133333
0 0.500000 0.420833 0.100000 0.133333
0 0.398438 0.618750 0.100000 0.133333
0 0.271875 0.218750 0.100000 0.133333
0 0.550000 0.362500 0.100000 0.133333
0 0.220312 0.745833 0.100000 0.133333
0 0.557813 0.431250 0.100000 0.133333
0 0.142187 0.270833 0.100000 0.133333
0 0.592187 0.616667 0.100000 0.133333
0 0.814063 0.125000 0.100000 0.133333
0 0.398438 0.189583 0.100000 0.133333
0 0.453125 0.766667 0.100000 0.133333
0 0.542188 0.160417 0.100000 0.133333
0 0.832812 0.302083 0.100000 0.133333
0 0.120313 0.495833 0.100000 0.133333
0 0.290625 0.264583 0.100000 0.133333
0 0.706250 0.354167 0.100000 0.133333
0 0.601562 0.335417 0.100000 0.133333
0 0.726562 0.639583 0.100000 0.133333
0 0.720313 0.243750 0.100000 0.133333
0 0.567187 0.562500 0.100000 0.133333
0 0.201563 0.277083 0.100000 0.133333
0 0.609375 0.572917 0.100000 0.133333
0 0.443750 0.152083 0.100000 0.133333
0 0.360938 0.185417 0.100000 0.133333
0 0.401562 0.160417 0.100000 0.133333
0 0.857812 0.675000 0.100000 0.133333
0 0.718750 0.354167 0.100000 0.133333
0 0.282813 0.118750 0.100000 0.133333
0 0.118750 0.516667 0.100000 0.133333
0 0.590625 0.797917 0.100000 0.133333
0 0.125000 0.145833 0.100000 0.133333
0 0.776563 0.472917 0.100000 0.133333
0 0.142187 0.243750 0.100000 0.133333
0 0.345313 0.391667 0.100000 0.133333
0 0.332813 0.441667 0.100000 0.133333
0 0.526563 0.785417 0.100000 0.133333
0 0.404687 0.760417 0.100000 0.133333
0 0.479687 0.700000 0.100000 0.133333
0 0.871875 0.810417 0.100000 0.133333
0 0.207813 0.672917 0.100000 0.133333
0 0.171875 0.497917 0.100000 0.133333
0 0.840625 0.097917 0.100000 0.133333
0 0.345313 0.297917 0.100000 0.133333
0 0.229687 0.362500 0.100000 0.133333
0 0.329688 0.558333 0.100000 0.133333
0 0.457813 0.802083 0.100000 0.133333
0 0.331250 0.804167 0.100000 0.133333
0 0.525000 0.185417 0.100000 0.133333
0 0.239063 0.168750 0.100000 0.133333
0 0.151562 0.252083 0.100000 0.133333
0 0.457813 0.512500 0.100000 0.133333
0 0.101562 0.481250 0.100000 0.133333
0 0.531250 0.741667 0.100000 0.133333
0 0.315625 0.458333 0.100000 0.133333
0 0.898438 0.710417 0.100000 0.133333
0 0.798438 0.527083 0.100000 0.133333
0 0.250000 0.175000 0.100000 0.133333
0 0.523438 0.710417 0.100000 0.133333
0 0.857812 0.662500 0.100000 0.133333
0 0.659375 0.079167 0.100000 0.133333
0 0.225000 0.877083 0.100000 0.133333
0 0.657813 0.185417 0.100000 0.133333
0 0.679688 0.627083 0.100000 0.133333
0 0.112500 0.410417 0.100000 0.133333
0 0.457813 0.208333 0.100000 0.133333
0 0.845313 0.822917 0.100000 0.133333
0 0.371875 0.508333 0.100000 0.133333
0 0.425000 0.679167 0.100000 0.133333
0 0.396875 0.322917 0.100000 0.133333
0 0.832812 0.350000 0.100000 0.133333
0 0.364063 0.785417 0.100000 0.133333
0 0.653125 0.872917 0.100000 0.133333
0 0.465625 0.725000 0.100000 0.133333
0 0.856250 0.633333 0.100000 0.133333
0 0.214062 0.508333 0.100000 0.133333
0 0.435937 0.258333 0.100000 0.133333
0 0.754687 0.189583 0.100000 0.133333
0 0.618750 0.562500 0.100000 0.133333
0 0.851562 0.400000 0.100000 0.133333
0 0.242188 0.352083 0.100000 0.133333
0 0.504687 0.475000 0.100000 0.133333
0 0.456250 0.283333 0.100000 0.133333
0 0.275000 0.237500 0.100000 0.133333
0 0.704688 0.850000 0.100000 0.133333
0 0.668750 0.716667 0.100000 0.133333
0 0.259375 0.566667 0.100000 0.133333
0 0.517188 0.454167 0.100000 0.133333
0 0.745313 0.422917 0.100000 0.133333
0 0.470313 0.320833 0.100000 0.133333
0 0.704688 0.200000 0.100000 0.133333
0 0.292187 0.750000 0.100000 0.133333
0 0.332813 0.291667 0.100000 0.133333
0 0.184375 0.293750 0.100000 0.133333
0 0.360938 0.710417 0.100000 0.133333
0 0.129688 0.670833 0.100000 0.133333
0 0.187500 0.708333 0.100000 0.133333
0 0.309375 0.735417 0.100000 0.133333
0 0.481250 0.600000 0.100000 0.133333
0 0.840625 0.341667 0.100000 0.133333
0 0.706250 0.268750 0.100000 0.133333
0 0.860938 0.879167 0.100000 0.133333
0 0.328125 0.322917 0.100000 0.133333
0 0.307812 0.341667 0.100000 0.133333
0 0.271875 0.622917 0.100000 0.133333
0 0.159375 0.189583 0.100000 0.133333
0 0.628125 0.510417 0.100000 0.133333
0 0.365625 0.743750 0.100000 0.133333
0 0.415625 0.450000 0.100000 0.133333
0 0.165625 0.610417 0.100000 0.133333
0 0.271875 0.550000 0.100000 0.133333
0 0.750000 0.691667 0.100000 0.133333
0 0.628125 0.183333 0.100000 0.133333
0 0.759375 0.870833 0.100000 0.133333
0 0.217188 0.795833 0.100000 0.133333
0 0.196875 0.691667 0.100000 0.133333
0 0.773438 0.506250 0.100000 0.133333
0 0.856250 0.870833 0.100000 0.133333
0 0.612500 0.256250 0.100000 0.133333
0 0.189062 0.383333 0.100000 0.133333
0 0.148438 0.535417 0.100000 0.133333
0 0.668750 0.400000 0.100000 0.133333
0 0.781250 0.591667 0.100000 0.133333
0 0.735938 0.089583 0.100000 0.133333
0 0.500000 0.712500 0.100000 0.133333
0 0.793750 0.416667 0.100000 0.133333
0 0.795312 0.350000 0.100000 0.133333
0 0.820312 0.295833 0.100000 0.133333
0 0.190625 0.502083 0.100000 0.133333
0 0.835938 0.418750 0.100000 0.133333
0 0.673438 0.662500 0.100000 0.133333
1 0.643750 0.139583 0.100000 0.133333
1 0.100000 0.772917 0.100000 0.133333
1 0.668750 0.468750 0.100000 0.133333
1 0.782813 0.085417 0.100000 0.133333
1 0.798438 0.752083 0.100000 0.133333
