0 0.678125 0.475000 0.100000 0.133333
0 0.625000 0.593750 0.100000 0.133333
0 0.470313 0.672917 0.100000 0.133333
0 0.560937 0.477083 0.100000 0.133333
0 0.337500 0.764583 0.100000 0.133333
0 0.645312 0.187500 0.100000 0.133333
0 0.720313 0.300000 0.100000 0.133333
0 0.468750 0.797917 0.100000 0.133333
0 0.106250 0.306250 0.100000 0.133333
0 0.257812 0.379167 0.100000 0.133333
0 0.592187 0.420833 0.100000 0.133333
0 0.795312 0.804167 0.100000 0.133333
0 0.137500 0.270833 0.100000 0.133333
0 0.409375 0.516667 0.100000 0.133333
0 0.854688 0.512500 0.100000 0.133333
0 0.596875 0.514583 0.100000 0.133333
0 0.267188 0.222917 0.100000 0.133333
0 0.678125 0.883333 0.100000 0.133333
0 0.332813 0.525000 0.100000 0.133333
0 0.684375 0.764583 0.100000 0.133333
0 0.873437 0.752083 0.100000 0.133333
0 0.387500 0.193750 0.100000 0.133333
0 0.367188 0.485417 0.100000 0.133333
0 0.587500 0.545833 0.100000 0.133333
0 0.637500 0.385417 0.100000 0.133333
0 0.718750 0.389583 0.100000 0.133333
0 0.675000 0.543750 0.100000 0.133333
0 0.850000 0.606250 0.100000 0.133333
0 0.507812 0.593750 0.100000 0.133333
0 0.485938 0.541667 0.100000 0.133333
0 0.460938 0.835417 0.100000 0.133333
0 0.129688 0.195833 0.100000 0.133333
0 0.635938 0.079167 0.100000 0.133333
0 0.189062 0.412500 0.100000 0.133333
0 0.626563 0.479167 0.100000 0.133333
0 0.307812 0.695833 0.100000 0.133333
0 0.815625 0.856250 0.100000 0.133333
0 0.584375 0.502083 0.100000 0.133333
0 0.506250 0.643750 0.100000 0.133333
0 0.581250 0.462500 0.100000 0.133333
0 0.107813 0.089583 0.100000 0.133333
0 0.475000 0.464583 0.100000 0.133333
0 0.518750 0.456250 0.100000 0.133333
0 0.512500 0.850000 0.100000 0.133333
0 0.706250 0.118750 0.100000 0.133333
0 0.823438 0.616667 0.100000 0.133333
0 0.295312 0.620833 0.100000 0.133333
0 0.679688 0.858333 0.100000 0.133333
0 0.153125 0.462500 0.100000 0.133333
0 0.293750 0.679167 0.100000 0.133333
0 0.485938 0.731250 0.100000 0.133333
0 0.200000 0.556250 0.100000 0.133333
0 0.843750 0.356250 0.100000 0.133333
0 0.364063 0.433333 0.100000 0.133333
0 0.182812 0.181250 0.100000 0.133333
0 0.309375 0.481250 0.100000 0.133333
0 0.573438 0.847917 0.100000 0.133333
0 0.615625 0.279167 0.100000 0.133333
0 0.179688 0.702083 0.100000 0.133333
0 0.148438 0.137500 0.100000 0.133333
0 0.117188 0.468750 0.100000 0.133333
0 0.359375 0.568750 0.100000 0.133333
0 0.582812 0.152083 0.100000 0.133333
0 0.154688 0.247917 0.100000 0.133333
0 0.665625 0.254167 0.100000 0.133333
0 0.689063 0.841667 0.100000 0.133333
0 0.271875 0.625000 0.100000 0.133333
0 0.512500 0.333333 0.100000 0.133333
0 0.362500 0.379167 0.100000 0.133333
0 0.698438 0.558333 0.100000 0.133333
0 0.620313 0.408333 0.100000 0.133333
0 0.771875 0.831250 0.100000 0.133333
0 0.465625 0.591667 0.100000 0.133333
0 0.528125 0.291667 0.100000 0.133333
0 0.654687 0.747917 0.100000 0.133333
0 0.582812 0.229167 0.100000 0.133333
0 0.471875 0.314583 0.100000 0.133333
0 0.746875 0.472917 0.100000 0.133333
0 0.584375 0.214583 0.100000 0.133333
0 0.315625 0.193750 0.100000 0.133333
0 0.810937 0.568750 0.100000 0.133333
0 0.418750 0.810417 0.100000 0.133333
0 0.609375 0.343750 0.100000 0.133333
0 0.418750 0.783333 0.100000 0.133333
0 0.868750 0.712500 0.100000 0.133333
0 0.537500 0.481250 0.100000 0.133333
0 0.370312 0.262500 0.100000 0.133333
0 0.685937 0.604167 0.100000 0.133333
0 0.884375 0.164583 0.100000 0.133333
0 0.248438 0.310417 0.100000 0.133333
0 0.807813 0.377083 0.100000 0.133333
0 0.842187 0.410417 0.100000 0.133333
0 0.853125 0.337500 0.100000 0.133333
0 0.265625 0.743750 0.100000 0.133333
0 0.342187 0.872917 0.100000 0.133333
0 0.210938 0.750000 0.100000 0.133333
0 0.167187 0.318750 0.100000 0.133333
0 0.587500 0.191667 0.100000 0.133333
0 0.412500 0.660417 0.100000 0.133333
0 0.214062 0.741667 0.100000 0.133333
0 0.631250 0.631250 0.100000 0.133333
0 0.393750 0.491667 0.100000 0.133333
0 0.815625 0.537500 0.100000 0.133333
0 0.845313 0.752083 0.100000 0.133333
0 0.160938 0.222917 0.100000 0.133333
0 0.896875 0.785417 0.100000 0.133333
0 0.504687 0.408333 0.100000 0.133333
0 0.132812 0.464583 0.100000 0.133333
0 0.440625 0.281250 0.100000 0.133333
0 0.382812 0.137500 0.100000 0.133333
0 0.543750 0.281250 0.100000 0.133333
0 0.398438 0.539583 0.100000 0.133333
0 0.812500 0.706250 0.100000 0.133333
0 0.114062 0.306250 0.100000 0.133333
0 0.660937 0.718750 0.100000 0.133333
0 0.554688 0.810417 0.100000 0.133333
0 0.529687 0.214583 0.100000 0.133333
0 0.795312 0.295833 0.100000 0.133333
0 0.604688 0.729167 0.100000 0.133333
0 0.481250 0.222917 0.100000 0.133333
0 0.400000 0.206250 0.100000 0.133333
0 0.796875 0.745833 0.100000 0.133333
0 0.507812 0.302083 0.100000 0.133333
0 0.198437 0.543750 0.100000 0.133333
0 0.167187 0.500000 0.100000 0.133333
0 0.423438 0.258333 0.100000 0.133333
0 0.364063 0.835417 0.100000 0.133333
0 0.523438 0.318750 0.100000 0.133333
0 0.345313 0.741667 0.100000 0.133333
0 0.796875 0.414583 0.100000 0.133333
0 0.731250 0.727083 0.100000 0.133333
0 0.282813 0.610417 0.100000 0.133333
0 0.164062 0.341667 0.100000 0.133333
0 0.893750 0.518750 0.100000 0.133333
0 0.446875 0.875000 0.100000 0.133333
0 0.464062 0.437500 0.100000 0.133333
0 0.312500 0.310417 0.100000 0.133333
0 0.543750 0.652083 0.100000 0.133333
0 0.532813 0.179167 0.100000 0.133333
0 0.715625 0.883333 0.100000 0.133333
0 0.656250 0.235417 0.100000 0.133333
0 0.612500 0.475000 0.100000 0.133333
0 0.646875 0.164583 0.100000 0.133333
0 0.325000 0.735417 0.100000 0.133333
0 0.439063 0.714583 0.100000 0.133333
0 0.898438 0.843750 0.100000 0.133333
0 0.195312 0.758333 0.100000 0.133333
0 0.153125 0.331250 0.100000 0.133333
0 0.618750 0.100000 0.100000 0.133333
0 0.664062 0.512500 0.100000 0.133333
1 0.475000 0.260417 0.100000 0.133333
1 0.325000 0.416667 0.100000 0.133333
1 0.546875 0.877083 0.100000 0.133333
1 0.518750 0.216667 0.100000 0.133333
1 0.303125 0.885417 0.100000 0.133333
