0 0.323437 0.202083 0.100000 0.133333
0 0.296875 0.397917 0.100000 0.133333
0 0.537500 0.114583 0.100000 0.133333
0 0.278125 0.516667 0.100000 0.133333
0 0.176563 0.714583 0.100000 0.133333
0 0.700000 0.218750 0.100000 0.133333
0 0.618750 0.520833 0.100000 0.133333
0 0.290625 0.735417 0.100000 0.133333
0 0.748437 0.400000 0.100000 0.133333
0 0.607812 0.093750 0.100000 0.133333
0 0.868750 0.179167 0.100000 0.133333
0 0.792188 0.341667 0.100000 0.133333
0 0.537500 0.783333 0.100000 0.133333
0 0.768750 0.191667 0.100000 0.133333
0 0.632812 0.260417 0.100000 0.133333
0 0.243750 0.375000 0.100000 0.133333
0 0.673438 0.179167 0.100000 0.133333
0 0.431250 0.410417 0.100000 0.133333
0 0.567187 0.570833 0.100000 0.133333
0 0.195312 0.414583 0.100000 0.133333
0 0.784375 0.577083 0.100000 0.133333
0 0.306250 0.837500 0.100000 0.133333
0 0.267188 0.541667 0.100000 0.133333
0 0.896875 0.283333 0.100000 0.133333
0 0.248438 0.131250 0.100000 0.133333
0 0.189062 0.241667 0.100000 0.133333
0 0.414062 0.143750 0.100000 0.133333
0 0.585938 0.491667 0.100000 0.133333
0 0.779687 0.291667 0.100000 0.133333
0 0.237500 0.885417 0.100000 0.133333
0 0.264062 0.502083 0.100000 0.133333
0 0.392188 0.437500 0.100000 0.133333
0 0.362500 0.556250 0.100000 0.133333
0 0.678125 0.368750 0.100000 0.133333
0 0.542188 0.404167 0.100000 0.133333
0 0.728125 0.747917 0.100000 0.133333
0 0.642188 0.500000 0.100000 0.133333
0 0.203125 0.112500 0.100000 0.133333
0 0.517188 0.400000 0.100000 0.133333
0 0.896875 0.206250 0.100000 0.133333
0 0.523438 0.760417 0.100000 0.133333
0 0.826562 0.877083 0.100000 0.133333
0 0.221875 0.647917 0.100000 0.133333
0 0.110937 0.212500 0.100000 0.133333
0 0.900000 0.227083 0.100000 0.133333
0 0.471875 0.362500 0.100000 0.133333
0 0.468750 0.664583 0.100000 0.133333
0 0.435937 0.418750 0.100000 0.133333
0 0.398438 0.710417 0.100000 0.133333
0 0.695312 0.427083 0.100000 0.133333
0 0.329688 0.700000 0.100000 0.133333
0 0.270313 0.631250 0.100000 0.133333
0 0.312500 0.091667 0.100000 0.133333
0 0.206250 0.197917 0.100000 0.133333
0 0.228125 0.460417 0.100000 0.133333
0 0.732812 0.354167 0.100000 0.133333
0 0.806250 0.647917 0.100000 0.133333
0 0.882812 0.250000 0.100000 0.133333
0 0.300000 0.641667 0.100000 0.133333
0 0.840625 0.370833 0.100000 0.133333
0 0.601562 0.866667 0.100000 0.133333
0 0.379688 0.712500 0.100000 0.133333
0 0.610938 0.077083 0.100000 0.133333
0 0.515625 0.581250 0.100000 0.133333
0 0.617188 0.377083 0.100000 0.133333
0 0.789062 0.262500 0.100000 0.133333
0 0.357812 0.137500 0.100000 0.133333
0 0.143750 0.581250 0.100000 0.133333
0 0.364063 0.208333 0.100000 0.133333
0 0.375000 0.081250 0.100000 0.133333
0 0.875000 0.862500 0.100000 0.133333
0 0.773438 0.097917 0.100000 0.133333
0 0.828125 0.341667 0.100000 0.133333
0 0.284375 0.735417 0.100000 0.133333
0 0.167187 0.625000 0.100000 0.133333
0 0.120313 0.079167 0.100000 0.133333
0 0.642188 0.337500 0.100000 0.133333
0 0.514062 0.595833 0.100000 0.133333
0 0.718750 0.691667 0.100000 0.133333
0 0.342187 0.131250 0.100000 0.133333
0 0.526563 0.345833 0.100000 0.133333
0 0.617188 0.779167 0.100000 0.133333
0 0.164062 0.377083 0.100000 0.133333
0 0.198437 0.372917 0.100000 0.133333
0 0.468750 0.645833 0.100000 0.133333
0 0.365625 0.406250 0.100000 0.133333
0 0.293750 0.527083 0.100000 0.133333
0 0.850000 0.472917 0.100000 0.133333
0 0.625000 0.718750 0.100000 0.133333
0 0.709375 0.364583 0.100000 0.133333
0 0.118750 0.277083 0.100000 0.133333
0 0.490625 0.856250 0.100000 0.133333
0 0.759375 0.579167 0.100000 0.133333
0 0.676562 0.147917 0.100000 0.133333
0 0.481250 0.258333 0.100000 0.133333
0 0.859375 0.122917 0.100000 0.133333
0 0.125000 0.179167 0.100000 0.133333
0 0.625000 0.172917 0.100000 0.133333
0 0.642188 0.368750 0.100000 0.133333
0 0.821875 0.279167 0.100000 0.133333
0 0.459375 0.220833 0.100000 0.133333
0 0.281250 0.191667 0.100000 0.133333
0 0.604688 0.143750 0.100000 0.133333
0 0.370312 0.493750 0.100000 0.133333
0 0.785937 0.231250 0.100000 0.133333
0 0.423438 0.358333 0.100000 0.133333
0 0.651563 0.308333 0.100000 0.133333
0 0.345313 0.868750 0.100000 0.133333
0 0.898438 0.791667 0.100000 0.133333
0 0.289062 0.635417 0.100000 0.133333
0 0.103125 0.870833 0.100000 0.133333
0 0.320312 0.452083 0.100000 0.133333
0 0.529687 0.685417 0.100000 0.133333
0 0.845313 0.610417 0.100000 0.133333
0 0.651563 0.850000 0.100000 0.133333
0 0.410938 0.466667 0.100000 0.133333
0 0.351562 0.214583 0.100000 0.133333
0 0.839063 0.685417 0.100000 0.133333
0 0.423438 0.254167 0.100000 0.133333
0 0.228125 0.400000 0.100000 0.133333
0 0.610938 0.168750 0.100000 0.133333
0 0.237500 0.600000 0.100000 0.133333
0 0.120313 0.322917 0.100000 0.133333
0 0.175000 0.756250 0.100000 0.133333
0 0.328125 0.383333 0.100000 0.133333
0 0.839063 0.460417 0.100000 0.133333
0 0.151562 0.322917 0.100000 0.133333
0 0.579688 0.783333 0.100000 0.133333
0 0.243750 0.454167 0.100000 0.133333
0 0.603125 0.456250 0.100000 0.133333
0 0.567187 0.068750 0.100000 0.133333
0 0.171875 0.241667 0.100000 0.133333
0 0.800000 0.366667 0.100000 0.133333
0 0.610938 0.145833 0.100000 0.133333
0 0.559375 0.639583 0.100000 0.133333
0 0.637500 0.722917 0.100000 0.133333
0 0.212500 0.802083 0.100000 0.133333
0 0.650000 0.835417 0.100000 0.133333
0 0.868750 0.387500 0.100000 0.133333
0 0.823438 0.633333 0.100000 0.133333
0 0.243750 0.843750 0.100000 0.133333
0 0.700000 0.752083 0.100000 0.133333
0 0.346875 0.885417 0.100000 0.133333
0 0.101562 0.325000 0.100000 0.133333
0 0.300000 0.087500 0.100000 0.133333
0 0.853125 0.408333 0.100000 0.133333
0 0.348438 0.254167 0.100000 0.133333
0 0.603125 0.164583 0.100000 0.133333
0 0.171875 0.677083 0.100000 0.133333
0 0.823438 0.633333 0.100000 0.133333
1 0.768750 0.714583 0.100000 0.133333
1 0.857812 0.335417 0.100000 0.133333
1 0.767188 0.475000 0.100000 0.133333
1 0.825000 0.587500 0.100000 0.133333
1 0.051562 0.483333 0.100000 0.133333
