0 0.484375 0.833333 0.100000 0.133333
0 0.404687 0.525000 0.100000 0.133333
0 0.782813 0.408333 0.100000 0.133333
0 0.420312 0.241667 0.100000 0.133333
0 0.165625 0.483333 0.100000 0.133333
0 0.400000 0.504167 0.100000 0.133333
0 0.143750 0.068750 0.100000 0.133333
0 0.209375 0.225000 0.100000 0.133333
0 0.617188 0.481250 0.100000 0.133333
0 0.735938 0.856250 0.100000 0.133333
0 0.542188 0.118750 0.100000 0.133333
0 0.398438 0.612500 0.100000 0.133333
0 0.720313 0.747917 0.100000 0.133333
0 0.759375 0.085417 0.100000 0.133333
0 0.328125 0.781250 0.100000 0.133333
0 0.150000 0.297917 0.100000 0.133333
0 0.695312 0.512500 0.100000 0.133333
0 0.518750 0.106250 0.100000 0.133333
0 0.331250 0.456250 0.100000 0.133333
0 0.603125 0.550000 0.100000 0.133333
0 0.703125 0.616667 0.100000 0.133333
0 0.140625 0.539583 0.100000 0.133333
0 0.200000 0.522917 0.100000 0.133333
0 0.546875 0.241667 0.100000 0.133333
0 0.159375 0.425000 0.100000 0.133333
0 0.754687 0.147917 0.100000 0.133333
0 0.640625 0.158333 0.100000 0.133333
0 0.518750 0.233333 0.100000 0.133333
0 0.842187 0.352083 0.100000 0.133333
0 0.245312 0.093750 0.100000 0.133333
0 0.776563 0.839583 0.100000 0.133333
0 0.521875 0.314583 0.100000 0.133333
0 0.576562 0.658333 0.100000 0.133333
0 0.585938 0.770833 0.100000 0.133333
0 0.859375 0.260417 0.100000 0.133333
0 0.704688 0.829167 0.100000 0.133333
0 0.339062 0.114583 0.100000 0.133333
0 0.164062 0.343750 0.100000 0.133333
0 0.610938 0.616667 0.100000 0.133333
0 0.332813 0.885417 0.100000 0.133333
0 0.401562 0.579167 0.100000 0.133333
0 0.134375 0.160417 0.100000 0.133333
0 0.245312 0.868750 0.100000 0.133333
0 0.109375 0.425000 0.100000 0.133333
0 0.870313 0.625000 0.100000 0.133333
0 0.589063 0.408333 0.100000 0.133333
0 0.471875 0.258333 0.100000 0.133333
0 0.184375 0.208333 0.100000 0.133333
0 0.376563 0.760417 0.100000 0.133333
0 0.845313 0.291667 0.100000 0.133333
0 0.362500 0.233333 0.100000 0.133333
0 0.160938 0.508333 0.100000 0.133333
0 0.795312 0.360417 0.100000 0.133333
0 0.803125 0.683333 0.100000 0.133333
0 0.268750 0.270833 0.100000 0.133333
0 0.657813 0.516667 0.100000 0.133333
0 0.654687 0.352083 0.100000 0.133333
0 0.748437 0.091667 0.100000 0.133333
0 0.614062 0.114583 0.100000 0.133333
0 0.387500 0.520833 0.100000 0.133333
0 0.123438 0.535417 0.100000 0.133333
0 0.393750 0.727083 0.100000 0.133333
0 0.396875 0.887500 0.100000 0.133333
0 0.581250 0.150000 0.100000 0.133333
0 0.214062 0.887500 0.100000 0.133333
0 0.770312 0.383333 0.100000 0.133333
0 0.467187 0.572917 0.100000 0.133333
0 0.168750 0.868750 0.100000 0.133333
0 0.870313 0.583333 0.100000 0.133333
0 0.812500 0.689583 0.100000 0.133333
0 0.790625 0.325000 0.100000 0.133333
0 0.573438 0.437500 0.100000 0.133333
0 0.165625 0.266667 0.100000 0.133333
0 0.573438 0.770833 0.100000 0.133333
0 0.423438 0.854167 0.100000 0.133333
0 0.610938 0.560417 0.100000 0.133333
0 0.262500 0.812500 0.100000 0.133333
0 0.446875 0.195833 0.100000 0.133333
0 0.839063 0.387500 0.100000 0.133333
0 0.431250 0.843750 0.100000 0.133333
0 0.425000 0.408333 0.100000 0.133333
0 0.668750 0.679167 0.100000 0.133333
0 0.578125 0.172917 0.100000 0.133333
0 0.243750 0.650000 0.100000 0.133333
0 0.220312 0.193750 0.100000 0.133333
0 0.428125 0.629167 0.100000 0.133333
0 0.178125 0.104167 0.100000 0.133333
0 0.220312 0.177083 0.100000 0.133333
0 0.342187 0.125000 0.100000 0.133333
0 0.681250 0.225000 0.100000 0.133333
0 0.320312 0.445833 0.100000 0.133333
0 0.653125 0.537500 0.100000 0.133333
0 0.353125 0.547917 0.100000 0.133333
0 0.265625 0.085417 0.100000 0.133333
0 0.517188 0.850000 0.100000 0.133333
0 0.721875 0.214583 0.100000 0.133333
0 0.868750 0.241667 0.100000 0.133333
0 0.781250 0.387500 0.100000 0.133333
0 0.259375 0.212500 0.100000 0.133333
0 0.176563 0.856250 0.100000 0.133333
0 0.718750 0.875000 0.100000 0.133333
0 0.871875 0.812500 0.100000 0.133333
0 0.209375 0.441667 0.100000 0.133333
0 0.281250 0.158333 0.100000 0.133333
0 0.246875 0.154167 0.100000 0.133333
0 0.578125 0.547917 0.100000 0.133333
0 0.365625 0.075000 0.100000 0.133333
0 0.829688 0.183333 0.100000 0.133333
0 0.357812 0.868750 0.100000 0.133333
0 0.590625 0.535417 0.100000 0.133333
0 0.787500 0.420833 0.100000 0.133333
0 0.454688 0.668750 0.100000 0.133333
0 0.621875 0.202083 0.100000 0.133333
0 0.125000 0.341667 0.100000 0.133333
0 0.700000 0.241667 0.100000 0.133333
0 0.314063 0.137500 0.100000 0.133333
0 0.678125 0.608333 0.100000 0.133333
0 0.315625 0.250000 0.100000 0.133333
0 0.295312 0.558333 0.100000 0.133333
0 0.365625 0.525000 0.100000 0.133333
0 0.846875 0.885417 0.100000 0.133333
0 0.864062 0.627083 0.100000 0.133333
0 0.134375 0.729167 0.100000 0.133333
0 0.339062 0.116667 0.100000 0.133333
0 0.256250 0.320833 0.100000 0.133333
0 0.260937 0.300000 0.100000 0.133333
0 0.610938 0.275000 0.100000 0.133333
0 0.678125 0.150000 0.100000 0.133333
0 0.589063 0.558333 0.100000 0.133333
0 0.239063 0.664583 0.100000 0.133333
0 0.482812 0.156250 0.100000 0.133333
0 0.298438 0.458333 0.100000 0.133333
0 0.232813 0.433333 0.100000 0.133333
0 0.612500 0.418750 0.100000 0.133333
0 0.737500 0.487500 0.100000 0.133333
0 0.659375 0.220833 0.100000 0.133333
0 0.317188 0.595833 0.100000 0.133333
0 0.798438 0.677083 0.100000 0.133333
0 0.785937 0.239583 0.100000 0.133333
0 0.364063 0.702083 0.100000 0.133333
0 0.228125 0.635417 0.100000 0.133333
0 0.514062 0.704167 0.100000 0.133333
0 0.615625 0.491667 0.100000 0.133333
0 0.690625 0.727083 0.100000 0.133333
0 0.432812 0.227083 0.100000 0.133333
0 0.857812 0.872917 0.100000 0.133333
0 0.215625 0.841667 0.100000 0.133333
0 0.362500 0.389583 0.100000 0.133333
0 0.564063 0.556250 0.100000 0.133333
0 0.581250 0.572917 0.100000 0.133333
1 0.370312 0.502083 0.100000 0.133333
1 0.353125 0.156250 0.100000 0.133333
1 0.731250 0.635417 0.100000 0.133333
1 0.523438 0.739583 0.100000 0.133333
1 0.260937 0.277083 0.100000 0.133333
