0 0.589063 0.877083 0.100000 0.133333
0 0.389062 0.404167 0.100000 0.133333
0 0.875000 0.741667 0.100000 0.133333
0 0.820312 0.504167 0.100000 0.133333
0 0.509375 0.439583 0.100000 0.133333
0 0.792188 0.339583 0.100000 0.133333
0 0.864062 0.456250 0.100000 0.133333
0 0.478125 0.560417 0.100000 0.133333
0 0.190625 0.643750 0.100000 0.133333
0 0.223438 0.572917 0.100000 0.133333
0 0.740625 0.779167 0.100000 0.133333
0 0.153125 0.185417 0.100000 0.133333
0 0.164062 0.652083 0.100000 0.133333
0 0.143750 0.114583 0.100000 0.133333
0 0.160938 0.327083 0.100000 0.133333
0 0.450000 0.770833 0.100000 0.133333
0 0.350000 0.860417 0.100000 0.133333
0 0.459375 0.125000 0.100000 0.133333
0 0.801562 0.454167 0.100000 0.133333
0 0.154688 0.287500 0.100000 0.133333
0 0.268750 0.837500 0.100000 0.133333
0 0.287500 0.552083 0.100000 0.133333
0 0.356250 0.131250 0.100000 0.133333
0 0.259375 0.710417 0.100000 0.133333
0 0.639062 0.287500 0.100000 0.133333
0 0.321875 0.579167 0.100000 0.133333
0 0.750000 0.172917 0.100000 0.133333
0 0.556250 0.314583 0.100000 0.133333
0 0.826562 0.354167 0.100000 0.133333
0 0.268750 0.645833 0.100000 0.133333
0 0.415625 0.350000 0.100000 0.133333
0 0.128125 0.327083 0.100000 0.133333
0 0.135937 0.577083 0.100000 0.133333
0 0.189062 0.822917 0.100000 0.133333
0 0.896875 0.443750 0.100000 0.133333
0 0.517188 0.856250 0.100000 0.133333
0 0.503125 0.420833 0.100000 0.133333
0 0.498437 0.483333 0.100000 0.133333
0 0.421875 0.533333 0.100000 0.133333
0 0.470313 0.256250 0.100000 0.133333
0 0.781250 0.158333 0.100000 0.133333
0 0.621875 0.302083 0.100000 0.133333
0 0.225000 0.231250 0.100000 0.133333
0 0.503125 0.529167 0.100000 0.133333
0 0.118750 0.125000 0.100000 0.133333
0 0.735938 0.283333 0.100000 0.133333
0 0.698438 0.858333 0.100000 0.133333
0 0.300000 0.735417 0.100000 0.133333
0 0.456250 0.785417 0.100000 0.133333
0 0.351562 0.389583 0.100000 0.133333
0 0.250000 0.825000 0.100000 0.133333
0 0.562500 0.829167 0.100000 0.133333
0 0.682813 0.600000 0.100000 0.133333
0 0.568750 0.116667 0.100000 0.133333
0 0.525000 0.737500 0.100000 0.133333
0 0.634375 0.539583 0.100000 0.133333
0 0.387500 0.629167 0.100000 0.133333
0 0.775000 0.502083 0.100000 0.133333
0 0.306250 0.625000 0.100000 0.133333
0 0.882812 0.810417 0.100000 0.133333
0 0.484375 0.100000 0.100000 0.133333
0 0.787500 0.454167 0.100000 0.133333
0 0.804688 0.127083 0.100000 0.133333
0 0.643750 0.475000 0.100000 0.133333
0 0.467187 0.564583 0.100000 0.133333
0 0.548438 0.108333 0.100000 0.133333
0 0.229687 0.375000 0.100000 0.133333
0 0.307812 0.093750 0.100000 0.133333
0 0.293750 0.372917 0.100000 0.133333
0 0.621875 0.550000 0.100000 0.133333
0 0.767188 0.170833 0.100000 0.133333
0 0.706250 0.156250 0.100000 0.133333
0 0.378125 0.160417 0.100000 0.133333
0 0.782813 0.393750 0.100000 0.133333
0 0.251563 0.641667 0.100000 0.133333
0 0.496875 0.210417 0.100000 0.133333
0 0.495312 0.860417 0.100000 0.133333
0 0.603125 0.779167 0.100000 0.133333
0 0.823438 0.747917 0.100000 0.133333
0 0.148438 0.654167 0.100000 0.133333
0 0.600000 0.752083 0.100000 0.133333
0 0.540625 0.581250 0.100000 0.133333
0 0.853125 0.187500 0.100000 0.133333
0 0.587500 0.516667 0.100000 0.133333
0 0.581250 0.891667 0.100000 0.133333
0 0.179688 0.525000 0.100000 0.133333
0 0.578125 0.231250 0.100000 0.133333
0 0.853125 0.493750 0.100000 0.133333
0 0.523438 0.512500 0.100000 0.133333
0 0.818750 0.704167 0.100000 0.133333
0 0.710938 0.652083 0.100000 0.133333
0 0.685937 0.879167 0.100000 0.133333
0 0.173437 0.170833 0.100000 0.133333
0 0.109375 0.089583 0.100000 0.133333
0 0.382812 0.837500 0.100000 0.133333
0 0.314063 0.227083 0.100000 0.133333
0 0.389062 0.175000 0.100000 0.133333
0 0.581250 0.504167 0.100000 0.133333
0 0.592187 0.166667 0.100000 0.133333
0 0.873437 0.745833 0.100000 0.133333
0 0.482812 0.472917 0.100000 0.133333
0 0.464062 0.122917 0.100000 0.133333
0 0.335938 0.443750 0.100000 0.133333
0 0.179688 0.618750 0.100000 0.133333
0 0.440625 0.691667 0.100000 0.133333
0 0.868750 0.252083 0.100000 0.133333
0 0.820312 0.445833 0.100000 0.133333
0 0.706250 0.085417 0.100000 0.133333
0 0.515625 0.547917 0.100000 0.133333
0 0.757812 0.675000 0.100000 0.133333
0 0.512500 0.710417 0.100000 0.133333
0 0.584375 0.572917 0.100000 0.133333
0 0.896875 0.864583 0.100000 0.133333
0 0.104688 0.866667 0.100000 0.133333
0 0.832812 0.333333 0.100000 0.133333
0 0.292187 0.479167 0.100000 0.133333
0 0.398438 0.458333 0.100000 0.133333
0 0.829688 0.318750 0.100000 0.133333
0 0.779687 0.768750 0.100000 0.133333
0 0.687500 0.583333 0.100000 0.133333
0 0.331250 0.485417 0.100000 0.133333
0 0.367188 0.427083 0.100000 0.133333
0 0.315625 0.383333 0.100000 0.133333
0 0.410938 0.254167 0.100000 0.133333
0 0.539062 0.191667 0.100000 0.133333
0 0.250000 0.610417 0.100000 0.133333
0 0.900000 0.731250 0.100000 0.133333
0 0.421875 0.700000 0.100000 0.133333
0 0.135937 0.179167 0.100000 0.133333
0 0.893750 0.187500 0.100000 0.133333
0 0.232813 0.402083 0.100000 0.133333
0 0.695312 0.489583 0.100000 0.133333
0 0.493750 0.402083 0.100000 0.133333
0 0.514062 0.837500 0.100000 0.133333
0 0.589063 0.760417 0.100000 0.133333
0 0.240625 0.518750 0.100000 0.133333
0 0.103125 0.125000 0.100000 0.133333
0 0.564063 0.697917 0.100000 0.133333
0 0.739062 0.300000 0.100000 0.133333
0 0.403125 0.829167 0.100000 0.133333
0 0.632812 0.256250 0.100000 0.133333
0 0.181250 0.568750 0.100000 0.133333
0 0.209375 0.095833 0.100000 0.133333
0 0.157812 0.179167 0.100000 0.133333
0 0.857812 0.410417 0.100000 0.133333
0 0.593750 0.452083 0.100000 0.133333
0 0.814063 0.533333 0.100000 0.133333
0 0.696875 0.864583 0.100000 0.133333
0 0.850000 0.770833 0.100000 0.133333
0 0.128125 0.772917 0.100000 0.133333
1 0.814063 0.525000 0.100000 0.133333
1 0.396875 0.222917 0.100000 0.133333
1 0.084375 0.245833 0.100000 0.133333
1 0.635938 0.193750 0.100000 0.133333
1 0.129688 0.185417 0.100000 0.133333
