0 0.532813 0.218750 0.100000 0.133333
0 0.109375 0.337500 0.100000 0.133333
0 0.110937 0.600000 0.100000 0.133333
0 0.660937 0.783333 0.100000 0.133333
0 0.646875 0.202083 0.100000 0.133333
0 0.589063 0.820833 0.100000 0.133333
0 0.467187 0.162500 0.100000 0.133333
0 0.534375 0.408333 0.100000 0.133333
0 0.395313 0.647917 0.100000 0.133333
0 0.554688 0.145833 0.100000 0.133333
0 0.198437 0.222917 0.100000 0.133333
0 0.567187 0.127083 0.100000 0.133333
0 0.142187 0.554167 0.100000 0.133333
0 0.360938 0.102083 0.100000 0.133333
0 0.595313 0.289583 0.100000 0.133333
0 0.714063 0.783333 0.100000 0.133333
0 0.421875 0.256250 0.100000 0.133333
0 0.112500 0.729167 0.100000 0.133333
0 0.542188 0.610417 0.100000 0.133333
0 0.420312 0.220833 0.100000 0.133333
0 0.473438 0.237500 0.100000 0.133333
0 0.464062 0.512500 0.100000 0.133333
0 0.818750 0.177083 0.100000 0.133333
0 0.798438 0.479167 0.100000 0.133333
0 0.131250 0.293750 0.100000 0.133333
0 0.737500 0.202083 0.100000 0.133333
0 0.893750 0.254167 0.100000 0.133333
0 0.862500 0.608333 0.100000 0.133333
0 0.284375 0.691667 0.100000 0.133333
0 0.601562 0.304167 0.100000 0.133333
0 0.232813 0.677083 0.100000 0.133333
0 0.457813 0.406250 0.100000 0.133333
0 0.701562 0.860417 0.100000 0.133333
0 0.371875 0.725000 0.100000 0.133333
0 0.240625 0.200000 0.100000 0.133333
0 0.235937 0.110417 0.100000 0.133333
0 0.270313 0.410417 0.100000 0.133333
0 0.273438 0.258333 0.100000 0.133333
0 0.715625 0.772917 0.100000 0.133333
0 0.735938 0.287500 0.100000 0.133333
0 0.482812 0.318750 0.100000 0.133333
0 0.556250 0.366667 0.100000 0.133333
0 0.617188 0.233333 0.100000 0.133333
0 0.554688 0.477083 0.100000 0.133333
0 0.792188 0.483333 0.100000 0.133333
0 0.637500 0.820833 0.100000 0.133333
0 0.606250 0.656250 0.100000 0.133333
0 0.696875 0.729167 0.100000 0.133333
0 0.739062 0.504167 0.100000 0.133333
0 0.432812 0.481250 0.100000 0.133333
0 0.237500 0.312500 0.100000 0.133333
0 0.146875 0.562500 0.100000 0.133333
0 0.621875 0.339583 0.100000 0.133333
0 0.359375 0.210417 0.100000 0.133333
0 0.476562 0.197917 0.100000 0.133333
0 0.296875 0.383333 0.100000 0.133333
0 0.781250 0.479167 0.100000 0.133333
0 0.660937 0.077083 0.100000 0.133333
0 0.825000 0.618750 0.100000 0.133333
0 0.770312 0.143750 0.100000 0.133333
0 0.570312 0.079167 0.100000 0.133333
0 0.632812 0.762500 0.100000 0.133333
0 0.414062 0.441667 0.100000 0.133333
0 0.721875 0.404167 0.100000 0.133333
0 0.210938 0.314583 0.100000 0.133333
0 0.257812 0.366667 0.100000 0.133333
0 0.639062 0.718750 0.100000 0.133333
0 0.685937 0.297917 0.100000 0.133333
0 0.587500 0.727083 0.100000 0.133333
0 0.651563 0.493750 0.100000 0.133333
0 0.328125 0.631250 0.100000 0.133333
0 0.515625 0.768750 0.100000 0.133333
0 0.182812 0.766667 0.100000 0.133333
0 0.237500 0.581250 0.100000 0.133333
0 0.242188 0.885417 0.100000 0.133333
0 0.229687 0.743750 0.100000 0.133333
0 0.442188 0.202083 0.100000 0.133333
0 0.829688 0.508333 0.100000 0.133333
0 0.192188 0.335417 0.100000 0.133333
0 0.803125 0.281250 0.100000 0.133333
0 0.614062 0.470833 0.100000 0.133333
0 0.728125 0.631250 0.100000 0.133333
0 0.578125 0.406250 0.100000 0.133333
0 0.415625 0.872917 0.100000 0.133333
0 0.742188 0.347917 0.100000 0.133333
0 0.596875 0.741667 0.100000 0.133333
0 0.837500 0.856250 0.100000 0.133333
0 0.129688 0.366667 0.100000 0.133333
0 0.117188 0.456250 0.100000 0.133333
0 0.635938 0.185417 0.100000 0.133333
0 0.710938 0.818750 0.100000 0.133333
0 0.314063 0.120833 0.100000 0.133333
0 0.564063 0.554167 0.100000 0.133333
0 0.576562 0.808333 0.100000 0.133333
0 0.107813 0.304167 0.100000 0.133333
0 0.301563 0.164583 0.100000 0.133333
0 0.662500 0.093750 0.100000 0.133333
0 0.335938 0.695833 0.100000 0.133333
0 0.620313 0.181250 0.100000 0.133333
0 0.442188 0.229167 0.100000 0.133333
0 0.523438 0.850000 0.100000 0.133333
0 0.889062 0.150000 0.100000 0.133333
0 0.234375 0.252083 0.100000 0.133333
0 0.698438 0.500000 0.100000 0.133333
0 0.217188 0.727083 0.100000 0.133333
0 0.268750 0.627083 0.100000 0.133333
0 0.101562 0.643750 0.100000 0.133333
0 0.362500 0.435417 0.100000 0.133333
0 0.793750 0.083333 0.100000 0.133333
0 0.214062 0.627083 0.100000 0.133333
0 0.262500 0.629167 0.100000 0.133333
0 0.656250 0.462500 0.100000 0.133333
0 0.853125 0.118750 0.100000 0.133333
0 0.500000 0.225000 0.100000 0.133333
0 0.265625 0.702083 0.100000 0.133333
0 0.800000 0.314583 0.100000 0.133333
0 0.496875 0.143750 0.100000 0.133333
0 0.881250 0.458333 0.100000 0.133333
0 0.221875 0.339583 0.100000 0.133333
0 0.215625 0.562500 0.100000 0.133333
0 0.271875 0.418750 0.100000 0.133333
0 0.735938 0.679167 0.100000 0.133333
0 0.450000 0.447917 0.100000 0.133333
0 0.693750 0.314583 0.100000 0.133333
0 0.743750 0.606250 0.100000 0.133333
0 0.643750 0.866667 0.100000 0.133333
0 0.870313 0.706250 0.100000 0.133333
0 0.181250 0.389583 0.100000 0.133333
0 0.439063 0.650000 0.100000 0.133333
0 0.779687 0.802083 0.100000 0.133333
0 0.398438 0.120833 0.100000 0.133333
0 0.318750 0.079167 0.100000 0.133333
0 0.851562 0.683333 0.100000 0.133333
0 0.826562 0.783333 0.100000 0.133333
0 0.432812 0.677083 0.100000 0.133333
0 0.168750 0.489583 0.100000 0.133333
0 0.540625 0.618750 0.100000 0.133333
0 0.842187 0.735417 0.100000 0.133333
0 0.567187 0.402083 0.100000 0.133333
0 0.228125 0.889583 0.100000 0.133333
0 0.525000 0.797917 0.100000 0.133333
0 0.885938 0.862500 0.100000 0.133333
0 0.221875 0.550000 0.100000 0.133333
0 0.167187 0.783333 0.100000 0.133333
0 0.764062 0.687500 0.100000 0.133333
0 0.714063 0.341667 0.100000 0.133333
0 0.414062 0.275000 0.100000 0.133333
0 0.596875 0.293750 0.100000 0.133333
0 0.660937 0.072917 0.100000 0.133333
0 0.370312 0.802083 0.100000 0.133333
1 0.382812 0.587500 0.100000 0.133333
1 0.215625 0.658333 0.100000 0.133333
1 0.742188 0.868750 0.100000 0.133333
1 0.306250 0.447917 0.100000 0.133333
1 0.618750 0.335417 0.100000 0.133333
