0 0.557813 0.460417 0.100000 0.133333
0 0.659375 0.093750 0.100000 0.133333
0 0.609375 0.668750 0.100000 0.133333
0 0.135937 0.595833 0.100000 0.133333
0 0.643750 0.714583 0.100000 0.133333
0 0.507812 0.210417 0.100000 0.133333
0 0.878125 0.383333 0.100000 0.133333
0 0.154688 0.814583 0.100000 0.133333
0 0.864062 0.466667 0.100000 0.133333
0 0.500000 0.841667 0.100000 0.133333
0 0.803125 0.589583 0.100000 0.133333
0 0.471875 0.683333 0.100000 0.133333
0 0.604688 0.595833 0.100000 0.133333
0 0.129688 0.085417 0.100000 0.133333
0 0.648438 0.197917 0.100000 0.133333
0 0.179688 0.295833 0.100000 0.133333
0 0.365625 0.135417 0.100000 0.133333
0 0.407813 0.339583 0.100000 0.133333
0 0.778125 0.518750 0.100000 0.133333
0 0.120313 0.845833 0.100000 0.133333
0 0.825000 0.150000 0.100000 0.133333
0 0.326562 0.162500 0.100000 0.133333
0 0.239063 0.408333 0.100000 0.133333
0 0.656250 0.085417 0.100000 0.133333
0 0.223438 0.550000 0.100000 0.133333
0 0.262500 0.193750 0.100000 0.133333
0 0.501563 0.218750 0.100000 0.133333
0 0.578125 0.279167 0.100000 0.133333
0 0.160938 0.864583 0.100000 0.133333
0 0.615625 0.283333 0.100000 0.133333
0 0.889062 0.741667 0.100000 0.133333
0 0.551562 0.129167 0.100000 0.133333
0 0.820312 0.725000 0.100000 0.133333
0 0.451562 0.202083 0.100000 0.133333
0 0.631250 0.610417 0.100000 0.133333
0 0.164062 0.077083 0.100000 0.133333
0 0.534375 0.470833 0.100000 0.133333
0 0.567187 0.887500 0.100000 0.133333
0 0.651563 0.197917 0.100000 0.133333
0 0.570312 0.670833 0.100000 0.133333
0 0.143750 0.266667 0.100000 0.133333
0 0.751563 0.502083 0.100000 0.133333
0 0.796875 0.260417 0.100000 0.133333
0 0.214062 0.775000 0.100000 0.133333
0 0.362500 0.645833 0.100000 0.133333
0 0.878125 0.735417 0.100000 0.133333
0 0.343750 0.606250 0.100000 0.133333
0 0.614062 0.525000 0.100000 0.133333
0 0.732812 0.183333 0.100000 0.133333
0 0.609375 0.652083 0.100000 0.133333
0 0.543750 0.187500 0.100000 0.133333
0 0.273438 0.818750 0.100000 0.133333
0 0.726562 0.279167 0.100000 0.133333
0 0.337500 0.437500 0.100000 0.133333
0 0.767188 0.306250 0.100000 0.133333
0 0.770312 0.270833 0.100000 0.133333
0 0.598437 0.106250 0.100000 0.133333
0 0.420312 0.212500 0.100000 0.133333
0 0.353125 0.379167 0.100000 0.133333
0 0.115625 0.260417 0.100000 0.133333
0 0.387500 0.339583 0.100000 0.133333
0 0.770312 0.381250 0.100000 0.133333
0 0.882812 0.764583 0.100000 0.133333
0 0.468750 0.183333 0.100000 0.133333
0 0.835938 0.206250 0.100000 0.133333
0 0.129688 0.650000 0.100000 0.133333
0 0.795312 0.389583 0.100000 0.133333
0 0.525000 0.322917 0.100000 0.133333
0 0.532813 0.572917 0.100000 0.133333
0 0.585938 0.797917 0.100000 0.133333
0 0.542188 0.095833 0.100000 0.133333
0 0.803125 0.120833 0.100000 0.133333
0 0.232813 0.433333 0.100000 0.133333
0 0.223438 0.143750 0.100000 0.133333
0 0.726562 0.404167 0.100000 0.133333
0 0.543750 0.175000 0.100000 0.133333
0 0.698438 0.572917 0.100000 0.133333
0 0.510938 0.445833 0.100000 0.133333
0 0.815625 0.747917 0.100000 0.133333
0 0.735938 0.185417 0.100000 0.133333
0 0.728125 0.147917 0.100000 0.133333
0 0.310937 0.368750 0.100000 0.133333
0 0.782813 0.472917 0.100000 0.133333
0 0.757812 0.254167 0.100000 0.133333
0 0.859375 0.814583 0.100000 0.133333
0 0.235937 0.689583 0.100000 0.133333
0 0.334375 0.302083 0.100000 0.133333
0 0.342187 0.381250 0.100000 0.133333
0 0.509375 0.147917 0.100000 0.133333
0 0.646875 0.843750 0.100000 0.133333
0 0.250000 0.318750 0.100000 0.133333
0 0.892188 0.114583 0.100000 0.133333
0 0.862500 0.325000 0.100000 0.133333
0 0.828125 0.297917 0.100000 0.133333
0 0.506250 0.381250 0.100000 0.133333
0 0.332813 0.581250 0.100000 0.133333
0 0.298438 0.752083 0.100000 0.133333
0 0.848437 0.412500 0.100000 0.133333
0 0.546875 0.785417 0.100000 0.133333
0 0.300000 0.472917 0.100000 0.133333
0 0.614062 0.812500 0.100000 0.133333
0 0.589063 0.497917 0.100000 0.133333
0 0.531250 0.441667 0.100000 0.133333
0 0.712500 0.535417 0.100000 0.133333
0 0.617188 0.539583 0.100000 0.133333
0 0.198437 0.422917 0.100000 0.133333
0 0.259375 0.672917 0.100000 0.133333
0 0.757812 0.252083 0.100000 0.133333
0 0.382812 0.512500 0.100000 0.133333
0 0.301563 0.333333 0.100000 0.133333
0 0.410938 0.350000 0.100000 0.133333
0 0.882812 0.787500 0.100000 0.133333
0 0.892188 0.289583 0.100000 0.133333
0 0.835938 0.285417 0.100000 0.133333
0 0.279687 0.420833 0.100000 0.133333
0 0.531250 0.333333 0.100000 0.133333
0 0.885938 0.660417 0.100000 0.133333
0 0.775000 0.720833 0.100000 0.133333
0 0.551562 0.827083 0.100000 0.133333
0 0.898438 0.295833 0.100000 0.133333
0 0.701562 0.472917 0.100000 0.133333
0 0.587500 0.610417 0.100000 0.133333
0 0.854688 0.487500 0.100000 0.133333
0 0.407813 0.562500 0.100000 0.133333
0 0.465625 0.160417 0.100000 0.133333
0 0.657813 0.287500 0.100000 0.133333
0 0.293750 0.212500 0.100000 0.133333
0 0.676562 0.391667 0.100000 0.133333
0 0.520312 0.654167 0.100000 0.133333
0 0.206250 0.716667 0.100000 0.133333
0 0.806250 0.547917 0.100000 0.133333
0 0.571875 0.752083 0.100000 0.133333
0 0.178125 0.856250 0.100000 0.133333
0 0.228125 0.783333 0.100000 0.133333
0 0.506250 0.518750 0.100000 0.133333
0 0.262500 0.762500 0.100000 0.133333
0 0.570312 0.560417 0.100000 0.133333
0 0.660937 0.237500 0.100000 0.133333
0 0.278125 0.535417 0.100000 0.133333
0 0.367188 0.329167 0.100000 0.133333
0 0.789062 0.604167 0.100000 0.133333
0 0.785937 0.239583 0.100000 0.133333
0 0.523438 0.245833 0.100000 0.133333
0 0.462500 0.681250 0.100000 0.133333
0 0.703125 0.081250 0.100000 0.133333
0 0.868750 0.695833 0.100000 0.133333
0 0.484375 0.139583 0.100000 0.133333
0 0.332813 0.364583 0.100000 0.133333
0 0.212500 0.162500 0.100000 0.133333
0 0.285938 0.712500 0.100000 0.133333
1 0.331250 0.118750 0.100000 0.133333
1 0.904687 0.864583 0.100000 0.133333
1 0.135937 0.293750 0.100000 0.133333
1 0.735938 0.487500 0.100000 0.133333
1 0.239063 0.529167 0.100000 0.133333
