0 0.135937 0.737500 0.100000 0.133333
0 0.695312 0.787500 0.100000 0.133333
0 0.250000 0.272917 0.100000 0.133333
0 0.451562 0.620833 0.100000 0.133333
0 0.173437 0.700000 0.100000 0.133333
0 0.343750 0.531250 0.100000 0.133333
0 0.532813 0.802083 0.100000 0.133333
0 0.156250 0.447917 0.100000 0.133333
0 0.865625 0.812500 0.100000 0.133333
0 0.507812 0.404167 0.100000 0.133333
0 0.157812 0.091667 0.100000 0.133333
0 0.826562 0.775000 0.100000 0.133333
0 0.389062 0.735417 0.100000 0.133333
0 0.360938 0.579167 0.100000 0.133333
0 0.562500 0.233333 0.100000 0.133333
0 0.826562 0.452083 0.100000 0.133333
0 0.810937 0.677083 0.100000 0.133333
0 0.581250 0.616667 0.100000 0.133333
0 0.785937 0.406250 0.100000 0.133333
0 0.535937 0.266667 0.100000 0.133333
0 0.375000 0.485417 0.100000 0.133333
0 0.492188 0.287500 0.100000 0.133333
0 0.617188 0.458333 0.100000 0.133333
0 0.537500 0.581250 0.100000 0.133333
0 0.659375 0.670833 0.100000 0.133333
0 0.218750 0.560417 0.100000 0.133333
0 0.859375 0.806250 0.100000 0.133333
0 0.842187 0.570833 0.100000 0.133333
0 0.640625 0.795833 0.100000 0.133333
0 0.584375 0.493750 0.100000 0.133333
0 0.376563 0.652083 0.100000 0.133333
0 0.520312 0.391667 0.100000 0.133333
0 0.367188 0.472917 0.100000 0.133333
0 0.396875 0.493750 0.100000 0.133333
0 0.264062 0.533333 0.100000 0.133333
0 0.837500 0.858333 0.100000 0.133333
0 0.587500 0.806250 0.100000 0.133333
0 0.351562 0.847917 0.100000 0.133333
0 0.304688 0.564583 0.100000 0.133333
0 0.767188 0.612500 0.100000 0.133333
0 0.685937 0.881250 0.100000 0.133333
0 0.207813 0.114583 0.100000 0.133333
0 0.625000 0.120833 0.100000 0.133333
0 0.721875 0.837500 0.100000 0.133333
0 0.846875 0.783333 0.100000 0.133333
0 0.368750 0.887500 0.100000 0.133333
0 0.900000 0.654167 0.100000 0.133333
0 0.285938 0.487500 0.100000 0.133333
0 0.164062 0.654167 0.100000 0.133333
0 0.721875 0.545833 0.100000 0.133333
0 0.520312 0.360417 0.100000 0.133333
0 0.262500 0.283333 0.100000 0.133333
0 0.276562 0.285417 0.100000 0.133333
0 0.635938 0.527083 0.100000 0.133333
0 0.800000 0.364583 0.100000 0.133333
0 0.798438 0.402083 0.100000 0.133333
0 0.768750 0.883333 0.100000 0.133333
0 0.237500 0.172917 0.100000 0.133333
0 0.235937 0.666667 0.100000 0.133333
0 0.243750 0.506250 0.100000 0.133333
0 0.860938 0.158333 0.100000 0.133333
0 0.170313 0.683333 0.100000 0.133333
0 0.670312 0.872917 0.100000 0.133333
0 0.462500 0.854167 0.100000 0.133333
0 0.457813 0.381250 0.100000 0.133333
0 0.401562 0.366667 0.100000 0.133333
0 0.457813 0.412500 0.100000 0.133333
0 0.781250 0.593750 0.100000 0.133333
0 0.542188 0.129167 0.100000 0.133333
0 0.457813 0.550000 0.100000 0.133333
0 0.257812 0.539583 0.100000 0.133333
0 0.326562 0.133333 0.100000 0.133333
0 0.348438 0.464583 0.100000 0.133333
0 0.462500 0.725000 0.100000 0.133333
0 0.567187 0.581250 0.100000 0.133333
0 0.225000 0.664583 0.100000 0.133333
0 0.235937 0.366667 0.100000 0.133333
0 0.190625 0.618750 0.100000 0.133333
0 0.129688 0.781250 0.100000 0.133333
0 0.117188 0.518750 0.100000 0.133333
0 0.603125 0.775000 0.100000 0.133333
0 0.246875 0.172917 0.100000 0.133333
0 0.668750 0.812500 0.100000 0.133333
0 0.681250 0.356250 0.100000 0.133333
0 0.112500 0.700000 0.100000 0.133333
0 0.751563 0.418750 0.100000 0.133333
0 0.834375 0.689583 0.100000 0.133333
0 0.676562 0.383333 0.100000 0.133333
0 0.367188 0.483333 0.100000 0.133333
0 0.237500 0.495833 0.100000 0.133333
0 0.868750 0.125000 0.100000 0.133333
0 0.804688 0.245833 0.100000 0.133333
0 0.310937 0.502083 0.100000 0.133333
0 0.542188 0.810417 0.100000 0.133333
0 0.570312 0.343750 0.100000 0.133333
0 0.682813 0.614583 0.100000 0.133333
0 0.121875 0.166667 0.100000 0.133333
0 0.789062 0.791667 0.100000 0.133333
0 0.345313 0.662500 0.100000 0.133333
0 0.773438 0.654167 0.100000 0.133333
0 0.232813 0.185417 0.100000 0.133333
0 0.371875 0.589583 0.100000 0.133333
0 0.607812 0.775000 0.100000 0.133333
0 0.437500 0.343750 0.100000 0.133333
0 0.843750 0.158333 0.100000 0.133333
0 0.551562 0.191667 0.100000 0.133333
0 0.784375 0.752083 0.100000 0.133333
0 0.176563 0.435417 0.100000 0.133333
0 0.625000 0.370833 0.100000 0.133333
0 0.509375 0.427083 0.100000 0.133333
0 0.387500 0.500000 0.100000 0.133333
0 0.826562 0.258333 0.100000 0.133333
0 0.676562 0.095833 0.100000 0.133333
0 0.107813 0.554167 0.100000 0.133333
0 0.117188 0.529167 0.100000 0.133333
0 0.726562 0.677083 0.100000 0.133333
0 0.381250 0.077083 0.100000 0.133333
0 0.360938 0.368750 0.100000 0.133333
0 0.156250 0.379167 0.100000 0.133333
0 0.800000 0.762500 0.100000 0.133333
0 0.406250 0.135417 0.100000 0.133333
0 0.250000 0.852083 0.100000 0.133333
0 0.373437 0.410417 0.100000 0.133333
0 0.832812 0.868750 0.100000 0.133333
0 0.450000 0.385417 0.100000 0.133333
0 0.217188 0.295833 0.100000 0.133333
0 0.567187 0.264583 0.100000 0.133333
0 0.320312 0.125000 0.100000 0.133333
0 0.151562 0.093750 0.100000 0.133333
0 0.321875 0.150000 0.100000 0.133333
0 0.401562 0.785417 0.100000 0.133333
0 0.137500 0.545833 0.100000 0.133333
0 0.731250 0.520833 0.100000 0.133333
0 0.821875 0.600000 0.100000 0.133333
0 0.342187 0.714583 0.100000 0.133333
0 0.696875 0.412500 0.100000 0.133333
0 0.321875 0.720833 0.100000 0.133333
0 0.479687 0.754167 0.100000 0.133333
0 0.412500 0.608333 0.100000 0.133333
0 0.196875 0.229167 0.100000 0.133333
0 0.415625 0.816667 0.100000 0.133333
0 0.885938 0.618750 0.100000 0.133333
0 0.231250 0.870833 0.100000 0.133333
0 0.117188 0.497917 0.100000 0.133333
0 0.239063 0.420833 0.100000 0.133333
0 0.323437 0.135417 0.100000 0.133333
0 0.878125 0.637500 0.100000 0.133333
0 0.850000 0.308333 0.100000 0.133333
0 0.714063 0.581250 0.100000 0.133333
0 0.168750 0.658333 0.100000 0.133333
1 0.781250 0.089583 0.100000 0.133333
1 0.364063 0.487500 0.100000 0.133333
1 0.393750 0.737500 0.100000 0.133333
1 0.279687 0.906250 0.100000 0.133333
1 0.250000 0.254167 0.100000 0.133333
