0 0.740625 0.562500 0.100000 0.133333
0 0.398438 0.891667 0.100000 0.133333
0 0.618750 0.122917 0.100000 0.133333
0 0.776563 0.404167 0.100000 0.133333
0 0.332813 0.714583 0.100000 0.133333
0 0.212500 0.452083 0.100000 0.133333
0 0.832812 0.550000 0.100000 0.133333
0 0.362500 0.875000 0.100000 0.133333
0 0.660937 0.372917 0.100000 0.133333
0 0.229687 0.404167 0.100000 0.133333
0 0.381250 0.341667 0.100000 0.133333
0 0.834375 0.297917 0.100000 0.133333
0 0.165625 0.683333 0.100000 0.133333
0 0.381250 0.339583 0.100000 0.133333
0 0.398438 0.193750 0.100000 0.133333
0 0.715625 0.877083 0.100000 0.133333
0 0.525000 0.543750 0.100000 0.133333
0 0.560937 0.712500 0.100000 0.133333
0 0.215625 0.243750 0.100000 0.133333
0 0.609375 0.202083 0.100000 0.133333
0 0.889062 0.810417 0.100000 0.133333
0 0.773438 0.258333 0.100000 0.133333
0 0.846875 0.277083 0.100000 0.133333
0 0.193750 0.256250 0.100000 0.133333
0 0.567187 0.879167 0.100000 0.133333
0 0.168750 0.462500 0.100000 0.133333
0 0.592187 0.587500 0.100000 0.133333
0 0.382812 0.722917 0.100000 0.133333
0 0.110937 0.218750 0.100000 0.133333
0 0.639062 0.414583 0.100000 0.133333
0 0.676562 0.762500 0.100000 0.133333
0 0.400000 0.077083 0.100000 0.133333
0 0.487500 0.872917 0.100000 0.133333
0 0.900000 0.141667 0.100000 0.133333
0 0.326562 0.647917 0.100000 0.133333
0 0.740625 0.306250 0.100000 0.133333
0 0.643750 0.641667 0.100000 0.133333
0 0.864062 0.566667 0.100000 0.133333
0 0.743750 0.262500 0.100000 0.133333
0 0.703125 0.866667 0.100000 0.133333
0 0.548438 0.450000 0.100000 0.133333
0 0.465625 0.812500 0.100000 0.133333
0 0.770312 0.710417 0.100000 0.133333
0 0.879687 0.468750 0.100000 0.133333
0 0.256250 0.456250 0.100000 0.133333
0 0.375000 0.377083 0.100000 0.133333
0 0.681250 0.502083 0.100000 0.133333
0 0.203125 0.520833 0.100000 0.133333
0 0.235937 0.160417 0.100000 0.133333
0 0.654687 0.104167 0.100000 0.133333
0 0.546875 0.131250 0.100000 0.133333
0 0.682813 0.741667 0.100000 0.133333
0 0.739062 0.360417 0.100000 0.133333
0 0.385937 0.093750 0.100000 0.133333
0 0.634375 0.485417 0.100000 0.133333
0 0.223438 0.585417 0.100000 0.133333
0 0.412500 0.091667 0.100000 0.133333
0 0.567187 0.566667 0.100000 0.133333
0 0.681250 0.345833 0.100000 0.133333
0 0.667188 0.320833 0.100000 0.133333
0 0.684375 0.539583 0.100000 0.133333
0 0.612500 0.441667 0.100000 0.133333
0 0.334375 0.727083 0.100000 0.133333
0 0.307812 0.075000 0.100000 0.133333
0 0.704688 0.691667 0.100000 0.133333
0 0.484375 0.602083 0.100000 0.133333
0 0.607812 0.741667 0.100000 0.133333
0 0.482812 0.422917 0.100000 0.133333
0 0.687500 0.179167 0.100000 0.133333
0 0.489063 0.518750 0.100000 0.133333
0 0.698438 0.327083 0.100000 0.133333
0 0.760938 0.608333 0.100000 0.133333
0 0.653125 0.643750 0.100000 0.133333
0 0.790625 0.258333 0.100000 0.133333
0 0.717187 0.250000 0.100000 0.133333
0 0.804688 0.543750 0.100000 0.133333
0 0.431250 0.166667 0.100000 0.133333
0 0.115625 0.762500 0.100000 0.133333
0 0.426563 0.575000 0.100000 0.133333
0 0.687500 0.866667 0.100000 0.133333
0 0.253125 0.283333 0.100000 0.133333
0 0.331250 0.422917 0.100000 0.133333
0 0.234375 0.281250 0.100000 0.133333
0 0.860938 0.464583 0.100000 0.133333
0 0.576562 0.683333 0.100000 0.133333
0 0.182812 0.322917 0.100000 0.133333
0 0.112500 0.387500 0.100000 0.133333
0 0.850000 0.297917 0.100000 0.133333
0 0.803125 0.600000 0.100000 0.133333
0 0.629687 0.662500 0.100000 0.133333
0 0.143750 0.614583 0.100000 0.133333
0 0.728125 0.102083 0.100000 0.133333
0 0.590625 0.100000 0.100000 0.133333
0 0.889062 0.429167 0.100000 0.133333
0 0.587500 0.364583 0.100000 0.133333
0 0.456250 0.243750 0.100000 0.133333
0 0.607812 0.614583 0.100000 0.133333
0 0.143750 0.518750 0.100000 0.133333
0 0.535937 0.252083 0.100000 0.133333
0 0.607812 0.191667 0.100000 0.133333
0 0.279687 0.597917 0.100000 0.133333
0 0.757812 0.693750 0.100000 0.133333
0 0.156250 0.647917 0.100000 0.133333
0 0.493750 0.127083 0.100000 0.133333
0 0.312500 0.368750 0.100000 0.133333
0 0.464062 0.722917 0.100000 0.133333
0 0.170313 0.087500 0.100000 0.133333
0 0.231250 0.512500 0.100000 0.133333
0 0.653125 0.410417 0.100000 0.133333
0 0.665625 0.706250 0.100000 0.133333
0 0.539062 0.604167 0.100000 0.133333
0 0.743750 0.862500 0.100000 0.133333
0 0.592187 0.106250 0.100000 0.133333
0 0.862500 0.377083 0.100000 0.133333
0 0.556250 0.541667 0.100000 0.133333
0 0.417187 0.597917 0.100000 0.133333
0 0.551562 0.222917 0.100000 0.133333
0 0.217188 0.739583 0.100000 0.133333
0 0.890625 0.310417 0.100000 0.133333
0 0.306250 0.389583 0.100000 0.133333
0 0.678125 0.379167 0.100000 0.133333
0 0.656250 0.687500 0.100000 0.133333
0 0.434375 0.350000 0.100000 0.133333
0 0.426563 0.820833 0.100000 0.133333
0 0.456250 0.410417 0.100000 0.133333
0 0.468750 0.233333 0.100000 0.133333
0 0.482812 0.804167 0.100000 0.133333
0 0.582812 0.718750 0.100000 0.133333
0 0.160938 0.816667 0.100000 0.133333
0 0.131250 0.402083 0.100000 0.133333
0 0.264062 0.191667 0.100000 0.133333
0 0.129688 0.312500 0.100000 0.133333
0 0.329688 0.252083 0.100000 0.133333
0 0.554688 0.541667 0.100000 0.133333
0 0.746875 0.772917 0.100000 0.133333
0 0.739062 0.547917 0.100000 0.133333
0 0.703125 0.587500 0.100000 0.133333
0 0.225000 0.164583 0.100000 0.133333
0 0.837500 0.225000 0.100000 0.133333
0 0.515625 0.716667 0.100000 0.133333
0 0.656250 0.720833 0.100000 0.133333
0 0.373437 0.629167 0.100000 0.133333
0 0.482812 0.714583 0.100000 0.133333
0 0.832812 0.293750 0.100000 0.133333
0 0.360938 0.252083 0.100000 0.133333
0 0.245312 0.266667 0.100000 0.133333
0 0.509375 0.139583 0.100000 0.133333
0 0.326562 0.272917 0.100000 0.133333
0 0.898438 0.256250 0.100000 0.133333
0 0.807813 0.735417 0.100000 0.133333
1 0.764062 0.800000 0.100000 0.133333
1 0.431250 0.225000 0.100000 0.133333
1 0.828125 0.393750 0.100000 0.133333
1 0.482812 0.472917 0.100000 0.133333
1 0.429688 0.379167 0.100000 0.133333
