0 0.301563 0.133333 0.100000 0.133333
0 0.875000 0.350000 0.100000 0.133333
0 0.228125 0.262500 0.100000 0.133333
0 0.673438 0.766667 0.100000 0.133333
0 0.387500 0.764583 0.100000 0.133333
0 0.664062 0.481250 0.100000 0.133333
0 0.329688 0.252083 0.100000 0.133333
0 0.207813 0.129167 0.100000 0.133333
0 0.243750 0.070833 0.100000 0.133333
0 0.778125 0.554167 0.100000 0.133333
0 0.234375 0.358333 0.100000 0.133333
0 0.529687 0.602083 0.100000 0.133333
0 0.717187 0.858333 0.100000 0.133333
0 0.759375 0.318750 0.100000 0.133333
0 0.800000 0.395833 0.100000 0.133333
0 0.132812 0.527083 0.100000 0.133333
0 0.487500 0.091667 0.100000 0.133333
0 0.309375 0.887500 0.100000 0.133333
0 0.193750 0.331250 0.100000 0.133333
0 0.142187 0.331250 0.100000 0.133333
0 0.345313 0.729167 0.100000 0.133333
0 0.756250 0.489583 0.100000 0.133333
0 0.551562 0.762500 0.100000 0.133333
0 0.203125 0.212500 0.100000 0.133333
0 0.551562 0.720833 0.100000 0.133333
0 0.379688 0.845833 0.100000 0.133333
0 0.409375 0.633333 0.100000 0.133333
0 0.660937 0.762500 0.100000 0.133333
0 0.753125 0.870833 0.100000 0.133333
0 0.289062 0.683333 0.100000 0.133333
0 0.629687 0.127083 0.100000 0.133333
0 0.596875 0.285417 0.100000 0.133333
0 0.528125 0.091667 0.100000 0.133333
0 0.617188 0.550000 0.100000 0.133333
0 0.576562 0.397917 0.100000 0.133333
0 0.618750 0.418750 0.100000 0.133333
0 0.157812 0.666667 0.100000 0.133333
0 0.376563 0.408333 0.100000 0.133333
0 0.576562 0.300000 0.100000 0.133333
0 0.817187 0.179167 0.100000 0.133333
0 0.407813 0.504167 0.100000 0.133333
0 0.350000 0.625000 0.100000 0.133333
0 0.189062 0.556250 0.100000 0.133333
0 0.671875 0.577083 0.100000 0.133333
0 0.335938 0.581250 0.100000 0.133333
0 0.810937 0.506250 0.100000 0.133333
0 0.531250 0.100000 0.100000 0.133333
0 0.176563 0.737500 0.100000 0.133333
0 0.890625 0.797917 0.100000 0.133333
0 0.857812 0.545833 0.100000 0.133333
0 0.157812 0.672917 0.100000 0.133333
0 0.635938 0.235417 0.100000 0.133333
0 0.510938 0.641667 0.100000 0.133333
0 0.254688 0.431250 0.100000 0.133333
0 0.654687 0.308333 0.100000 0.133333
0 0.250000 0.083333 0.100000 0.133333
0 0.510938 0.547917 0.100000 0.133333
0 0.318750 0.302083 0.100000 0.133333
0 0.192188 0.877083 0.100000 0.133333
0 0.589063 0.545833 0.100000 0.133333
0 0.334375 0.779167 0.100000 0.133333
0 0.223438 0.483333 0.100000 0.133333
0 0.779687 0.825000 0.100000 0.133333
0 0.745313 0.193750 0.100000 0.133333
0 0.820312 0.793750 0.100000 0.133333
0 0.479687 0.487500 0.100000 0.133333
0 0.162500 0.889583 0.100000 0.133333
0 0.532813 0.504167 0.100000 0.133333
0 0.893750 0.508333 0.100000 0.133333
0 0.173437 0.425000 0.100000 0.133333
0 0.781250 0.527083 0.100000 0.133333
0 0.359375 0.629167 0.100000 0.133333
0 0.753125 0.068750 0.100000 0.133333
0 0.893750 0.150000 0.100000 0.133333
0 0.778125 0.462500 0.100000 0.133333
0 0.882812 0.833333 0.100000 0.133333
0 0.279687 0.533333 0.100000 0.133333
0 0.710938 0.181250 0.100000 0.133333
0 0.410938 0.227083 0.100000 0.133333
0 0.131250 0.818750 0.100000 0.133333
0 0.646875 0.145833 0.100000 0.133333
0 0.770312 0.835417 0.100000 0.133333
0 0.584375 0.633333 0.100000 0.133333
0 0.450000 0.764583 0.100000 0.133333
0 0.587500 0.422917 0.100000 0.133333
0 0.484375 0.252083 0.100000 0.133333
0 0.751563 0.858333 0.100000 0.133333
0 0.354687 0.168750 0.100000 0.133333
0 0.696875 0.758333 0.100000 0.133333
0 0.521875 0.264583 0.100000 0.133333
0 0.303125 0.562500 0.100000 0.133333
0 0.270313 0.250000 0.100000 0.133333
0 0.648438 0.810417 0.100000 0.133333
0 0.332813 0.806250 0.100000 0.133333
0 0.400000 0.793750 0.100000 0.133333
0 0.562500 0.243750 0.100000 0.133333
0 0.381250 0.216667 0.100000 0.133333
0 0.818750 0.127083 0.100000 0.133333
0 0.195312 0.104167 0.100000 0.133333
0 0.801562 0.091667 0.100000 0.133333
0 0.106250 0.289583 0.100000 0.133333
0 0.412500 0.139583 0.100000 0.133333
0 0.495312 0.597917 0.100000 0.133333
0 0.364063 0.737500 0.100000 0.133333
0 0.400000 0.262500 0.100000 0.133333
0 0.131250 0.187500 0.100000 0.133333
0 0.475000 0.770833 0.100000 0.133333
0 0.406250 0.885417 0.100000 0.133333
0 0.514062 0.864583 0.100000 0.133333
0 0.439063 0.491667 0.100000 0.133333
0 0.150000 0.845833 0.100000 0.133333
0 0.275000 0.877083 0.100000 0.133333
0 0.365625 0.581250 0.100000 0.133333
0 0.332813 0.822917 0.100000 0.133333
0 0.887500 0.737500 0.100000 0.133333
0 0.643750 0.852083 0.100000 0.133333
0 0.156250 0.804167 0.100000 0.133333
0 0.485938 0.418750 0.100000 0.133333
0 0.845313 0.645833 0.100000 0.133333
0 0.410938 0.802083 0.100000 0.133333
0 0.131250 0.152083 0.100000 0.133333
0 0.171875 0.329167 0.100000 0.133333
0 0.409375 0.637500 0.100000 0.133333
0 0.817187 0.193750 0.100000 0.133333
0 0.592187 0.108333 0.100000 0.133333
0 0.512500 0.481250 0.100000 0.133333
0 0.789062 0.325000 0.100000 0.133333
0 0.507812 0.550000 0.100000 0.133333
0 0.721875 0.681250 0.100000 0.133333
0 0.873437 0.445833 0.100000 0.133333
0 0.800000 0.329167 0.100000 0.133333
0 0.271875 0.670833 0.100000 0.133333
0 0.707812 0.581250 0.100000 0.133333
0 0.825000 0.320833 0.100000 0.133333
0 0.610938 0.645833 0.100000 0.133333
0 0.239063 0.141667 0.100000 0.133333
0 0.285938 0.379167 0.100000 0.133333
0 0.720313 0.670833 0.100000 0.133333
0 0.889062 0.685417 0.100000 0.133333
0 0.292187 0.608333 0.100000 0.133333
0 0.518750 0.764583 0.100000 0.133333
0 0.389062 0.785417 0.100000 0.133333
0 0.787500 0.097917 0.100000 0.133333
0 0.504687 0.343750 0.100000 0.133333
0 0.518750 0.158333 0.100000 0.133333
0 0.871875 0.481250 0.100000 0.133333
0 0.334375 0.408333 0.100000 0.133333
0 0.159375 0.427083 0.100000 0.133333
0 0.584375 0.741667 0.100000 0.133333
0 0.260937 0.354167 0.100000 0.133333
1 0.625000 0.141667 0.100000 0.133333
1 0.468750 0.664583 0.100000 0.133333
1 0.834375 0.812500 0.100000 0.133333
1 0.175000 0.585417 0.100000 0.133333
1 0.815625 0.925000 0.100000 0.133333
