0 0.614062 0.366667 0.100000 0.133333
0 0.539062 0.833333 0.100000 0.133333
0 0.410938 0.720833 0.100000 0.133333
0 0.237500 0.693750 0.100000 0.133333
0 0.357812 0.108333 0.100000 0.133333
0 0.375000 0.447917 0.100000 0.133333
0 0.209375 0.575000 0.100000 0.133333
0 0.487500 0.556250 0.100000 0.133333
0 0.323437 0.689583 0.100000 0.133333
0 0.570312 0.262500 0.100000 0.133333
0 0.404687 0.089583 0.100000 0.133333
0 0.429688 0.597917 0.100000 0.133333
0 0.257812 0.343750 0.100000 0.133333
0 0.770312 0.554167 0.100000 0.133333
0 0.837500 0.495833 0.100000 0.133333
0 0.690625 0.483333 0.100000 0.133333
0 0.362500 0.731250 0.100000 0.133333
0 0.279687 0.829167 0.100000 0.133333
0 0.620313 0.522917 0.100000 0.133333
0 0.262500 0.833333 0.100000 0.133333
0 0.570312 0.777083 0.100000 0.133333
0 0.457813 0.152083 0.100000 0.133333
0 0.676562 0.393750 0.100000 0.133333
0 0.501563 0.364583 0.100000 0.133333
0 0.368750 0.422917 0.100000 0.133333
0 0.243750 0.535417 0.100000 0.133333
0 0.321875 0.189583 0.100000 0.133333
0 0.437500 0.583333 0.100000 0.133333
0 0.735938 0.608333 0.100000 0.133333
0 0.534375 0.320833 0.100000 0.133333
0 0.779687 0.679167 0.100000 0.133333
0 0.793750 0.418750 0.100000 0.133333
0 0.239063 0.881250 0.100000 0.133333
0 0.743750 0.437500 0.100000 0.133333
0 0.228125 0.091667 0.100000 0.133333
0 0.404687 0.662500 0.100000 0.133333
0 0.192188 0.160417 0.100000 0.133333
0 0.114062 0.539583 0.100000 0.133333
0 0.171875 0.775000 0.100000 0.133333
0 0.595313 0.572917 0.100000 0.133333
0 0.745313 0.270833 0.100000 0.133333
0 0.818750 0.727083 0.100000 0.133333
0 0.881250 0.750000 0.100000 0.133333
0 0.771875 0.597917 0.100000 0.133333
0 0.843750 0.562500 0.100000 0.133333
0 0.853125 0.318750 0.100000 0.133333
0 0.823438 0.500000 0.100000 0.133333
0 0.764062 0.633333 0.100000 0.133333
0 0.178125 0.714583 0.100000 0.133333
0 0.793750 0.312500 0.100000 0.133333
0 0.879687 0.656250 0.100000 0.133333
0 0.520312 0.858333 0.100000 0.133333
0 0.154688 0.887500 0.100000 0.133333
0 0.612500 0.795833 0.100000 0.133333
0 0.768750 0.079167 0.100000 0.133333
0 0.301563 0.179167 0.100000 0.133333
0 0.281250 0.660417 0.100000 0.133333
0 0.118750 0.579167 0.100000 0.133333
0 0.542188 0.331250 0.100000 0.133333
0 0.118750 0.175000 0.100000 0.133333
0 0.507812 0.233333 0.100000 0.133333
0 0.650000 0.770833 0.100000 0.133333
0 0.857812 0.664583 0.100000 0.133333
0 0.676562 0.652083 0.100000 0.133333
0 0.523438 0.685417 0.100000 0.133333
0 0.523438 0.185417 0.100000 0.133333
0 0.628125 0.208333 0.100000 0.133333
0 0.687500 0.733333 0.100000 0.133333
0 0.246875 0.164583 0.100000 0.133333
0 0.132812 0.077083 0.100000 0.133333
0 0.831250 0.233333 0.100000 0.133333
0 0.151562 0.675000 0.100000 0.133333
0 0.296875 0.508333 0.100000 0.133333
0 0.690625 0.487500 0.100000 0.133333
0 0.239063 0.252083 0.100000 0.133333
0 0.556250 0.525000 0.100000 0.133333
0 0.384375 0.702083 0.100000 0.133333
0 0.231250 0.166667 0.100000 0.133333
0 0.726562 0.129167 0.100000 0.133333
0 0.501563 0.362500 0.100000 0.133333
0 0.671875 0.745833 0.100000 0.133333
0 0.828125 0.887500 0.100000 0.133333
0 0.135937 0.485417 0.100000 0.133333
0 0.807813 0.160417 0.100000 0.133333
0 0.642188 0.372917 0.100000 0.133333
0 0.179688 0.233333 0.100000 0.133333
0 0.696875 0.827083 0.100000 0.133333
0 0.128125 0.785417 0.100000 0.133333
0 0.612500 0.177083 0.100000 0.133333
0 0.667188 0.172917 0.100000 0.133333
0 0.214062 0.885417 0.100000 0.133333
0 0.820312 0.135417 0.100000 0.133333
0 0.551562 0.806250 0.100000 0.133333
0 0.823438 0.429167 0.100000 0.133333
0 0.318750 0.643750 0.100000 0.133333
0 0.121875 0.837500 0.100000 0.133333
0 0.400000 0.810417 0.100000 0.133333
0 0.773438 0.789583 0.100000 0.133333
0 0.329688 0.089583 0.100000 0.133333
0 0.362500 0.829167 0.100000 0.133333
0 0.692187 0.670833 0.100000 0.133333
0 0.651563 0.616667 0.100000 0.133333
0 0.600000 0.535417 0.100000 0.133333
0 0.478125 0.285417 0.100000 0.133333
0 0.512500 0.235417 0.100000 0.133333
0 0.593750 0.097917 0.100000 0.133333
0 0.720313 0.470833 0.100000 0.133333
0 0.867188 0.220833 0.100000 0.133333
0 0.151562 0.160417 0.100000 0.133333
0 0.671875 0.329167 0.100000 0.133333
0 0.867188 0.600000 0.100000 0.133333
0 0.714063 0.327083 0.100000 0.133333
0 0.715625 0.181250 0.100000 0.133333
0 0.168750 0.241667 0.100000 0.133333
0 0.779687 0.808333 0.100000 0.133333
0 0.357812 0.854167 0.100000 0.133333
0 0.675000 0.275000 0.100000 0.133333
0 0.823438 0.443750 0.100000 0.133333
0 0.290625 0.602083 0.100000 0.133333
0 0.514062 0.258333 0.100000 0.133333
0 0.101562 0.156250 0.100000 0.133333
0 0.521875 0.370833 0.100000 0.133333
0 0.482812 0.562500 0.100000 0.133333
0 0.553125 0.170833 0.100000 0.133333
0 0.364063 0.575000 0.100000 0.133333
0 0.560937 0.731250 0.100000 0.133333
0 0.842187 0.229167 0.100000 0.133333
0 0.459375 0.377083 0.100000 0.133333
0 0.151562 0.891667 0.100000 0.133333
0 0.117188 0.350000 0.100000 0.133333
0 0.776563 0.445833 0.100000 0.133333
0 0.803125 0.883333 0.100000 0.133333
0 0.670312 0.514583 0.100000 0.133333
0 0.143750 0.810417 0.100000 0.133333
0 0.556250 0.175000 0.100000 0.133333
0 0.773438 0.187500 0.100000 0.133333
0 0.814063 0.441667 0.100000 0.133333
0 0.387500 0.160417 0.100000 0.133333
0 0.548438 0.279167 0.100000 0.133333
0 0.632812 0.410417 0.100000 0.133333
0 0.731250 0.429167 0.100000 0.133333
0 0.323437 0.843750 0.100000 0.133333
0 0.431250 0.695833 0.100000 0.133333
0 0.240625 0.397917 0.100000 0.133333
0 0.687500 0.764583 0.100000 0.133333
0 0.340625 0.079167 0.100000 0.133333
0 0.840625 0.414583 0.100000 0.133333
0 0.387500 0.543750 0.100000 0.133333
0 0.656250 0.600000 0.100000 0.133333
0 0.610938 0.256250 0.100000 0.133333
1 0.945312 0.875000 0.100000 0.133333
1 0.584375 0.902083 0.100000 0.133333
1 0.328125 0.087500 0.100000 0.133333
1 0.209375 0.375000 0.100000 0.133333
1 0.610938 0.372917 0.100000 0.133333
