0 0.518750 0.245833 0.100000 0.133333
0 0.793750 0.672917 0.100000 0.133333
0 0.265625 0.079167 0.100000 0.133333
0 0.842187 0.300000 0.100000 0.133333
0 0.156250 0.845833 0.100000 0.133333
0 0.687500 0.535417 0.100000 0.133333
0 0.389062 0.450000 0.100000 0.133333
0 0.235937 0.602083 0.100000 0.133333
0 0.276562 0.689583 0.100000 0.133333
0 0.539062 0.745833 0.100000 0.133333
0 0.762500 0.800000 0.100000 0.133333
0 0.276562 0.762500 0.100000 0.133333
0 0.654687 0.583333 0.100000 0.133333
0 0.568750 0.681250 0.100000 0.133333
0 0.665625 0.227083 0.100000 0.133333
0 0.179688 0.564583 0.100000 0.133333
0 0.670312 0.402083 0.100000 0.133333
0 0.893750 0.362500 0.100000 0.133333
0 0.607812 0.797917 0.100000 0.133333
0 0.493750 0.747917 0.100000 0.133333
0 0.645312 0.839583 0.100000 0.133333
0 0.739062 0.731250 0.100000 0.133333
0 0.721875 0.295833 0.100000 0.133333
0 0.578125 0.635417 0.100000 0.133333
0 0.103125 0.350000 0.100000 0.133333
0 0.356250 0.508333 0.100000 0.133333
0 0.304688 0.160417 0.100000 0.133333
0 0.660937 0.516667 0.100000 0.133333
0 0.814063 0.660417 0.100000 0.133333
0 0.634375 0.560417 0.100000 0.133333
0 0.860938 0.518750 0.100000 0.133333
0 0.854688 0.727083 0.100000 0.133333
0 0.804688 0.172917 0.100000 0.133333
0 0.640625 0.554167 0.100000 0.133333
0 0.604688 0.814583 0.100000 0.133333
0 0.195312 0.100000 0.100000 0.133333
0 0.551562 0.083333 0.100000 0.133333
0 0.142187 0.322917 0.100000 0.133333
0 0.681250 0.814583 0.100000 0.133333
0 0.793750 0.306250 0.100000 0.133333
0 0.900000 0.343750 0.100000 0.133333
0 0.384375 0.708333 0.100000 0.133333
0 0.450000 0.383333 0.100000 0.133333
0 0.139063 0.135417 0.100000 0.133333
0 0.132812 0.866667 0.100000 0.133333
0 0.389062 0.229167 0.100000 0.133333
0 0.390625 0.414583 0.100000 0.133333
0 0.259375 0.593750 0.100000 0.133333
0 0.835938 0.347917 0.100000 0.133333
0 0.457813 0.175000 0.100000 0.133333
0 0.585938 0.666667 0.100000 0.133333
0 0.225000 0.739583 0.100000 0.133333
0 0.845313 0.462500 0.100000 0.133333
0 0.562500 0.362500 0.100000 0.133333
0 0.482812 0.660417 0.100000 0.133333
0 0.214062 0.162500 0.100000 0.133333
0 0.321875 0.722917 0.100000 0.133333
0 0.639062 0.454167 0.100000 0.133333
0 0.412500 0.745833 0.100000 0.133333
0 0.800000 0.468750 0.100000 0.133333
0 0.350000 0.641667 0.100000 0.133333
0 0.615625 0.202083 0.100000 0.133333
0 0.425000 0.289583 0.100000 0.133333
0 0.689063 0.320833 0.100000 0.133333
0 0.143750 0.343750 0.100000 0.133333
0 0.596875 0.285417 0.100000 0.133333
0 0.762500 0.658333 0.100000 0.133333
0 0.234375 0.645833 0.100000 0.133333
0 0.134375 0.529167 0.100000 0.133333
0 0.370312 0.441667 0.100000 0.133333
0 0.681250 0.508333 0.100000 0.133333
0 0.187500 0.316667 0.100000 0.133333
0 0.370312 0.427083 0.100000 0.133333
0 0.585938 0.252083 0.100000 0.133333
0 0.562500 0.318750 0.100000 0.133333
0 0.151562 0.508333 0.100000 0.133333
0 0.823438 0.829167 0.100000 0.133333
0 0.371875 0.208333 0.100000 0.133333
0 0.579688 0.191667 0.100000 0.133333
0 0.250000 0.658333 0.100000 0.133333
0 0.428125 0.233333 0.100000 0.133333
0 0.762500 0.335417 0.100000 0.133333
0 0.567187 0.458333 0.100000 0.133333
0 0.290625 0.300000 0.100000 0.133333
0 0.254688 0.741667 0.100000 0.133333
0 0.253125 0.454167 0.100000 0.133333
0 0.581250 0.779167 0.100000 0.133333
0 0.178125 0.302083 0.100000 0.133333
0 0.579688 0.129167 0.100000 0.133333
0 0.753125 0.581250 0.100000 0.133333
0 0.378125 0.862500 0.100000 0.133333
0 0.567187 0.683333 0.100000 0.133333
0 0.457813 0.591667 0.100000 0.133333
0 0.859375 0.345833 0.100000 0.133333
0 0.501563 0.335417 0.100000 0.133333
0 0.307812 0.539583 0.100000 0.133333
0 0.542188 0.102083 0.100000 0.133333
0 0.235937 0.877083 0.100000 0.133333
0 0.714063 0.356250 0.100000 0.133333
0 0.392188 0.854167 0.100000 0.133333
0 0.389062 0.656250 0.100000 0.133333
0 0.776563 0.220833 0.100000 0.133333
0 0.773438 0.406250 0.100000 0.133333
0 0.321875 0.081250 0.100000 0.133333
0 0.423438 0.322917 0.100000 0.133333
0 0.115625 0.170833 0.100000 0.133333
0 0.462500 0.458333 0.100000 0.133333
0 0.770312 0.210417 0.100000 0.133333
0 0.642188 0.743750 0.100000 0.133333
0 0.335938 0.320833 0.100000 0.133333
0 0.725000 0.200000 0.100000 0.133333
0 0.718750 0.712500 0.100000 0.133333
0 0.882812 0.664583 0.100000 0.133333
0 0.140625 0.220833 0.100000 0.133333
0 0.162500 0.664583 0.100000 0.133333
0 0.134375 0.485417 0.100000 0.133333
0 0.515625 0.572917 0.100000 0.133333
0 0.176563 0.550000 0.100000 0.133333
0 0.334375 0.681250 0.100000 0.133333
0 0.337500 0.664583 0.100000 0.133333
0 0.729688 0.727083 0.100000 0.133333
0 0.198437 0.291667 0.100000 0.133333
0 0.542188 0.554167 0.100000 0.133333
0 0.215625 0.768750 0.100000 0.133333
0 0.882812 0.281250 0.100000 0.133333
0 0.123438 0.183333 0.100000 0.133333
0 0.725000 0.568750 0.100000 0.133333
0 0.293750 0.577083 0.100000 0.133333
0 0.392188 0.214583 0.100000 0.133333
0 0.367188 0.679167 0.100000 0.133333
0 0.378125 0.200000 0.100000 0.133333
0 0.668750 0.779167 0.100000 0.133333
0 0.718750 0.077083 0.100000 0.133333
0 0.298438 0.352083 0.100000 0.133333
0 0.140625 0.300000 0.100000 0.133333
0 0.710938 0.802083 0.100000 0.133333
0 0.860938 0.410417 0.100000 0.133333
0 0.726562 0.289583 0.100000 0.133333
0 0.231250 0.441667 0.100000 0.133333
0 0.242188 0.714583 0.100000 0.133333
0 0.118750 0.733333 0.100000 0.133333
0 0.795312 0.850000 0.100000 0.133333
0 0.714063 0.247917 0.100000 0.133333
0 0.885938 0.818750 0.100000 0.133333
0 0.201563 0.314583 0.100000 0.133333
0 0.401562 0.656250 0.100000 0.133333
0 0.615625 0.100000 0.100000 0.133333
0 0.317188 0.300000 0.100000 0.133333
0 0.223438 0.877083 0.100000 0.133333
0 0.543750 0.077083 0.100000 0.133333
1 0.137500 0.237500 0.100000 0.133333
1 0.750000 0.204167 0.100000 0.133333
1 0.076563 0.441667 0.100000 0.133333
1 0.737500 0.516667 0.100000 0.133333
1 0.378125 0.462500 0.100000 0.133333
