0 0.785937 0.620833 0.100000 0.133333
0 0.168750 0.706250 0.100000 0.133333
0 0.665625 0.666667 0.100000 0.133333
0 0.259375 0.710417 0.100000 0.133333
0 0.518750 0.631250 0.100000 0.133333
0 0.248438 0.283333 0.100000 0.133333
0 0.225000 0.754167 0.100000 0.133333
0 0.898438 0.587500 0.100000 0.133333
0 0.296875 0.487500 0.100000 0.133333
0 0.468750 0.747917 0.100000 0.133333
0 0.192188 0.089583 0.100000 0.133333
0 0.553125 0.083333 0.100000 0.133333
0 0.825000 0.491667 0.100000 0.133333
0 0.709375 0.589583 0.100000 0.133333
0 0.310937 0.616667 0.100000 0.133333
0 0.196875 0.735417 0.100000 0.133333
0 0.321875 0.302083 0.100000 0.133333
0 0.868750 0.068750 0.100000 0.133333
0 0.809375 0.666667 0.100000 0.133333
0 0.873437 0.810417 0.100000 0.133333
0 0.843750 0.847917 0.100000 0.133333
0 0.406250 0.777083 0.100000 0.133333
0 0.881250 0.108333 0.100000 0.133333
0 0.281250 0.608333 0.100000 0.133333
0 0.389062 0.089583 0.100000 0.133333
0 0.317188 0.633333 0.100000 0.133333
0 0.353125 0.737500 0.100000 0.133333
0 0.187500 0.433333 0.100000 0.133333
0 0.237500 0.633333 0.100000 0.133333
0 0.410938 0.693750 0.100000 0.133333
0 0.651563 0.833333 0.100000 0.133333
0 0.257812 0.468750 0.100000 0.133333
0 0.225000 0.527083 0.100000 0.133333
0 0.278125 0.497917 0.100000 0.133333
0 0.143750 0.470833 0.100000 0.133333
0 0.853125 0.170833 0.100000 0.133333
0 0.457813 0.231250 0.100000 0.133333
0 0.251563 0.720833 0.100000 0.133333
0 0.318750 0.800000 0.100000 0.133333
0 0.751563 0.250000 0.100000 0.133333
0 0.107813 0.722917 0.100000 0.133333
0 0.148438 0.204167 0.100000 0.133333
0 0.625000 0.300000 0.100000 0.133333
0 0.285938 0.766667 0.100000 0.133333
0 0.760938 0.158333 0.100000 0.133333
0 0.623437 0.243750 0.100000 0.133333
0 0.310937 0.368750 0.100000 0.133333
0 0.354687 0.312500 0.100000 0.133333
0 0.115625 0.070833 0.100000 0.133333
0 0.867188 0.597917 0.100000 0.133333
0 0.232813 0.362500 0.100000 0.133333
0 0.773438 0.818750 0.100000 0.133333
0 0.634375 0.764583 0.100000 0.133333
0 0.525000 0.250000 0.100000 0.133333
0 0.348438 0.483333 0.100000 0.133333
0 0.731250 0.702083 0.100000 0.133333
0 0.454688 0.518750 0.100000 0.133333
0 0.607812 0.883333 0.100000 0.133333
0 0.832812 0.400000 0.100000 0.133333
0 0.662500 0.706250 0.100000 0.133333
0 0.143750 0.318750 0.100000 0.133333
0 0.754687 0.341667 0.100000 0.133333
0 0.781250 0.708333 0.100000 0.133333
0 0.250000 0.789583 0.100000 0.133333
0 0.456250 0.618750 0.100000 0.133333
0 0.607812 0.072917 0.100000 0.133333
0 0.598437 0.797917 0.100000 0.133333
0 0.620313 0.666667 0.100000 0.133333
0 0.168750 0.870833 0.100000 0.133333
0 0.723437 0.350000 0.100000 0.133333
0 0.787500 0.387500 0.100000 0.133333
0 0.210938 0.777083 0.100000 0.133333
0 0.229687 0.279167 0.100000 0.133333
0 0.723437 0.645833 0.100000 0.133333
0 0.146875 0.868750 0.100000 0.133333
0 0.490625 0.639583 0.100000 0.133333
0 0.773438 0.247917 0.100000 0.133333
0 0.803125 0.831250 0.100000 0.133333
0 0.628125 0.670833 0.100000 0.133333
0 0.634375 0.789583 0.100000 0.133333
0 0.740625 0.741667 0.100000 0.133333
0 0.500000 0.645833 0.100000 0.133333
0 0.760938 0.293750 0.100000 0.133333
0 0.478125 0.475000 0.100000 0.133333
0 0.153125 0.179167 0.100000 0.133333
0 0.387500 0.472917 0.100000 0.133333
0 0.781250 0.081250 0.100000 0.133333
0 0.689063 0.368750 0.100000 0.133333
0 0.864062 0.418750 0.100000 0.133333
0 0.592187 0.195833 0.100000 0.133333
0 0.207813 0.189583 0.100000 0.133333
0 0.281250 0.654167 0.100000 0.133333
0 0.551562 0.333333 0.100000 0.133333
0 0.462500 0.710417 0.100000 0.133333
0 0.889062 0.252083 0.100000 0.133333
0 0.295312 0.289583 0.100000 0.133333
0 0.520312 0.370833 0.100000 0.133333
0 0.767188 0.595833 0.100000 0.133333
0 0.325000 0.356250 0.100000 0.133333
0 0.154688 0.483333 0.100000 0.133333
0 0.492188 0.229167 0.100000 0.133333
0 0.701562 0.137500 0.100000 0.133333
0 0.146875 0.362500 0.100000 0.133333
0 0.890625 0.768750 0.100000 0.133333
0 0.709375 0.345833 0.100000 0.133333
0 0.423438 0.531250 0.100000 0.133333
0 0.618750 0.564583 0.100000 0.133333
0 0.517188 0.147917 0.100000 0.133333
0 0.192188 0.389583 0.100000 0.133333
0 0.557813 0.120833 0.100000 0.133333
0 0.318750 0.289583 0.100000 0.133333
0 0.401562 0.643750 0.100000 0.133333
0 0.396875 0.660417 0.100000 0.133333
0 0.348438 0.533333 0.100000 0.133333
0 0.867188 0.550000 0.100000 0.133333
0 0.490625 0.747917 0.100000 0.133333
0 0.157812 0.172917 0.100000 0.133333
0 0.351562 0.502083 0.100000 0.133333
0 0.429688 0.214583 0.100000 0.133333
0 0.798438 0.197917 0.100000 0.133333
0 0.167187 0.418750 0.100000 0.133333
0 0.126562 0.183333 0.100000 0.133333
0 0.193750 0.552083 0.100000 0.133333
0 0.139063 0.818750 0.100000 0.133333
0 0.203125 0.518750 0.100000 0.133333
0 0.478125 0.700000 0.100000 0.133333
0 0.407813 0.385417 0.100000 0.133333
0 0.784375 0.835417 0.100000 0.133333
0 0.815625 0.560417 0.100000 0.133333
0 0.492188 0.822917 0.100000 0.133333
0 0.871875 0.541667 0.100000 0.133333
0 0.687500 0.729167 0.100000 0.133333
0 0.471875 0.189583 0.100000 0.133333
0 0.798438 0.685417 0.100000 0.133333
0 0.726562 0.304167 0.100000 0.133333
0 0.526563 0.685417 0.100000 0.133333
0 0.407813 0.685417 0.100000 0.133333
0 0.739062 0.345833 0.100000 0.133333
0 0.776563 0.429167 0.100000 0.133333
0 0.115625 0.414583 0.100000 0.133333
0 0.609375 0.450000 0.100000 0.133333
0 0.248438 0.189583 0.100000 0.133333
0 0.462500 0.502083 0.100000 0.133333
0 0.826562 0.466667 0.100000 0.133333
0 0.348438 0.129167 0.100000 0.133333
0 0.707812 0.077083 0.100000 0.133333
0 0.400000 0.593750 0.100000 0.133333
0 0.798438 0.777083 0.100000 0.133333
0 0.515625 0.512500 0.100000 0.133333
0 0.825000 0.627083 0.100000 0.133333
1 0.710938 0.077083 0.100000 0.133333
1 0.265625 0.835417 0.100000 0.133333
1 0.231250 0.158333 0.100000 0.133333
1 0.667188 0.397917 0.100000 0.133333
1 0.518750 0.387500 0.100000 0.133333
