0 0.673438 0.687500 0.100000 0.133333
0 0.726562 0.581250 0.100000 0.133333
0 0.889062 0.408333 0.100000 0.133333
0 0.429688 0.562500 0.100000 0.133333
0 0.221875 0.522917 0.100000 0.133333
0 0.612500 0.862500 0.100000 0.133333
0 0.446875 0.785417 0.100000 0.133333
0 0.276562 0.791667 0.100000 0.133333
0 0.445312 0.704167 0.100000 0.133333
0 0.542188 0.364583 0.100000 0.133333
0 0.198437 0.456250 0.100000 0.133333
0 0.684375 0.366667 0.100000 0.133333
0 0.404687 0.566667 0.100000 0.133333
0 0.473438 0.291667 0.100000 0.133333
0 0.359375 0.456250 0.100000 0.133333
0 0.703125 0.664583 0.100000 0.133333
0 0.895312 0.741667 0.100000 0.133333
0 0.542188 0.729167 0.100000 0.133333
0 0.459375 0.754167 0.100000 0.133333
0 0.301563 0.202083 0.100000 0.133333
0 0.420312 0.537500 0.100000 0.133333
0 0.240625 0.820833 0.100000 0.133333
0 0.584375 0.695833 0.100000 0.133333
0 0.596875 0.170833 0.100000 0.133333
0 0.320312 0.731250 0.100000 0.133333
0 0.164062 0.770833 0.100000 0.133333
0 0.785937 0.454167 0.100000 0.133333
0 0.864062 0.812500 0.100000 0.133333
0 0.367188 0.800000 0.100000 0.133333
0 0.185938 0.456250 0.100000 0.133333
0 0.140625 0.393750 0.100000 0.133333
0 0.796875 0.175000 0.100000 0.133333
0 0.760938 0.135417 0.100000 0.133333
0 0.303125 0.460417 0.100000 0.133333
0 0.523438 0.800000 0.100000 0.133333
0 0.528125 0.860417 0.100000 0.133333
0 0.648438 0.645833 0.100000 0.133333
0 0.495312 0.462500 0.100000 0.133333
0 0.264062 0.254167 0.100000 0.133333
0 0.798438 0.247917 0.100000 0.133333
0 0.500000 0.650000 0.100000 0.133333
0 0.304688 0.327083 0.100000 0.133333
0 0.364063 0.439583 0.100000 0.133333
0 0.410938 0.752083 0.100000 0.133333
0 0.746875 0.833333 0.100000 0.133333
0 0.679688 0.675000 0.100000 0.133333
0 0.473438 0.839583 0.100000 0.133333
0 0.673438 0.743750 0.100000 0.133333
0 0.489063 0.200000 0.100000 0.133333
0 0.440625 0.135417 0.100000 0.133333
0 0.618750 0.216667 0.100000 0.133333
0 0.525000 0.864583 0.100000 0.133333
0 0.762500 0.214583 0.100000 0.133333
0 0.146875 0.227083 0.100000 0.133333
0 0.764062 0.160417 0.100000 0.133333
0 0.706250 0.256250 0.100000 0.133333
0 0.573438 0.575000 0.100000 0.133333
0 0.864062 0.412500 0.100000 0.133333
0 0.273438 0.366667 0.100000 0.133333
0 0.107813 0.331250 0.100000 0.133333
0 0.831250 0.604167 0.100000 0.133333
0 0.806250 0.822917 0.100000 0.133333
0 0.834375 0.516667 0.100000 0.133333
0 0.678125 0.729167 0.100000 0.133333
0 0.868750 0.287500 0.100000 0.133333
0 0.765625 0.579167 0.100000 0.133333
0 0.271875 0.233333 0.100000 0.133333
0 0.731250 0.414583 0.100000 0.133333
0 0.621875 0.641667 0.100000 0.133333
0 0.260937 0.214583 0.100000 0.133333
0 0.762500 0.841667 0.100000 0.133333
0 0.603125 0.627083 0.100000 0.133333
0 0.560937 0.262500 0.100000 0.133333
0 0.359375 0.850000 0.100000 0.133333
0 0.554688 0.635417 0.100000 0.133333
0 0.101562 0.604167 0.100000 0.133333
0 0.506250 0.558333 0.100000 0.133333
0 0.478125 0.495833 0.100000 0.133333
0 0.257812 0.139583 0.100000 0.133333
0 0.868750 0.427083 0.100000 0.133333
0 0.281250 0.718750 0.100000 0.133333
0 0.284375 0.789583 0.100000 0.133333
0 0.498437 0.829167 0.100000 0.133333
0 0.101562 0.150000 0.100000 0.133333
0 0.556250 0.677083 0.100000 0.133333
0 0.360938 0.708333 0.100000 0.133333
0 0.623437 0.658333 0.100000 0.133333
0 0.843750 0.327083 0.100000 0.133333
0 0.454688 0.543750 0.100000 0.133333
0 0.707812 0.556250 0.100000 0.133333
0 0.556250 0.254167 0.100000 0.133333
0 0.746875 0.427083 0.100000 0.133333
0 0.292187 0.183333 0.100000 0.133333
0 0.553125 0.539583 0.100000 0.133333
0 0.376563 0.072917 0.100000 0.133333
0 0.534375 0.612500 0.100000 0.133333
0 0.300000 0.441667 0.100000 0.133333
0 0.898438 0.477083 0.100000 0.133333
0 0.525000 0.591667 0.100000 0.133333
0 0.206250 0.137500 0.100000 0.133333
0 0.454688 0.583333 0.100000 0.133333
0 0.354687 0.527083 0.100000 0.133333
0 0.292187 0.504167 0.100000 0.133333
0 0.853125 0.395833 0.100000 0.133333
0 0.131250 0.483333 0.100000 0.133333
0 0.212500 0.610417 0.100000 0.133333
0 0.676562 0.264583 0.100000 0.133333
0 0.535937 0.437500 0.100000 0.133333
0 0.414062 0.670833 0.100000 0.133333
0 0.776563 0.168750 0.100000 0.133333
0 0.515625 0.825000 0.100000 0.133333
0 0.365625 0.183333 0.100000 0.133333
0 0.221875 0.537500 0.100000 0.133333
0 0.668750 0.700000 0.100000 0.133333
0 0.773438 0.310417 0.100000 0.133333
0 0.840625 0.354167 0.100000 0.133333
0 0.173437 0.777083 0.100000 0.133333
0 0.760938 0.391667 0.100000 0.133333
0 0.743750 0.502083 0.100000 0.133333
0 0.718750 0.075000 0.100000 0.133333
0 0.865625 0.164583 0.100000 0.133333
0 0.479687 0.610417 0.100000 0.133333
0 0.726562 0.233333 0.100000 0.133333
0 0.329688 0.797917 0.100000 0.133333
0 0.721875 0.300000 0.100000 0.133333
0 0.681250 0.589583 0.100000 0.133333
0 0.803125 0.793750 0.100000 0.133333
0 0.578125 0.387500 0.100000 0.133333
0 0.664062 0.764583 0.100000 0.133333
0 0.370312 0.356250 0.100000 0.133333
0 0.846875 0.766667 0.100000 0.133333
0 0.104688 0.729167 0.100000 0.133333
0 0.898438 0.658333 0.100000 0.133333
0 0.368750 0.362500 0.100000 0.133333
0 0.221875 0.181250 0.100000 0.133333
0 0.156250 0.877083 0.100000 0.133333
0 0.771875 0.729167 0.100000 0.133333
0 0.651563 0.327083 0.100000 0.133333
0 0.585938 0.077083 0.100000 0.133333
0 0.648438 0.070833 0.100000 0.133333
0 0.335938 0.768750 0.100000 0.133333
0 0.693750 0.270833 0.100000 0.133333
0 0.112500 0.870833 0.100000 0.133333
0 0.626563 0.281250 0.100000 0.133333
0 0.707812 0.685417 0.100000 0.133333
0 0.785937 0.883333 0.100000 0.133333
0 0.885938 0.564583 0.100000 0.133333
0 0.617188 0.152083 0.100000 0.133333
0 0.779687 0.722917 0.100000 0.133333
0 0.768750 0.566667 0.100000 0.133333
1 0.195312 0.672917 0.100000 0.133333
1 0.696875 0.872917 0.100000 0.133333
1 0.629687 0.237500 0.100000 0.133333
1 0.435937 0.708333 0.100000 0.133333
1 0.084375 0.316667 0.100000 0.133333
