0 0.620313 0.568750 0.100000 0.133333
0 0.667188 0.139583 0.100000 0.133333
0 0.870313 0.710417 0.100000 0.133333
0 0.368750 0.579167 0.100000 0.133333
0 0.417187 0.335417 0.100000 0.133333
0 0.640625 0.350000 0.100000 0.133333
0 0.743750 0.697917 0.100000 0.133333
0 0.498437 0.112500 0.100000 0.133333
0 0.573438 0.247917 0.100000 0.133333
0 0.575000 0.391667 0.100000 0.133333
0 0.384375 0.075000 0.100000 0.133333
0 0.700000 0.441667 0.100000 0.133333
0 0.370312 0.193750 0.100000 0.133333
0 0.634375 0.158333 0.100000 0.133333
0 0.506250 0.422917 0.100000 0.133333
0 0.600000 0.554167 0.100000 0.133333
0 0.367188 0.658333 0.100000 0.133333
0 0.364063 0.479167 0.100000 0.133333
0 0.110937 0.816667 0.100000 0.133333
0 0.164062 0.283333 0.100000 0.133333
0 0.167187 0.141667 0.100000 0.133333
0 0.759375 0.489583 0.100000 0.133333
0 0.593750 0.508333 0.100000 0.133333
0 0.298438 0.147917 0.100000 0.133333
0 0.437500 0.808333 0.100000 0.133333
0 0.148438 0.425000 0.100000 0.133333
0 0.707812 0.829167 0.100000 0.133333
0 0.259375 0.087500 0.100000 0.133333
0 0.743750 0.662500 0.100000 0.133333
0 0.548438 0.531250 0.100000 0.133333
0 0.407813 0.081250 0.100000 0.133333
0 0.889062 0.835417 0.100000 0.133333
0 0.875000 0.216667 0.100000 0.133333
0 0.395313 0.833333 0.100000 0.133333
0 0.220312 0.804167 0.100000 0.133333
0 0.829688 0.397917 0.100000 0.133333
0 0.339062 0.322917 0.100000 0.133333
0 0.832812 0.595833 0.100000 0.133333
0 0.520312 0.137500 0.100000 0.133333
0 0.226562 0.604167 0.100000 0.133333
0 0.435937 0.856250 0.100000 0.133333
0 0.625000 0.295833 0.100000 0.133333
0 0.762500 0.662500 0.100000 0.133333
0 0.851562 0.154167 0.100000 0.133333
0 0.617188 0.266667 0.100000 0.133333
0 0.106250 0.106250 0.100000 0.133333
0 0.714063 0.731250 0.100000 0.133333
0 0.275000 0.366667 0.100000 0.133333
0 0.604688 0.814583 0.100000 0.133333
0 0.437500 0.187500 0.100000 0.133333
0 0.442188 0.481250 0.100000 0.133333
0 0.845313 0.554167 0.100000 0.133333
0 0.148438 0.566667 0.100000 0.133333
0 0.568750 0.706250 0.100000 0.133333
0 0.225000 0.695833 0.100000 0.133333
0 0.579688 0.197917 0.100000 0.133333
0 0.482812 0.081250 0.100000 0.133333
0 0.806250 0.577083 0.100000 0.133333
0 0.762500 0.327083 0.100000 0.133333
0 0.535937 0.856250 0.100000 0.133333
0 0.204687 0.197917 0.100000 0.133333
0 0.501563 0.075000 0.100000 0.133333
0 0.437500 0.208333 0.100000 0.133333
0 0.442188 0.087500 0.100000 0.133333
0 0.196875 0.550000 0.100000 0.133333
0 0.356250 0.418750 0.100000 0.133333
0 0.267188 0.662500 0.100000 0.133333
0 0.507812 0.116667 0.100000 0.133333
0 0.385937 0.654167 0.100000 0.133333
0 0.531250 0.233333 0.100000 0.133333
0 0.303125 0.864583 0.100000 0.133333
0 0.225000 0.443750 0.100000 0.133333
0 0.609375 0.639583 0.100000 0.133333
0 0.475000 0.225000 0.100000 0.133333
0 0.578125 0.441667 0.100000 0.133333
0 0.862500 0.479167 0.100000 0.133333
0 0.821875 0.310417 0.100000 0.133333
0 0.304688 0.552083 0.100000 0.133333
0 0.806250 0.075000 0.100000 0.133333
0 0.685937 0.118750 0.100000 0.133333
0 0.514062 0.089583 0.100000 0.133333
0 0.478125 0.468750 0.100000 0.133333
0 0.871875 0.287500 0.100000 0.133333
0 0.500000 0.550000 0.100000 0.133333
0 0.796875 0.502083 0.100000 0.133333
0 0.678125 0.177083 0.100000 0.133333
0 0.345313 0.852083 0.100000 0.133333
0 0.357812 0.443750 0.100000 0.133333
0 0.204687 0.400000 0.100000 0.133333
0 0.651563 0.770833 0.100000 0.133333
0 0.489063 0.102083 0.100000 0.133333
0 0.326562 0.512500 0.100000 0.133333
0 0.887500 0.318750 0.100000 0.133333
0 0.234375 0.310417 0.100000 0.133333
0 0.157812 0.775000 0.100000 0.133333
0 0.848437 0.310417 0.100000 0.133333
0 0.604688 0.808333 0.100000 0.133333
0 0.207813 0.679167 0.100000 0.133333
0 0.281250 0.670833 0.100000 0.133333
0 0.651563 0.468750 0.100000 0.133333
0 0.850000 0.675000 0.100000 0.133333
0 0.654687 0.645833 0.100000 0.133333
0 0.831250 0.829167 0.100000 0.133333
0 0.135937 0.362500 0.100000 0.133333
0 0.832812 0.689583 0.100000 0.133333
0 0.631250 0.866667 0.100000 0.133333
0 0.196875 0.108333 0.100000 0.133333
0 0.139063 0.216667 0.100000 0.133333
0 0.871875 0.720833 0.100000 0.133333
0 0.740625 0.591667 0.100000 0.133333
0 0.139063 0.164583 0.100000 0.133333
0 0.556250 0.633333 0.100000 0.133333
0 0.623437 0.372917 0.100000 0.133333
0 0.407813 0.354167 0.100000 0.133333
0 0.485938 0.247917 0.100000 0.133333
0 0.678125 0.545833 0.100000 0.133333
0 0.339062 0.416667 0.100000 0.133333
0 0.857812 0.529167 0.100000 0.133333
0 0.703125 0.131250 0.100000 0.133333
0 0.792188 0.670833 0.100000 0.133333
0 0.162500 0.229167 0.100000 0.133333
0 0.468750 0.550000 0.100000 0.133333
0 0.276562 0.472917 0.100000 0.133333
0 0.385937 0.687500 0.100000 0.133333
0 0.379688 0.268750 0.100000 0.133333
0 0.345313 0.595833 0.100000 0.133333
0 0.842187 0.852083 0.100000 0.133333
0 0.437500 0.614583 0.100000 0.133333
0 0.729688 0.641667 0.100000 0.133333
0 0.434375 0.441667 0.100000 0.133333
0 0.401562 0.781250 0.100000 0.133333
0 0.795312 0.460417 0.100000 0.133333
0 0.259375 0.602083 0.100000 0.133333
0 0.159375 0.227083 0.100000 0.133333
0 0.812500 0.212500 0.100000 0.133333
0 0.829688 0.293750 0.100000 0.133333
0 0.698438 0.302083 0.100000 0.133333
0 0.225000 0.777083 0.100000 0.133333
0 0.884375 0.225000 0.100000 0.133333
0 0.685937 0.414583 0.100000 0.133333
0 0.407813 0.510417 0.100000 0.133333
0 0.578125 0.229167 0.100000 0.133333
0 0.792188 0.602083 0.100000 0.133333
0 0.471875 0.168750 0.100000 0.133333
0 0.879687 0.827083 0.100000 0.133333
0 0.751563 0.810417 0.100000 0.133333
0 0.215625 0.260417 0.100000 0.133333
0 0.376563 0.645833 0.100000 0.133333
0 0.814063 0.106250 0.100000 0.133333
0 0.521875 0.220833 0.100000 0.133333
1 0.121875 0.368750 0.100000 0.133333
1 0.873437 0.206250 0.100000 0.133333
1 0.710938 0.335417 0.100000 0.133333
1 0.814063 0.706250 0.100000 0.133333
1 0.845313 0.718750 0.100000 0.133333
