0 0.892188 0.135417 0.100000 0.133333
0 0.556250 0.650000 0.100000 0.133333
0 0.876563 0.281250 0.100000 0.133333
0 0.526563 0.310417 0.100000 0.133333
0 0.489063 0.212500 0.100000 0.133333
0 0.301563 0.379167 0.100000 0.133333
0 0.510938 0.685417 0.100000 0.133333
0 0.440625 0.460417 0.100000 0.133333
0 0.715625 0.375000 0.100000 0.133333
0 0.845313 0.693750 0.100000 0.133333
0 0.204687 0.177083 0.100000 0.133333
0 0.259375 0.558333 0.100000 0.133333
0 0.293750 0.195833 0.100000 0.133333
0 0.467187 0.462500 0.100000 0.133333
0 0.201563 0.210417 0.100000 0.133333
0 0.371875 0.068750 0.100000 0.133333
0 0.625000 0.558333 0.100000 0.133333
0 0.896875 0.500000 0.100000 0.133333
0 0.871875 0.654167 0.100000 0.133333
0 0.878125 0.554167 0.100000 0.133333
0 0.620313 0.427083 0.100000 0.133333
0 0.493750 0.722917 0.100000 0.133333
0 0.303125 0.133333 0.100000 0.133333
0 0.210938 0.458333 0.100000 0.133333
0 0.693750 0.804167 0.100000 0.133333
0 0.125000 0.433333 0.100000 0.133333
0 0.896875 0.516667 0.100000 0.133333
0 0.437500 0.408333 0.100000 0.133333
0 0.389062 0.368750 0.100000 0.133333
0 0.507812 0.839583 0.100000 0.133333
0 0.103125 0.795833 0.100000 0.133333
0 0.390625 0.239583 0.100000 0.133333
0 0.754687 0.508333 0.100000 0.133333
0 0.767188 0.431250 0.100000 0.133333
0 0.107813 0.075000 0.100000 0.133333
0 0.575000 0.337500 0.100000 0.133333
0 0.765625 0.410417 0.100000 0.133333
0 0.148438 0.847917 0.100000 0.133333
0 0.554688 0.227083 0.100000 0.133333
0 0.762500 0.370833 0.100000 0.133333
0 0.681250 0.118750 0.100000 0.133333
0 0.665625 0.466667 0.100000 0.133333
0 0.785937 0.700000 0.100000 0.133333
0 0.437500 0.483333 0.100000 0.133333
0 0.398438 0.356250 0.100000 0.133333
0 0.601562 0.527083 0.100000 0.133333
0 0.506250 0.462500 0.100000 0.133333
0 0.754687 0.127083 0.100000 0.133333
0 0.885938 0.691667 0.100000 0.133333
0 0.103125 0.508333 0.100000 0.133333
0 0.451562 0.891667 0.100000 0.133333
0 0.706250 0.408333 0.100000 0.133333
0 0.740625 0.327083 0.100000 0.133333
0 0.225000 0.456250 0.100000 0.133333
0 0.643750 0.135417 0.100000 0.133333
0 0.900000 0.629167 0.100000 0.133333
0 0.462500 0.841667 0.100000 0.133333
0 0.726562 0.254167 0.100000 0.133333
0 0.490625 0.741667 0.100000 0.133333
0 0.525000 0.166667 0.100000 0.133333
0 0.568750 0.116667 0.100000 0.133333
0 0.787500 0.316667 0.100000 0.133333
0 0.198437 0.604167 0.100000 0.133333
0 0.421875 0.754167 0.100000 0.133333
0 0.118750 0.341667 0.100000 0.133333
0 0.415625 0.837500 0.100000 0.133333
0 0.523438 0.179167 0.100000 0.133333
0 0.285938 0.312500 0.100000 0.133333
0 0.240625 0.135417 0.100000 0.133333
0 0.623437 0.166667 0.100000 0.133333
0 0.307812 0.102083 0.100000 0.133333
0 0.760938 0.514583 0.100000 0.133333
0 0.784375 0.787500 0.100000 0.133333
0 0.418750 0.193750 0.100000 0.133333
0 0.196875 0.477083 0.100000 0.133333
0 0.718750 0.645833 0.100000 0.133333
0 0.217188 0.439583 0.100000 0.133333
0 0.637500 0.847917 0.100000 0.133333
0 0.631250 0.489583 0.100000 0.133333
0 0.546875 0.660417 0.100000 0.133333
0 0.218750 0.393750 0.100000 0.133333
0 0.557813 0.714583 0.100000 0.133333
0 0.131250 0.097917 0.100000 0.133333
0 0.462500 0.729167 0.100000 0.133333
0 0.798438 0.079167 0.100000 0.133333
0 0.298438 0.206250 0.100000 0.133333
0 0.645312 0.385417 0.100000 0.133333
0 0.895312 0.814583 0.100000 0.133333
0 0.587500 0.147917 0.100000 0.133333
0 0.834375 0.375000 0.100000 0.133333
0 0.742188 0.843750 0.100000 0.133333
0 0.115625 0.610417 0.100000 0.133333
0 0.618750 0.100000 0.100000 0.133333
0 0.246875 0.435417 0.100000 0.133333
0 0.850000 0.089583 0.100000 0.133333
0 0.375000 0.118750 0.100000 0.133333
0 0.515625 0.631250 0.100000 0.133333
0 0.221875 0.354167 0.100000 0.133333
0 0.121875 0.822917 0.100000 0.133333
0 0.892188 0.589583 0.100000 0.133333
0 0.717187 0.081250 0.100000 0.133333
0 0.123438 0.314583 0.100000 0.133333
0 0.120313 0.512500 0.100000 0.133333
0 0.826562 0.556250 0.100000 0.133333
0 0.409375 0.447917 0.100000 0.133333
0 0.506250 0.864583 0.100000 0.133333
0 0.118750 0.602083 0.100000 0.133333
0 0.626563 0.166667 0.100000 0.133333
0 0.775000 0.412500 0.100000 0.133333
0 0.117188 0.450000 0.100000 0.133333
0 0.178125 0.516667 0.100000 0.133333
0 0.206250 0.670833 0.100000 0.133333
0 0.743750 0.335417 0.100000 0.133333
0 0.179688 0.266667 0.100000 0.133333
0 0.284375 0.408333 0.100000 0.133333
0 0.684375 0.800000 0.100000 0.133333
0 0.298438 0.577083 0.100000 0.133333
0 0.387500 0.456250 0.100000 0.133333
0 0.273438 0.397917 0.100000 0.133333
0 0.431250 0.350000 0.100000 0.133333
0 0.167187 0.722917 0.100000 0.133333
0 0.459375 0.527083 0.100000 0.133333
0 0.671875 0.568750 0.100000 0.133333
0 0.134375 0.389583 0.100000 0.133333
0 0.484375 0.368750 0.100000 0.133333
0 0.560937 0.327083 0.100000 0.133333
0 0.404687 0.362500 0.100000 0.133333
0 0.106250 0.502083 0.100000 0.133333
0 0.684375 0.620833 0.100000 0.133333
0 0.706250 0.150000 0.100000 0.133333
0 0.121875 0.687500 0.100000 0.133333
0 0.629687 0.070833 0.100000 0.133333
0 0.587500 0.475000 0.100000 0.133333
0 0.720313 0.827083 0.100000 0.133333
0 0.782813 0.589583 0.100000 0.133333
0 0.126562 0.281250 0.100000 0.133333
0 0.146875 0.845833 0.100000 0.133333
0 0.867188 0.839583 0.100000 0.133333
0 0.464062 0.462500 0.100000 0.133333
0 0.364063 0.320833 0.100000 0.133333
0 0.548438 0.381250 0.100000 0.133333
0 0.114062 0.139583 0.100000 0.133333
0 0.257812 0.177083 0.100000 0.133333
0 0.621875 0.575000 0.100000 0.133333
0 0.465625 0.343750 0.100000 0.133333
0 0.710938 0.160417 0.100000 0.133333
0 0.487500 0.875000 0.100000 0.133333
0 0.328125 0.725000 0.100000 0.133333
0 0.790625 0.550000 0.100000 0.133333
0 0.381250 0.425000 0.100000 0.133333
1 0.262500 0.239583 0.100000 0.133333
1 0.393750 0.397917 0.100000 0.133333
1 0.818750 0.300000 0.100000 0.133333
1 0.920312 0.314583 0.100000 0.133333
1 0.428125 0.618750 0.100000 0.133333
