0 0.623437 0.227083 0.100000 0.133333
0 0.685937 0.672917 0.100000 0.133333
0 0.176563 0.781250 0.100000 0.133333
0 0.590625 0.295833 0.100000 0.133333
0 0.379688 0.427083 0.100000 0.133333
0 0.878125 0.547917 0.100000 0.133333
0 0.101562 0.210417 0.100000 0.133333
0 0.181250 0.227083 0.100000 0.133333
0 0.654687 0.635417 0.100000 0.133333
0 0.817187 0.100000 0.100000 0.133333
0 0.821875 0.727083 0.100000 0.133333
0 0.493750 0.387500 0.100000 0.133333
0 0.342187 0.679167 0.100000 0.133333
0 0.793750 0.806250 0.100000 0.133333
0 0.900000 0.533333 0.100000 0.133333
0 0.682813 0.589583 0.100000 0.133333
0 0.462500 0.085417 0.100000 0.133333
0 0.425000 0.881250 0.100000 0.133333
0 0.206250 0.522917 0.100000 0.133333
0 0.296875 0.650000 0.100000 0.133333
0 0.640625 0.270833 0.100000 0.133333
0 0.485938 0.802083 0.100000 0.133333
0 0.282813 0.316667 0.100000 0.133333
0 0.114062 0.568750 0.100000 0.133333
0 0.315625 0.462500 0.100000 0.133333
0 0.703125 0.816667 0.100000 0.133333
0 0.801562 0.672917 0.100000 0.133333
0 0.110937 0.168750 0.100000 0.133333
0 0.435937 0.681250 0.100000 0.133333
0 0.153125 0.406250 0.100000 0.133333
0 0.334375 0.675000 0.100000 0.133333
0 0.514062 0.345833 0.100000 0.133333
0 0.440625 0.225000 0.100000 0.133333
0 0.468750 0.235417 0.100000 0.133333
0 0.465625 0.400000 0.100000 0.133333
0 0.592187 0.541667 0.100000 0.133333
0 0.484375 0.464583 0.100000 0.133333
0 0.470313 0.612500 0.100000 0.133333
0 0.637500 0.781250 0.100000 0.133333
0 0.109375 0.658333 0.100000 0.133333
0 0.751563 0.862500 0.100000 0.133333
0 0.437500 0.514583 0.100000 0.133333
0 0.573438 0.777083 0.100000 0.133333
0 0.245312 0.189583 0.100000 0.133333
0 0.748437 0.731250 0.100000 0.133333
0 0.325000 0.277083 0.100000 0.133333
0 0.195312 0.845833 0.100000 0.133333
0 0.348438 0.489583 0.100000 0.133333
0 0.242188 0.672917 0.100000 0.133333
0 0.609375 0.725000 0.100000 0.133333
0 0.226562 0.370833 0.100000 0.133333
0 0.692187 0.654167 0.100000 0.133333
0 0.656250 0.341667 0.100000 0.133333
0 0.618750 0.256250 0.100000 0.133333
0 0.446875 0.752083 0.100000 0.133333
0 0.571875 0.104167 0.100000 0.133333
0 0.559375 0.583333 0.100000 0.133333
0 0.295312 0.279167 0.100000 0.133333
0 0.326562 0.310417 0.100000 0.133333
0 0.320312 0.220833 0.100000 0.133333
0 0.604688 0.193750 0.100000 0.133333
0 0.626563 0.220833 0.100000 0.133333
0 0.310937 0.145833 0.100000 0.133333
0 0.507812 0.237500 0.100000 0.133333
0 0.632812 0.570833 0.100000 0.133333
0 0.118750 0.562500 0.100000 0.133333
0 0.403125 0.504167 0.100000 0.133333
0 0.739062 0.866667 0.100000 0.133333
0 0.221875 0.889583 0.100000 0.133333
0 0.853125 0.570833 0.100000 0.133333
0 0.253125 0.364583 0.100000 0.133333
0 0.746875 0.156250 0.100000 0.133333
0 0.429688 0.322917 0.100000 0.133333
0 0.189062 0.610417 0.100000 0.133333
0 0.425000 0.843750 0.100000 0.133333
0 0.618750 0.729167 0.100000 0.133333
0 0.151562 0.810417 0.100000 0.133333
0 0.364063 0.268750 0.100000 0.133333
0 0.782813 0.356250 0.100000 0.133333
0 0.621875 0.731250 0.100000 0.133333
0 0.585938 0.497917 0.100000 0.133333
0 0.745313 0.754167 0.100000 0.133333
0 0.640625 0.583333 0.100000 0.133333
0 0.800000 0.170833 0.100000 0.133333
0 0.450000 0.281250 0.100000 0.133333
0 0.423438 0.479167 0.100000 0.133333
0 0.281250 0.356250 0.100000 0.133333
0 0.396875 0.550000 0.100000 0.133333
0 0.278125 0.622917 0.100000 0.133333
0 0.276562 0.108333 0.100000 0.133333
0 0.895312 0.360417 0.100000 0.133333
0 0.460938 0.220833 0.100000 0.133333
0 0.173437 0.870833 0.100000 0.133333
0 0.518750 0.564583 0.100000 0.133333
0 0.129688 0.739583 0.100000 0.133333
0 0.270313 0.710417 0.100000 0.133333
0 0.756250 0.268750 0.100000 0.133333
0 0.135937 0.697917 0.100000 0.133333
0 0.412500 0.666667 0.100000 0.133333
0 0.851562 0.441667 0.100000 0.133333
0 0.181250 0.352083 0.100000 0.133333
0 0.551562 0.733333 0.100000 0.133333
0 0.646875 0.270833 0.100000 0.133333
0 0.206250 0.106250 0.100000 0.133333
0 0.523438 0.156250 0.100000 0.133333
0 0.671875 0.760417 0.100000 0.133333
0 0.645312 0.747917 0.100000 0.133333
0 0.526563 0.252083 0.100000 0.133333
0 0.831250 0.195833 0.100000 0.133333
0 0.662500 0.564583 0.100000 0.133333
0 0.404687 0.241667 0.100000 0.133333
0 0.209375 0.170833 0.100000 0.133333
0 0.740625 0.512500 0.100000 0.133333
0 0.612500 0.435417 0.100000 0.133333
0 0.464062 0.754167 0.100000 0.133333
0 0.306250 0.212500 0.100000 0.133333
0 0.882812 0.547917 0.100000 0.133333
0 0.517188 0.585417 0.100000 0.133333
0 0.126562 0.210417 0.100000 0.133333
0 0.401562 0.514583 0.100000 0.133333
0 0.439063 0.750000 0.100000 0.133333
0 0.412500 0.858333 0.100000 0.133333
0 0.651563 0.652083 0.100000 0.133333
0 0.726562 0.258333 0.100000 0.133333
0 0.782813 0.220833 0.100000 0.133333
0 0.606250 0.483333 0.100000 0.133333
0 0.742188 0.356250 0.100000 0.133333
0 0.379688 0.287500 0.100000 0.133333
0 0.373437 0.539583 0.100000 0.133333
0 0.139063 0.402083 0.100000 0.133333
0 0.314063 0.747917 0.100000 0.133333
0 0.293750 0.254167 0.100000 0.133333
0 0.609375 0.177083 0.100000 0.133333
0 0.235937 0.797917 0.100000 0.133333
0 0.771875 0.506250 0.100000 0.133333
0 0.312500 0.525000 0.100000 0.133333
0 0.273438 0.662500 0.100000 0.133333
0 0.646875 0.325000 0.100000 0.133333
0 0.764062 0.356250 0.100000 0.133333
0 0.376563 0.237500 0.100000 0.133333
0 0.778125 0.289583 0.100000 0.133333
0 0.740625 0.747917 0.100000 0.133333
0 0.201563 0.658333 0.100000 0.133333
0 0.289062 0.839583 0.100000 0.133333
0 0.217188 0.166667 0.100000 0.133333
0 0.409375 0.450000 0.100000 0.133333
0 0.345313 0.741667 0.100000 0.133333
0 0.217188 0.710417 0.100000 0.133333
0 0.504687 0.091667 0.100000 0.133333
0 0.496875 0.814583 0.100000 0.133333
1 0.570312 0.456250 0.100000 0.133333
1 0.721875 0.672917 0.100000 0.133333
1 0.215625 0.614583 0.100000 0.133333
1 0.759375 0.481250 0.100000 0.133333
1 0.468750 0.527083 0.100000 0.133333
