0 0.101562 0.677083 0.100000 0.133333
0 0.482812 0.077083 0.100000 0.133333
0 0.110937 0.335417 0.100000 0.133333
0 0.353125 0.343750 0.100000 0.133333
0 0.129688 0.625000 0.100000 0.133333
0 0.342187 0.097917 0.100000 0.133333
0 0.717187 0.091667 0.100000 0.133333
0 0.498437 0.500000 0.100000 0.133333
0 0.143750 0.635417 0.100000 0.133333
0 0.217188 0.181250 0.100000 0.133333
0 0.662500 0.095833 0.100000 0.133333
0 0.650000 0.212500 0.100000 0.133333
0 0.146875 0.258333 0.100000 0.133333
0 0.782813 0.739583 0.100000 0.133333
0 0.200000 0.472917 0.100000 0.133333
0 0.171875 0.660417 0.100000 0.133333
0 0.287500 0.660417 0.100000 0.133333
0 0.481250 0.381250 0.100000 0.133333
0 0.343750 0.627083 0.100000 0.133333
0 0.117188 0.222917 0.100000 0.133333
0 0.714063 0.495833 0.100000 0.133333
0 0.734375 0.631250 0.100000 0.133333
0 0.679688 0.208333 0.100000 0.133333
0 0.728125 0.643750 0.100000 0.133333
0 0.253125 0.379167 0.100000 0.133333
0 0.765625 0.858333 0.100000 0.133333
0 0.110937 0.841667 0.100000 0.133333
0 0.773438 0.406250 0.100000 0.133333
0 0.490625 0.162500 0.100000 0.133333
0 0.290625 0.787500 0.100000 0.133333
0 0.684375 0.760417 0.100000 0.133333
0 0.660937 0.395833 0.100000 0.133333
0 0.501563 0.443750 0.100000 0.133333
0 0.823438 0.293750 0.100000 0.133333
0 0.165625 0.208333 0.100000 0.133333
0 0.165625 0.250000 0.100000 0.133333
0 0.492188 0.791667 0.100000 0.133333
0 0.318750 0.293750 0.100000 0.133333
0 0.179688 0.072917 0.100000 0.133333
0 0.482812 0.120833 0.100000 0.133333
0 0.760938 0.081250 0.100000 0.133333
0 0.725000 0.395833 0.100000 0.133333
0 0.864062 0.608333 0.100000 0.133333
0 0.814063 0.120833 0.100000 0.133333
0 0.884375 0.170833 0.100000 0.133333
0 0.681250 0.089583 0.100000 0.133333
0 0.543750 0.820833 0.100000 0.133333
0 0.732812 0.279167 0.100000 0.133333
0 0.110937 0.172917 0.100000 0.133333
0 0.279687 0.445833 0.100000 0.133333
0 0.660937 0.704167 0.100000 0.133333
0 0.809375 0.075000 0.100000 0.133333
0 0.481250 0.879167 0.100000 0.133333
0 0.289062 0.093750 0.100000 0.133333
0 0.260937 0.175000 0.100000 0.133333
0 0.628125 0.743750 0.100000 0.133333
0 0.517188 0.554167 0.100000 0.133333
0 0.529687 0.612500 0.100000 0.133333
0 0.803125 0.297917 0.100000 0.133333
0 0.153125 0.458333 0.100000 0.133333
0 0.792188 0.675000 0.100000 0.133333
0 0.264062 0.339583 0.100000 0.133333
0 0.740625 0.870833 0.100000 0.133333
0 0.810937 0.695833 0.100000 0.133333
0 0.614062 0.318750 0.100000 0.133333
0 0.217188 0.102083 0.100000 0.133333
0 0.796875 0.289583 0.100000 0.133333
0 0.804688 0.147917 0.100000 0.133333
0 0.770312 0.068750 0.100000 0.133333
0 0.620313 0.258333 0.100000 0.133333
0 0.634375 0.208333 0.100000 0.133333
0 0.787500 0.400000 0.100000 0.133333
0 0.467187 0.539583 0.100000 0.133333
0 0.832812 0.410417 0.100000 0.133333
0 0.451562 0.616667 0.100000 0.133333
0 0.489063 0.660417 0.100000 0.133333
0 0.462500 0.227083 0.100000 0.133333
0 0.312500 0.318750 0.100000 0.133333
0 0.868750 0.156250 0.100000 0.133333
0 0.795312 0.345833 0.100000 0.133333
0 0.564063 0.735417 0.100000 0.133333
0 0.625000 0.408333 0.100000 0.133333
0 0.325000 0.577083 0.100000 0.133333
0 0.632812 0.866667 0.100000 0.133333
0 0.181250 0.689583 0.100000 0.133333
0 0.384375 0.306250 0.100000 0.133333
0 0.825000 0.131250 0.100000 0.133333
0 0.117188 0.250000 0.100000 0.133333
0 0.179688 0.735417 0.100000 0.133333
0 0.287500 0.802083 0.100000 0.133333
0 0.690625 0.268750 0.100000 0.133333
0 0.206250 0.077083 0.100000 0.133333
0 0.529687 0.277083 0.100000 0.133333
0 0.784375 0.162500 0.100000 0.133333
0 0.375000 0.104167 0.100000 0.133333
0 0.837500 0.464583 0.100000 0.133333
0 0.401562 0.077083 0.100000 0.133333
0 0.346875 0.781250 0.100000 0.133333
0 0.307812 0.189583 0.100000 0.133333
0 0.567187 0.425000 0.100000 0.133333
0 0.765625 0.320833 0.100000 0.133333
0 0.535937 0.287500 0.100000 0.133333
0 0.471875 0.452083 0.100000 0.133333
0 0.456250 0.683333 0.100000 0.133333
0 0.610938 0.233333 0.100000 0.133333
0 0.623437 0.387500 0.100000 0.133333
0 0.304688 0.375000 0.100000 0.133333
0 0.662500 0.700000 0.100000 0.133333
0 0.559375 0.385417 0.100000 0.133333
0 0.657813 0.806250 0.100000 0.133333
0 0.346875 0.300000 0.100000 0.133333
0 0.656250 0.608333 0.100000 0.133333
0 0.395313 0.322917 0.100000 0.133333
0 0.568750 0.558333 0.100000 0.133333
0 0.701562 0.122917 0.100000 0.133333
0 0.715625 0.379167 0.100000 0.133333
0 0.250000 0.318750 0.100000 0.133333
0 0.756250 0.533333 0.100000 0.133333
0 0.751563 0.825000 0.100000 0.133333
0 0.707812 0.316667 0.100000 0.133333
0 0.632812 0.735417 0.100000 0.133333
0 0.842187 0.070833 0.100000 0.133333
0 0.343750 0.472917 0.100000 0.133333
0 0.376563 0.314583 0.100000 0.133333
0 0.537500 0.645833 0.100000 0.133333
0 0.809375 0.729167 0.100000 0.133333
0 0.396875 0.345833 0.100000 0.133333
0 0.889062 0.139583 0.100000 0.133333
0 0.828125 0.131250 0.100000 0.133333
0 0.117188 0.877083 0.100000 0.133333
0 0.567187 0.079167 0.100000 0.133333
0 0.310937 0.806250 0.100000 0.133333
0 0.246875 0.108333 0.100000 0.133333
0 0.565625 0.791667 0.100000 0.133333
0 0.440625 0.645833 0.100000 0.133333
0 0.576562 0.379167 0.100000 0.133333
0 0.356250 0.697917 0.100000 0.133333
0 0.301563 0.312500 0.100000 0.133333
0 0.526563 0.491667 0.100000 0.133333
0 0.128125 0.368750 0.100000 0.133333
0 0.735938 0.391667 0.100000 0.133333
0 0.362500 0.581250 0.100000 0.133333
0 0.214062 0.885417 0.100000 0.133333
0 0.112500 0.504167 0.100000 0.133333
0 0.600000 0.285417 0.100000 0.133333
0 0.382812 0.085417 0.100000 0.133333
0 0.171875 0.202083 0.100000 0.133333
0 0.859375 0.191667 0.100000 0.133333
0 0.121875 0.422917 0.100000 0.133333
0 0.821875 0.837500 0.100000 0.133333
1 0.885938 0.481250 0.100000 0.133333
1 0.181250 0.397917 0.100000 0.133333
1 0.245312 0.108333 0.100000 0.133333
1 0.103125 0.483333 0.100000 0.133333
1 0.148438 0.927083 0.100000 0.133333
