0 0.890625 0.600000 0.100000 0.133333
0 0.403125 0.462500 0.100000 0.133333
0 0.325000 0.587500 0.100000 0.133333
0 0.500000 0.162500 0.100000 0.133333
0 0.450000 0.429167 0.100000 0.133333
0 0.871875 0.389583 0.100000 0.133333
0 0.490625 0.881250 0.100000 0.133333
0 0.835938 0.891667 0.100000 0.133333
0 0.759375 0.129167 0.100000 0.133333
0 0.339062 0.166667 0.100000 0.133333
0 0.345313 0.660417 0.100000 0.133333
0 0.371875 0.629167 0.100000 0.133333
0 0.803125 0.764583 0.100000 0.133333
0 0.182812 0.797917 0.100000 0.133333
0 0.242188 0.850000 0.100000 0.133333
0 0.195312 0.097917 0.100000 0.133333
0 0.465625 0.470833 0.100000 0.133333
0 0.160938 0.527083 0.100000 0.133333
0 0.882812 0.558333 0.100000 0.133333
0 0.534375 0.577083 0.100000 0.133333
0 0.548438 0.762500 0.100000 0.133333
0 0.559375 0.456250 0.100000 0.133333
0 0.132812 0.668750 0.100000 0.133333
0 0.464062 0.285417 0.100000 0.133333
0 0.679688 0.279167 0.100000 0.133333
0 0.495312 0.604167 0.100000 0.133333
0 0.834375 0.850000 0.100000 0.133333
0 0.295312 0.766667 0.100000 0.133333
0 0.189062 0.181250 0.100000 0.133333
0 0.334375 0.237500 0.100000 0.133333
0 0.840625 0.731250 0.100000 0.133333
0 0.448437 0.306250 0.100000 0.133333
0 0.178125 0.089583 0.100000 0.133333
0 0.760938 0.512500 0.100000 0.133333
0 0.503125 0.768750 0.100000 0.133333
0 0.887500 0.522917 0.100000 0.133333
0 0.740625 0.160417 0.100000 0.133333
0 0.140625 0.483333 0.100000 0.133333
0 0.514062 0.579167 0.100000 0.133333
0 0.414062 0.814583 0.100000 0.133333
0 0.250000 0.850000 0.100000 0.133333
0 0.125000 0.666667 0.100000 0.133333
0 0.104688 0.468750 0.100000 0.133333
0 0.203125 0.320833 0.100000 0.133333
0 0.690625 0.685417 0.100000 0.133333
0 0.462500 0.512500 0.100000 0.133333
0 0.615625 0.462500 0.100000 0.133333
0 0.845313 0.622917 0.100000 0.133333
0 0.167187 0.327083 0.100000 0.133333
0 0.628125 0.808333 0.100000 0.133333
0 0.523438 0.206250 0.100000 0.133333
0 0.129688 0.775000 0.100000 0.133333
0 0.742188 0.100000 0.100000 0.133333
0 0.835938 0.656250 0.100000 0.133333
0 0.206250 0.870833 0.100000 0.133333
0 0.364063 0.556250 0.100000 0.133333
0 0.246875 0.127083 0.100000 0.133333
0 0.398438 0.333333 0.100000 0.133333
0 0.351562 0.197917 0.100000 0.133333
0 0.356250 0.491667 0.100000 0.133333
0 0.740625 0.322917 0.100000 0.133333
0 0.862500 0.320833 0.100000 0.133333
0 0.712500 0.602083 0.100000 0.133333
0 0.756250 0.491667 0.100000 0.133333
0 0.496875 0.691667 0.100000 0.133333
0 0.521875 0.077083 0.100000 0.133333
0 0.423438 0.162500 0.100000 0.133333
0 0.481250 0.670833 0.100000 0.133333
0 0.606250 0.218750 0.100000 0.133333
0 0.467187 0.658333 0.100000 0.133333
0 0.123438 0.891667 0.100000 0.133333
0 0.462500 0.508333 0.100000 0.133333
0 0.342187 0.827083 0.100000 0.133333
0 0.354687 0.587500 0.100000 0.133333
0 0.128125 0.166667 0.100000 0.133333
0 0.860938 0.327083 0.100000 0.133333
0 0.132812 0.691667 0.100000 0.133333
0 0.745313 0.754167 0.100000 0.133333
0 0.309375 0.795833 0.100000 0.133333
0 0.423438 0.820833 0.100000 0.133333
0 0.710938 0.850000 0.100000 0.133333
0 0.757812 0.345833 0.100000 0.133333
0 0.559375 0.720833 0.100000 0.133333
0 0.770312 0.322917 0.100000 0.133333
0 0.650000 0.837500 0.100000 0.133333
0 0.796875 0.170833 0.100000 0.133333
0 0.675000 0.508333 0.100000 0.133333
0 0.821875 0.647917 0.100000 0.133333
0 0.701562 0.175000 0.100000 0.133333
0 0.643750 0.854167 0.100000 0.133333
0 0.532813 0.718750 0.100000 0.133333
0 0.328125 0.645833 0.100000 0.133333
0 0.171875 0.816667 0.100000 0.133333
0 0.273438 0.447917 0.100000 0.133333
0 0.359375 0.629167 0.100000 0.133333
0 0.354687 0.316667 0.100000 0.133333
0 0.450000 0.562500 0.100000 0.133333
0 0.242188 0.825000 0.100000 0.133333
0 0.554688 0.177083 0.100000 0.133333
0 0.887500 0.668750 0.100000 0.133333
0 0.298438 0.139583 0.100000 0.133333
0 0.900000 0.162500 0.100000 0.133333
0 0.132812 0.708333 0.100000 0.133333
0 0.381250 0.333333 0.100000 0.133333
0 0.837500 0.618750 0.100000 0.133333
0 0.668750 0.822917 0.100000 0.133333
0 0.520312 0.637500 0.100000 0.133333
0 0.634375 0.285417 0.100000 0.133333
0 0.426563 0.879167 0.100000 0.133333
0 0.576562 0.162500 0.100000 0.133333
0 0.465625 0.610417 0.100000 0.133333
0 0.576562 0.777083 0.100000 0.133333
0 0.281250 0.758333 0.100000 0.133333
0 0.610938 0.754167 0.100000 0.133333
0 0.359375 0.272917 0.100000 0.133333
0 0.412500 0.245833 0.100000 0.133333
0 0.229687 0.341667 0.100000 0.133333
0 0.815625 0.410417 0.100000 0.133333
0 0.567187 0.508333 0.100000 0.133333
0 0.518750 0.437500 0.100000 0.133333
0 0.281250 0.268750 0.100000 0.133333
0 0.698438 0.800000 0.100000 0.133333
0 0.606250 0.620833 0.100000 0.133333
0 0.650000 0.639583 0.100000 0.133333
0 0.829688 0.887500 0.100000 0.133333
0 0.742188 0.577083 0.100000 0.133333
0 0.484375 0.422917 0.100000 0.133333
0 0.734375 0.210417 0.100000 0.133333
0 0.578125 0.666667 0.100000 0.133333
0 0.454688 0.733333 0.100000 0.133333
0 0.848437 0.420833 0.100000 0.133333
0 0.187500 0.414583 0.100000 0.133333
0 0.284375 0.772917 0.100000 0.133333
0 0.351562 0.262500 0.100000 0.133333
0 0.481250 0.614583 0.100000 0.133333
0 0.167187 0.304167 0.100000 0.133333
0 0.701562 0.529167 0.100000 0.133333
0 0.732812 0.120833 0.100000 0.133333
0 0.290625 0.393750 0.100000 0.133333
0 0.448437 0.152083 0.100000 0.133333
0 0.712500 0.620833 0.100000 0.133333
0 0.856250 0.737500 0.100000 0.133333
0 0.379688 0.781250 0.100000 0.133333
0 0.417187 0.350000 0.100000 0.133333
0 0.751563 0.647917 0.100000 0.133333
0 0.159375 0.325000 0.100000 0.133333
0 0.220312 0.452083 0.100000 0.133333
0 0.321875 0.497917 0.100000 0.133333
0 0.184375 0.131250 0.100000 0.133333
0 0.662500 0.335417 0.100000 0.133333
1 0.254688 0.431250 0.100000 0.133333
1 0.075000 0.758333 0.100000 0.133333
1 0.303125 0.116667 0.100000 0.133333
1 0.665625 0.481250 0.100000 0.133333
1 0.360938 0.610417 0.100000 0.133333
