0 0.253125 0.402083 0.100000 0.133333
0 0.289062 0.743750 0.100000 0.133333
0 0.323437 0.375000 0.100000 0.133333
0 0.695312 0.733333 0.100000 0.133333
0 0.615625 0.106250 0.100000 0.133333
0 0.354687 0.545833 0.100000 0.133333
0 0.648438 0.814583 0.100000 0.133333
0 0.464062 0.360417 0.100000 0.133333
0 0.751563 0.489583 0.100000 0.133333
0 0.596875 0.341667 0.100000 0.133333
0 0.665625 0.085417 0.100000 0.133333
0 0.231250 0.845833 0.100000 0.133333
0 0.185938 0.170833 0.100000 0.133333
0 0.678125 0.235417 0.100000 0.133333
0 0.601562 0.885417 0.100000 0.133333
0 0.712500 0.770833 0.100000 0.133333
0 0.325000 0.497917 0.100000 0.133333
0 0.164062 0.316667 0.100000 0.133333
0 0.860938 0.160417 0.100000 0.133333
0 0.379688 0.177083 0.100000 0.133333
0 0.717187 0.481250 0.100000 0.133333
0 0.109375 0.733333 0.100000 0.133333
0 0.775000 0.145833 0.100000 0.133333
0 0.550000 0.422917 0.100000 0.133333
0 0.221875 0.537500 0.100000 0.133333
0 0.378125 0.743750 0.100000 0.133333
0 0.882812 0.400000 0.100000 0.133333
0 0.446875 0.727083 0.100000 0.133333
0 0.532813 0.635417 0.100000 0.133333
0 0.167187 0.556250 0.100000 0.133333
0 0.112500 0.631250 0.100000 0.133333
0 0.396875 0.722917 0.100000 0.133333
0 0.173437 0.360417 0.100000 0.133333
0 0.492188 0.277083 0.100000 0.133333
0 0.145313 0.516667 0.100000 0.133333
0 0.118750 0.304167 0.100000 0.133333
0 0.260937 0.272917 0.100000 0.133333
0 0.421875 0.370833 0.100000 0.133333
0 0.775000 0.550000 0.100000 0.133333
0 0.140625 0.837500 0.100000 0.133333
0 0.670312 0.222917 0.100000 0.133333
0 0.687500 0.702083 0.100000 0.133333
0 0.540625 0.464583 0.100000 0.133333
0 0.778125 0.422917 0.100000 0.133333
0 0.581250 0.695833 0.100000 0.133333
0 0.340625 0.745833 0.100000 0.133333
0 0.332813 0.685417 0.100000 0.133333
0 0.543750 0.645833 0.100000 0.133333
0 0.267188 0.700000 0.100000 0.133333
0 0.389062 0.447917 0.100000 0.133333
0 0.300000 0.250000 0.100000 0.133333
0 0.853125 0.647917 0.100000 0.133333
0 0.356250 0.737500 0.100000 0.133333
0 0.320312 0.202083 0.100000 0.133333
0 0.626563 0.820833 0.100000 0.133333
0 0.696875 0.643750 0.100000 0.133333
0 0.550000 0.416667 0.100000 0.133333
0 0.734375 0.575000 0.100000 0.133333
0 0.139063 0.829167 0.100000 0.133333
0 0.439063 0.502083 0.100000 0.133333
0 0.259375 0.227083 0.100000 0.133333
0 0.785937 0.410417 0.100000 0.133333
0 0.235937 0.360417 0.100000 0.133333
0 0.223438 0.202083 0.100000 0.133333
0 0.715625 0.587500 0.100000 0.133333
0 0.659375 0.172917 0.100000 0.133333
0 0.159375 0.302083 0.100000 0.133333
0 0.453125 0.725000 0.100000 0.133333
0 0.378125 0.837500 0.100000 0.133333
0 0.390625 0.808333 0.100000 0.133333
0 0.193750 0.691667 0.100000 0.133333
0 0.225000 0.700000 0.100000 0.133333
0 0.692187 0.322917 0.100000 0.133333
0 0.120313 0.689583 0.100000 0.133333
0 0.814063 0.666667 0.100000 0.133333
0 0.253125 0.700000 0.100000 0.133333
0 0.598437 0.329167 0.100000 0.133333
0 0.475000 0.839583 0.100000 0.133333
0 0.432812 0.079167 0.100000 0.133333
0 0.137500 0.650000 0.100000 0.133333
0 0.164062 0.875000 0.100000 0.133333
0 0.845313 0.650000 0.100000 0.133333
0 0.623437 0.085417 0.100000 0.133333
0 0.776563 0.297917 0.100000 0.133333
0 0.510938 0.881250 0.100000 0.133333
0 0.725000 0.693750 0.100000 0.133333
0 0.746875 0.733333 0.100000 0.133333
0 0.509375 0.583333 0.100000 0.133333
0 0.650000 0.295833 0.100000 0.133333
0 0.393750 0.781250 0.100000 0.133333
0 0.495312 0.525000 0.100000 0.133333
0 0.282813 0.379167 0.100000 0.133333
0 0.146875 0.512500 0.100000 0.133333
0 0.373437 0.875000 0.100000 0.133333
0 0.501563 0.820833 0.100000 0.133333
0 0.471875 0.191667 0.100000 0.133333
0 0.807813 0.670833 0.100000 0.133333
0 0.375000 0.233333 0.100000 0.133333
0 0.512500 0.485417 0.100000 0.133333
0 0.306250 0.377083 0.100000 0.133333
0 0.812500 0.141667 0.100000 0.133333
0 0.101562 0.810417 0.100000 0.133333
0 0.251563 0.656250 0.100000 0.133333
0 0.212500 0.350000 0.100000 0.133333
0 0.459375 0.585417 0.100000 0.133333
0 0.387500 0.379167 0.100000 0.133333
0 0.465625 0.454167 0.100000 0.133333
0 0.862500 0.804167 0.100000 0.133333
0 0.707812 0.768750 0.100000 0.133333
0 0.376563 0.516667 0.100000 0.133333
0 0.526563 0.522917 0.100000 0.133333
0 0.556250 0.254167 0.100000 0.133333
0 0.471875 0.618750 0.100000 0.133333
0 0.687500 0.837500 0.100000 0.133333
0 0.828125 0.312500 0.100000 0.133333
0 0.604688 0.102083 0.100000 0.133333
0 0.610938 0.810417 0.100000 0.133333
0 0.476562 0.287500 0.100000 0.133333
0 0.710938 0.162500 0.100000 0.133333
0 0.434375 0.400000 0.100000 0.133333
0 0.659375 0.085417 0.100000 0.133333
0 0.503125 0.318750 0.100000 0.133333
0 0.840625 0.600000 0.100000 0.133333
0 0.168750 0.675000 0.100000 0.133333
0 0.837500 0.543750 0.100000 0.133333
0 0.798438 0.737500 0.100000 0.133333
0 0.368750 0.445833 0.100000 0.133333
0 0.654687 0.443750 0.100000 0.133333
0 0.115625 0.864583 0.100000 0.133333
0 0.676562 0.187500 0.100000 0.133333
0 0.385937 0.795833 0.100000 0.133333
0 0.873437 0.404167 0.100000 0.133333
0 0.606250 0.806250 0.100000 0.133333
0 0.132812 0.877083 0.100000 0.133333
0 0.343750 0.139583 0.100000 0.133333
0 0.706250 0.214583 0.100000 0.133333
0 0.232813 0.170833 0.100000 0.133333
0 0.864062 0.114583 0.100000 0.133333
0 0.670312 0.537500 0.100000 0.133333
0 0.464062 0.754167 0.100000 0.133333
0 0.220312 0.204167 0.100000 0.133333
0 0.406250 0.697917 0.100000 0.133333
0 0.673438 0.664583 0.100000 0.133333
0 0.679688 0.270833 0.100000 0.133333
0 0.304688 0.718750 0.100000 0.133333
0 0.757812 0.737500 0.100000 0.133333
0 0.481250 0.272917 0.100000 0.133333
0 0.785937 0.206250 0.100000 0.133333
0 0.451562 0.575000 0.100000 0.133333
0 0.434375 0.395833 0.100000 0.133333
1 0.587500 0.572917 0.100000 0.133333
1 0.475000 0.147917 0.100000 0.133333
1 0.150000 0.314583 0.100000 0.133333
1 0.131250 0.352083 0.100000 0.133333
1 0.864062 0.435417 0.100000 0.133333
