0 0.243750 0.443750 0.100000 0.133333
0 0.623437 0.281250 0.100000 0.133333
0 0.759375 0.852083 0.100000 0.133333
0 0.414062 0.410417 0.100000 0.133333
0 0.675000 0.689583 0.100000 0.133333
0 0.218750 0.420833 0.100000 0.133333
0 0.695312 0.635417 0.100000 0.133333
0 0.251563 0.141667 0.100000 0.133333
0 0.232813 0.143750 0.100000 0.133333
0 0.446875 0.587500 0.100000 0.133333
0 0.376563 0.237500 0.100000 0.133333
0 0.667188 0.700000 0.100000 0.133333
0 0.651563 0.281250 0.100000 0.133333
0 0.637500 0.475000 0.100000 0.133333
0 0.737500 0.400000 0.100000 0.133333
0 0.496875 0.804167 0.100000 0.133333
0 0.743750 0.645833 0.100000 0.133333
0 0.545312 0.775000 0.100000 0.133333
0 0.778125 0.720833 0.100000 0.133333
0 0.484375 0.335417 0.100000 0.133333
0 0.806250 0.591667 0.100000 0.133333
0 0.531250 0.802083 0.100000 0.133333
0 0.715625 0.487500 0.100000 0.133333
0 0.190625 0.264583 0.100000 0.133333
0 0.443750 0.237500 0.100000 0.133333
0 0.189062 0.747917 0.100000 0.133333
0 0.140625 0.458333 0.100000 0.133333
0 0.878125 0.341667 0.100000 0.133333
0 0.868750 0.502083 0.100000 0.133333
0 0.620313 0.527083 0.100000 0.133333
0 0.739062 0.125000 0.100000 0.133333
0 0.135937 0.743750 0.100000 0.133333
0 0.835938 0.347917 0.100000 0.133333
0 0.220312 0.577083 0.100000 0.133333
0 0.437500 0.672917 0.100000 0.133333
0 0.598437 0.158333 0.100000 0.133333
0 0.334375 0.450000 0.100000 0.133333
0 0.203125 0.433333 0.100000 0.133333
0 0.329688 0.689583 0.100000 0.133333
0 0.245312 0.885417 0.100000 0.133333
0 0.189062 0.606250 0.100000 0.133333
0 0.776563 0.475000 0.100000 0.133333
0 0.732812 0.254167 0.100000 0.133333
0 0.332813 0.810417 0.100000 0.133333
0 0.848437 0.118750 0.100000 0.133333
0 0.151562 0.722917 0.100000 0.133333
0 0.217188 0.379167 0.100000 0.133333
0 0.314063 0.604167 0.100000 0.133333
0 0.290625 0.502083 0.100000 0.133333
0 0.257812 0.841667 0.100000 0.133333
0 0.473438 0.104167 0.100000 0.133333
0 0.696875 0.660417 0.100000 0.133333
0 0.296875 0.068750 0.100000 0.133333
0 0.675000 0.193750 0.100000 0.133333
0 0.485938 0.858333 0.100000 0.133333
0 0.842187 0.758333 0.100000 0.133333
0 0.407813 0.291667 0.100000 0.133333
0 0.673438 0.572917 0.100000 0.133333
0 0.892188 0.147917 0.100000 0.133333
0 0.543750 0.412500 0.100000 0.133333
0 0.884375 0.314583 0.100000 0.133333
0 0.584375 0.845833 0.100000 0.133333
0 0.204687 0.135417 0.100000 0.133333
0 0.648438 0.297917 0.100000 0.133333
0 0.367188 0.085417 0.100000 0.133333
0 0.782813 0.564583 0.100000 0.133333
0 0.832812 0.745833 0.100000 0.133333
0 0.551562 0.297917 0.100000 0.133333
0 0.773438 0.622917 0.100000 0.133333
0 0.526563 0.827083 0.100000 0.133333
0 0.160938 0.510417 0.100000 0.133333
0 0.535937 0.435417 0.100000 0.133333
0 0.290625 0.329167 0.100000 0.133333
0 0.175000 0.570833 0.100000 0.133333
0 0.685937 0.335417 0.100000 0.133333
0 0.696875 0.785417 0.100000 0.133333
0 0.843750 0.750000 0.100000 0.133333
0 0.326562 0.177083 0.100000 0.133333
0 0.815625 0.595833 0.100000 0.133333
0 0.531250 0.477083 0.100000 0.133333
0 0.245312 0.891667 0.100000 0.133333
0 0.420312 0.500000 0.100000 0.133333
0 0.545312 0.254167 0.100000 0.133333
0 0.714063 0.800000 0.100000 0.133333
0 0.582812 0.568750 0.100000 0.133333
0 0.798438 0.143750 0.100000 0.133333
0 0.484375 0.662500 0.100000 0.133333
0 0.629687 0.627083 0.100000 0.133333
0 0.115625 0.410417 0.100000 0.133333
0 0.681250 0.277083 0.100000 0.133333
0 0.418750 0.208333 0.100000 0.133333
0 0.126562 0.245833 0.100000 0.133333
0 0.343750 0.327083 0.100000 0.133333
0 0.446875 0.077083 0.100000 0.133333
0 0.175000 0.306250 0.100000 0.133333
0 0.240625 0.881250 0.100000 0.133333
0 0.328125 0.189583 0.100000 0.133333
0 0.385937 0.227083 0.100000 0.133333
0 0.448437 0.291667 0.100000 0.133333
0 0.221875 0.366667 0.100000 0.133333
0 0.803125 0.387500 0.100000 0.133333
0 0.440625 0.139583 0.100000 0.133333
0 0.359375 0.395833 0.100000 0.133333
0 0.243750 0.531250 0.100000 0.133333
0 0.821875 0.568750 0.100000 0.133333
0 0.815625 0.775000 0.100000 0.133333
0 0.757812 0.335417 0.100000 0.133333
0 0.895312 0.497917 0.100000 0.133333
0 0.437500 0.375000 0.100000 0.133333
0 0.139063 0.433333 0.100000 0.133333
0 0.306250 0.270833 0.100000 0.133333
0 0.484375 0.516667 0.100000 0.133333
0 0.775000 0.347917 0.100000 0.133333
0 0.498437 0.354167 0.100000 0.133333
0 0.501563 0.864583 0.100000 0.133333
0 0.704688 0.518750 0.100000 0.133333
0 0.378125 0.277083 0.100000 0.133333
0 0.865625 0.752083 0.100000 0.133333
0 0.678125 0.658333 0.100000 0.133333
0 0.723437 0.112500 0.100000 0.133333
0 0.300000 0.220833 0.100000 0.133333
0 0.768750 0.710417 0.100000 0.133333
0 0.715625 0.791667 0.100000 0.133333
0 0.425000 0.789583 0.100000 0.133333
0 0.870313 0.570833 0.100000 0.133333
0 0.812500 0.104167 0.100000 0.133333
0 0.376563 0.608333 0.100000 0.133333
0 0.793750 0.429167 0.100000 0.133333
0 0.514062 0.331250 0.100000 0.133333
0 0.520312 0.854167 0.100000 0.133333
0 0.556250 0.872917 0.100000 0.133333
0 0.801562 0.166667 0.100000 0.133333
0 0.115625 0.172917 0.100000 0.133333
0 0.145313 0.629167 0.100000 0.133333
0 0.640625 0.562500 0.100000 0.133333
0 0.476562 0.670833 0.100000 0.133333
0 0.525000 0.508333 0.100000 0.133333
0 0.265625 0.237500 0.100000 0.133333
0 0.621875 0.452083 0.100000 0.133333
0 0.750000 0.756250 0.100000 0.133333
0 0.554688 0.187500 0.100000 0.133333
0 0.806250 0.854167 0.100000 0.133333
0 0.515625 0.772917 0.100000 0.133333
0 0.278125 0.800000 0.100000 0.133333
0 0.832812 0.210417 0.100000 0.133333
0 0.667188 0.391667 0.100000 0.133333
0 0.751563 0.510417 0.100000 0.133333
0 0.318750 0.456250 0.100000 0.133333
0 0.289062 0.839583 0.100000 0.133333
0 0.742188 0.656250 0.100000 0.133333
1 0.160938 0.191667 0.100000 0.133333
1 0.525000 0.660417 0.100000 0.133333
1 0.315625 0.854167 0.100000 0.133333
1 0.700000 0.687500 0.100000 0.133333
1 0.246875 0.766667 0.100000 0.133333
