0 0.673438 0.350000 0.100000 0.133333
0 0.710938 0.833333 0.100000 0.133333
0 0.568750 0.875000 0.100000 0.133333
0 0.615625 0.289583 0.100000 0.133333
0 0.132812 0.279167 0.100000 0.133333
0 0.854688 0.200000 0.100000 0.133333
0 0.357812 0.391667 0.100000 0.133333
0 0.629687 0.712500 0.100000 0.133333
0 0.682813 0.335417 0.100000 0.133333
0 0.695312 0.883333 0.100000 0.133333
0 0.145313 0.525000 0.100000 0.133333
0 0.620313 0.310417 0.100000 0.133333
0 0.160938 0.325000 0.100000 0.133333
0 0.421875 0.191667 0.100000 0.133333
0 0.879687 0.770833 0.100000 0.133333
0 0.350000 0.331250 0.100000 0.133333
0 0.678125 0.850000 0.100000 0.133333
0 0.182812 0.572917 0.100000 0.133333
0 0.232813 0.635417 0.100000 0.133333
0 0.156250 0.435417 0.100000 0.133333
0 0.732812 0.197917 0.100000 0.133333
0 0.754687 0.093750 0.100000 0.133333
0 0.656250 0.429167 0.100000 0.133333
0 0.285938 0.693750 0.100000 0.133333
0 0.267188 0.716667 0.100000 0.133333
0 0.587500 0.539583 0.100000 0.133333
0 0.404687 0.822917 0.100000 0.133333
0 0.504687 0.412500 0.100000 0.133333
0 0.434375 0.275000 0.100000 0.133333
0 0.109375 0.143750 0.100000 0.133333
0 0.750000 0.122917 0.100000 0.133333
0 0.753125 0.735417 0.100000 0.133333
0 0.740625 0.462500 0.100000 0.133333
0 0.164062 0.218750 0.100000 0.133333
0 0.465625 0.164583 0.100000 0.133333
0 0.204687 0.668750 0.100000 0.133333
0 0.187500 0.650000 0.100000 0.133333
0 0.893750 0.231250 0.100000 0.133333
0 0.159375 0.304167 0.100000 0.133333
0 0.757812 0.627083 0.100000 0.133333
0 0.525000 0.535417 0.100000 0.133333
0 0.385937 0.133333 0.100000 0.133333
0 0.615625 0.306250 0.100000 0.133333
0 0.315625 0.504167 0.100000 0.133333
0 0.739062 0.133333 0.100000 0.133333
0 0.737500 0.154167 0.100000 0.133333
0 0.685937 0.387500 0.100000 0.133333
0 0.698438 0.575000 0.100000 0.133333
0 0.520312 0.772917 0.100000 0.133333
0 0.242188 0.479167 0.100000 0.133333
0 0.101562 0.322917 0.100000 0.133333
0 0.289062 0.262500 0.100000 0.133333
0 0.617188 0.668750 0.100000 0.133333
0 0.675000 0.483333 0.100000 0.133333
0 0.857812 0.677083 0.100000 0.133333
0 0.684375 0.600000 0.100000 0.133333
0 0.809375 0.554167 0.100000 0.133333
0 0.879687 0.300000 0.100000 0.133333
0 0.112500 0.212500 0.100000 0.133333
0 0.164062 0.212500 0.100000 0.133333
0 0.528125 0.795833 0.100000 0.133333
0 0.871875 0.133333 0.100000 0.133333
0 0.228125 0.781250 0.100000 0.133333
0 0.175000 0.479167 0.100000 0.133333
0 0.157812 0.216667 0.100000 0.133333
0 0.882812 0.179167 0.100000 0.133333
0 0.875000 0.764583 0.100000 0.133333
0 0.653125 0.618750 0.100000 0.133333
0 0.817187 0.560417 0.100000 0.133333
0 0.279687 0.181250 0.100000 0.133333
0 0.476562 0.095833 0.100000 0.133333
0 0.554688 0.535417 0.100000 0.133333
0 0.801562 0.779167 0.100000 0.133333
0 0.518750 0.422917 0.100000 0.133333
0 0.125000 0.370833 0.100000 0.133333
0 0.737500 0.787500 0.100000 0.133333
0 0.800000 0.547917 0.100000 0.133333
0 0.276562 0.112500 0.100000 0.133333
0 0.306250 0.764583 0.100000 0.133333
0 0.643750 0.756250 0.100000 0.133333
0 0.634375 0.175000 0.100000 0.133333
0 0.629687 0.235417 0.100000 0.133333
0 0.737500 0.100000 0.100000 0.133333
0 0.837500 0.560417 0.100000 0.133333
0 0.507812 0.520833 0.100000 0.133333
0 0.634375 0.235417 0.100000 0.133333
0 0.126562 0.283333 0.100000 0.133333
0 0.112500 0.618750 0.100000 0.133333
0 0.443750 0.887500 0.100000 0.133333
0 0.834375 0.514583 0.100000 0.133333
0 0.801562 0.497917 0.100000 0.133333
0 0.781250 0.800000 0.100000 0.133333
0 0.857812 0.770833 0.100000 0.133333
0 0.373437 0.804167 0.100000 0.133333
0 0.387500 0.545833 0.100000 0.133333
0 0.850000 0.772917 0.100000 0.133333
0 0.248438 0.518750 0.100000 0.133333
0 0.623437 0.483333 0.100000 0.133333
0 0.496875 0.868750 0.100000 0.133333
0 0.657813 0.327083 0.100000 0.133333
0 0.818750 0.543750 0.100000 0.133333
0 0.607812 0.535417 0.100000 0.133333
0 0.437500 0.608333 0.100000 0.133333
0 0.645312 0.275000 0.100000 0.133333
0 0.181250 0.502083 0.100000 0.133333
0 0.220312 0.497917 0.100000 0.133333
0 0.243750 0.491667 0.100000 0.133333
0 0.451562 0.233333 0.100000 0.133333
0 0.348438 0.302083 0.100000 0.133333
0 0.482812 0.591667 0.100000 0.133333
0 0.739062 0.791667 0.100000 0.133333
0 0.417187 0.252083 0.100000 0.133333
0 0.421875 0.352083 0.100000 0.133333
0 0.354687 0.714583 0.100000 0.133333
0 0.378125 0.802083 0.100000 0.133333
0 0.662500 0.727083 0.100000 0.133333
0 0.278125 0.395833 0.100000 0.133333
0 0.660937 0.662500 0.100000 0.133333
0 0.618750 0.866667 0.100000 0.133333
0 0.226562 0.750000 0.100000 0.133333
0 0.821875 0.835417 0.100000 0.133333
0 0.734375 0.685417 0.100000 0.133333
0 0.276562 0.683333 0.100000 0.133333
0 0.676562 0.825000 0.100000 0.133333
0 0.712500 0.106250 0.100000 0.133333
0 0.750000 0.585417 0.100000 0.133333
0 0.384375 0.741667 0.100000 0.133333
0 0.392188 0.493750 0.100000 0.133333
0 0.259375 0.122917 0.100000 0.133333
0 0.479687 0.758333 0.100000 0.133333
0 0.793750 0.222917 0.100000 0.133333
0 0.892188 0.364583 0.100000 0.133333
0 0.396875 0.247917 0.100000 0.133333
0 0.781250 0.356250 0.100000 0.133333
0 0.467187 0.716667 0.100000 0.133333
0 0.159375 0.502083 0.100000 0.133333
0 0.348438 0.185417 0.100000 0.133333
0 0.135937 0.570833 0.100000 0.133333
0 0.784375 0.316667 0.100000 0.133333
0 0.239063 0.885417 0.100000 0.133333
0 0.503125 0.693750 0.100000 0.133333
0 0.417187 0.700000 0.100000 0.133333
0 0.884375 0.462500 0.100000 0.133333
0 0.132812 0.802083 0.100000 0.133333
0 0.456250 0.716667 0.100000 0.133333
0 0.509375 0.881250 0.100000 0.133333
0 0.421875 0.514583 0.100000 0.133333
0 0.879687 0.891667 0.100000 0.133333
0 0.387500 0.697917 0.100000 0.133333
0 0.579688 0.891667 0.100000 0.133333
1 0.512500 0.691667 0.100000 0.133333
1 0.414062 0.927083 0.100000 0.133333
1 0.417187 0.360417 0.100000 0.133333
1 0.832812 0.181250 0.100000 0.133333
1 0.939063 0.431250 0.100000 0.133333
