0 0.348438 0.808333 0.100000 0.133333
0 0.112500 0.279167 0.100000 0.133333
0 0.801562 0.181250 0.100000 0.133333
0 0.664062 0.610417 0.100000 0.133333
0 0.456250 0.739583 0.100000 0.133333
0 0.860938 0.360417 0.100000 0.133333
0 0.590625 0.622917 0.100000 0.133333
0 0.642188 0.258333 0.100000 0.133333
0 0.765625 0.772917 0.100000 0.133333
0 0.493750 0.281250 0.100000 0.133333
0 0.650000 0.708333 0.100000 0.133333
0 0.726562 0.825000 0.100000 0.133333
0 0.785937 0.439583 0.100000 0.133333
0 0.743750 0.793750 0.100000 0.133333
0 0.278125 0.558333 0.100000 0.133333
0 0.645312 0.666667 0.100000 0.133333
0 0.678125 0.279167 0.100000 0.133333
0 0.314063 0.250000 0.100000 0.133333
0 0.404687 0.304167 0.100000 0.133333
0 0.220312 0.318750 0.100000 0.133333
0 0.700000 0.162500 0.100000 0.133333
0 0.384375 0.750000 0.100000 0.133333
0 0.353125 0.070833 0.100000 0.133333
0 0.170313 0.260417 0.100000 0.133333
0 0.885938 0.108333 0.100000 0.133333
0 0.870313 0.091667 0.100000 0.133333
0 0.623437 0.608333 0.100000 0.133333
0 0.528125 0.477083 0.100000 0.133333
0 0.135937 0.531250 0.100000 0.133333
0 0.675000 0.504167 0.100000 0.133333
0 0.315625 0.656250 0.100000 0.133333
0 0.759375 0.360417 0.100000 0.133333
0 0.565625 0.222917 0.100000 0.133333
0 0.828125 0.806250 0.100000 0.133333
0 0.707812 0.787500 0.100000 0.133333
0 0.115625 0.341667 0.100000 0.133333
0 0.464062 0.254167 0.100000 0.133333
0 0.225000 0.552083 0.100000 0.133333
0 0.870313 0.635417 0.100000 0.133333
0 0.310937 0.133333 0.100000 0.133333
0 0.523438 0.295833 0.100000 0.133333
0 0.781250 0.604167 0.100000 0.133333
0 0.668750 0.185417 0.100000 0.133333
0 0.629687 0.347917 0.100000 0.133333
0 0.289062 0.202083 0.100000 0.133333
0 0.517188 0.377083 0.100000 0.133333
0 0.810937 0.183333 0.100000 0.133333
0 0.793750 0.510417 0.100000 0.133333
0 0.617188 0.420833 0.100000 0.133333
0 0.326562 0.252083 0.100000 0.133333
0 0.129688 0.306250 0.100000 0.133333
0 0.254688 0.541667 0.100000 0.133333
0 0.162500 0.158333 0.100000 0.133333
0 0.853125 0.168750 0.100000 0.133333
0 0.189062 0.329167 0.100000 0.133333
0 0.382812 0.122917 0.100000 0.133333
0 0.681250 0.752083 0.100000 0.133333
0 0.571875 0.862500 0.100000 0.133333
0 0.240625 0.504167 0.100000 0.133333
0 0.668750 0.885417 0.100000 0.133333
0 0.873437 0.187500 0.100000 0.133333
0 0.660937 0.114583 0.100000 0.133333
0 0.668750 0.506250 0.100000 0.133333
0 0.826562 0.677083 0.100000 0.133333
0 0.206250 0.756250 0.100000 0.133333
0 0.896875 0.470833 0.100000 0.133333
0 0.543750 0.866667 0.100000 0.133333
0 0.101562 0.672917 0.100000 0.133333
0 0.859375 0.858333 0.100000 0.133333
0 0.709375 0.193750 0.100000 0.133333
0 0.351562 0.543750 0.100000 0.133333
0 0.443750 0.704167 0.100000 0.133333
0 0.621875 0.722917 0.100000 0.133333
0 0.228125 0.447917 0.100000 0.133333
0 0.739062 0.145833 0.100000 0.133333
0 0.362500 0.281250 0.100000 0.133333
0 0.185938 0.645833 0.100000 0.133333
0 0.895312 0.258333 0.100000 0.133333
0 0.321875 0.493750 0.100000 0.133333
0 0.234375 0.229167 0.100000 0.133333
0 0.268750 0.735417 0.100000 0.133333
0 0.875000 0.631250 0.100000 0.133333
0 0.796875 0.310417 0.100000 0.133333
0 0.107813 0.195833 0.100000 0.133333
0 0.201563 0.520833 0.100000 0.133333
0 0.575000 0.200000 0.100000 0.133333
0 0.168750 0.187500 0.100000 0.133333
0 0.754687 0.095833 0.100000 0.133333
0 0.660937 0.460417 0.100000 0.133333
0 0.809375 0.693750 0.100000 0.133333
0 0.118750 0.220833 0.100000 0.133333
0 0.309375 0.618750 0.100000 0.133333
0 0.290625 0.395833 0.100000 0.133333
0 0.112500 0.197917 0.100000 0.133333
0 0.235937 0.485417 0.100000 0.133333
0 0.443750 0.122917 0.100000 0.133333
0 0.325000 0.389583 0.100000 0.133333
0 0.315625 0.850000 0.100000 0.133333
0 0.743750 0.791667 0.100000 0.133333
0 0.495312 0.591667 0.100000 0.133333
0 0.750000 0.427083 0.100000 0.133333
0 0.290625 0.847917 0.100000 0.133333
0 0.342187 0.339583 0.100000 0.133333
0 0.367188 0.250000 0.100000 0.133333
0 0.396875 0.456250 0.100000 0.133333
0 0.756250 0.325000 0.100000 0.133333
0 0.312500 0.420833 0.100000 0.133333
0 0.645312 0.837500 0.100000 0.133333
0 0.423438 0.583333 0.100000 0.133333
0 0.428125 0.339583 0.100000 0.133333
0 0.415625 0.256250 0.100000 0.133333
0 0.515625 0.458333 0.100000 0.133333
0 0.726562 0.116667 0.100000 0.133333
0 0.175000 0.533333 0.100000 0.133333
0 0.212500 0.470833 0.100000 0.133333
0 0.595313 0.283333 0.100000 0.133333
0 0.351562 0.102083 0.100000 0.133333
0 0.334375 0.254167 0.100000 0.133333
0 0.881250 0.260417 0.100000 0.133333
0 0.228125 0.806250 0.100000 0.133333
0 0.382812 0.866667 0.100000 0.133333
0 0.562500 0.495833 0.100000 0.133333
0 0.818750 0.862500 0.100000 0.133333
0 0.495312 0.081250 0.100000 0.133333
0 0.857812 0.279167 0.100000 0.133333
0 0.342187 0.427083 0.100000 0.133333
0 0.414062 0.812500 0.100000 0.133333
0 0.523438 0.825000 0.100000 0.133333
0 0.443750 0.227083 0.100000 0.133333
0 0.640625 0.156250 0.100000 0.133333
0 0.798438 0.581250 0.100000 0.133333
0 0.771875 0.502083 0.100000 0.133333
0 0.150000 0.183333 0.100000 0.133333
0 0.423438 0.450000 0.100000 0.133333
0 0.137500 0.495833 0.100000 0.133333
0 0.692187 0.327083 0.100000 0.133333
0 0.732812 0.141667 0.100000 0.133333
0 0.667188 0.531250 0.100000 0.133333
0 0.396875 0.772917 0.100000 0.133333
0 0.650000 0.845833 0.100000 0.133333
0 0.251563 0.768750 0.100000 0.133333
0 0.739062 0.637500 0.100000 0.133333
0 0.887500 0.541667 0.100000 0.133333
0 0.210938 0.106250 0.100000 0.133333
0 0.239063 0.170833 0.100000 0.133333
0 0.515625 0.143750 0.100000 0.133333
0 0.220312 0.764583 0.100000 0.133333
0 0.109375 0.329167 0.100000 0.133333
0 0.512500 0.262500 0.100000 0.133333
0 0.564063 0.814583 0.100000 0.133333
1 0.218750 0.779167 0.100000 0.133333
1 0.443750 0.579167 0.100000 0.133333
1 0.493750 0.322917 0.100000 0.133333
1 0.421875 0.435417 0.100000 0.133333
1 0.565625 0.202083 0.100000 0.133333
