0 0.153125 0.329167 0.100000 0.133333
0 0.453125 0.866667 0.100000 0.133333
0 0.146875 0.787500 0.100000 0.133333
0 0.621875 0.554167 0.100000 0.133333
0 0.773438 0.541667 0.100000 0.133333
0 0.123438 0.177083 0.100000 0.133333
0 0.300000 0.766667 0.100000 0.133333
0 0.657813 0.737500 0.100000 0.133333
0 0.381250 0.408333 0.100000 0.133333
0 0.868750 0.443750 0.100000 0.133333
0 0.856250 0.660417 0.100000 0.133333
0 0.678125 0.156250 0.100000 0.133333
0 0.271875 0.685417 0.100000 0.133333
0 0.537500 0.156250 0.100000 0.133333
0 0.517188 0.212500 0.100000 0.133333
0 0.357812 0.316667 0.100000 0.133333
0 0.498437 0.210417 0.100000 0.133333
0 0.537500 0.300000 0.100000 0.133333
0 0.803125 0.622917 0.100000 0.133333
0 0.135937 0.087500 0.100000 0.133333
0 0.785937 0.112500 0.100000 0.133333
0 0.515625 0.293750 0.100000 0.133333
0 0.518750 0.691667 0.100000 0.133333
0 0.400000 0.795833 0.100000 0.133333
0 0.612500 0.683333 0.100000 0.133333
0 0.757812 0.710417 0.100000 0.133333
0 0.350000 0.697917 0.100000 0.133333
0 0.762500 0.647917 0.100000 0.133333
0 0.545312 0.554167 0.100000 0.133333
0 0.225000 0.891667 0.100000 0.133333
0 0.740625 0.252083 0.100000 0.133333
0 0.110937 0.870833 0.100000 0.133333
0 0.367188 0.091667 0.100000 0.133333
0 0.845313 0.377083 0.100000 0.133333
0 0.364063 0.216667 0.100000 0.133333
0 0.834375 0.454167 0.100000 0.133333
0 0.117188 0.675000 0.100000 0.133333
0 0.767188 0.104167 0.100000 0.133333
0 0.810937 0.497917 0.100000 0.133333
0 0.739062 0.887500 0.100000 0.133333
0 0.139063 0.472917 0.100000 0.133333
0 0.848437 0.422917 0.100000 0.133333
0 0.306250 0.202083 0.100000 0.133333
0 0.750000 0.562500 0.100000 0.133333
0 0.715625 0.339583 0.100000 0.133333
0 0.793750 0.256250 0.100000 0.133333
0 0.218750 0.768750 0.100000 0.133333
0 0.106250 0.675000 0.100000 0.133333
0 0.532813 0.500000 0.100000 0.133333
0 0.721875 0.070833 0.100000 0.133333
0 0.879687 0.570833 0.100000 0.133333
0 0.453125 0.812500 0.100000 0.133333
0 0.771875 0.681250 0.100000 0.133333
0 0.123438 0.114583 0.100000 0.133333
0 0.198437 0.177083 0.100000 0.133333
0 0.359375 0.606250 0.100000 0.133333
0 0.337500 0.412500 0.100000 0.133333
0 0.464062 0.237500 0.100000 0.133333
0 0.800000 0.697917 0.100000 0.133333
0 0.306250 0.510417 0.100000 0.133333
0 0.323437 0.464583 0.100000 0.133333
0 0.390625 0.760417 0.100000 0.133333
0 0.218750 0.156250 0.100000 0.133333
0 0.615625 0.664583 0.100000 0.133333
0 0.701562 0.845833 0.100000 0.133333
0 0.860938 0.822917 0.100000 0.133333
0 0.106250 0.697917 0.100000 0.133333
0 0.426563 0.547917 0.100000 0.133333
0 0.370312 0.481250 0.100000 0.133333
0 0.654687 0.116667 0.100000 0.133333
0 0.225000 0.493750 0.100000 0.133333
0 0.534375 0.181250 0.100000 0.133333
0 0.259375 0.666667 0.100000 0.133333
0 0.785937 0.479167 0.100000 0.133333
0 0.725000 0.181250 0.100000 0.133333
0 0.628125 0.852083 0.100000 0.133333
0 0.720313 0.333333 0.100000 0.133333
0 0.356250 0.431250 0.100000 0.133333
0 0.601562 0.810417 0.100000 0.133333
0 0.196875 0.533333 0.100000 0.133333
0 0.756250 0.100000 0.100000 0.133333
0 0.228125 0.354167 0.100000 0.133333
0 0.153125 0.418750 0.100000 0.133333
0 0.634375 0.143750 0.100000 0.133333
0 0.106250 0.493750 0.100000 0.133333
0 0.518750 0.152083 0.100000 0.133333
0 0.706250 0.841667 0.100000 0.133333
0 0.378125 0.170833 0.100000 0.133333
0 0.393750 0.764583 0.100000 0.133333
0 0.143750 0.395833 0.100000 0.133333
0 0.382812 0.875000 0.100000 0.133333
0 0.642188 0.300000 0.100000 0.133333
0 0.159375 0.700000 0.100000 0.133333
0 0.365625 0.381250 0.100000 0.133333
0 0.520312 0.877083 0.100000 0.133333
0 0.832812 0.785417 0.100000 0.133333
0 0.318750 0.629167 0.100000 0.133333
0 0.546875 0.279167 0.100000 0.133333
0 0.368750 0.512500 0.100000 0.133333
0 0.456250 0.075000 0.100000 0.133333
0 0.171875 0.114583 0.100000 0.133333
0 0.362500 0.079167 0.100000 0.133333
0 0.340625 0.841667 0.100000 0.133333
0 0.442188 0.085417 0.100000 0.133333
0 0.103125 0.095833 0.100000 0.133333
0 0.607812 0.510417 0.100000 0.133333
0 0.618750 0.072917 0.100000 0.133333
0 0.650000 0.341667 0.100000 0.133333
0 0.318750 0.381250 0.100000 0.133333
0 0.720313 0.852083 0.100000 0.133333
0 0.550000 0.520833 0.100000 0.133333
0 0.342187 0.770833 0.100000 0.133333
0 0.498437 0.364583 0.100000 0.133333
0 0.578125 0.212500 0.100000 0.133333
0 0.740625 0.104167 0.100000 0.133333
0 0.229687 0.295833 0.100000 0.133333
0 0.334375 0.297917 0.100000 0.133333
0 0.268750 0.339583 0.100000 0.133333
0 0.146875 0.779167 0.100000 0.133333
0 0.520312 0.795833 0.100000 0.133333
0 0.618750 0.785417 0.100000 0.133333
0 0.834375 0.258333 0.100000 0.133333
0 0.781250 0.781250 0.100000 0.133333
0 0.170313 0.125000 0.100000 0.133333
0 0.878125 0.802083 0.100000 0.133333
0 0.565625 0.268750 0.100000 0.133333
0 0.748437 0.172917 0.100000 0.133333
0 0.709375 0.089583 0.100000 0.133333
0 0.546875 0.720833 0.100000 0.133333
0 0.660937 0.856250 0.100000 0.133333
0 0.690625 0.450000 0.100000 0.133333
0 0.700000 0.325000 0.100000 0.133333
0 0.226562 0.393750 0.100000 0.133333
0 0.414062 0.291667 0.100000 0.133333
0 0.837500 0.185417 0.100000 0.133333
0 0.326562 0.735417 0.100000 0.133333
0 0.246875 0.535417 0.100000 0.133333
0 0.579688 0.877083 0.100000 0.133333
0 0.457813 0.227083 0.100000 0.133333
0 0.515625 0.866667 0.100000 0.133333
0 0.168750 0.081250 0.100000 0.133333
0 0.409375 0.431250 0.100000 0.133333
0 0.145313 0.285417 0.100000 0.133333
0 0.137500 0.295833 0.100000 0.133333
0 0.717187 0.558333 0.100000 0.133333
0 0.114062 0.802083 0.100000 0.133333
0 0.635938 0.493750 0.100000 0.133333
0 0.454688 0.795833 0.100000 0.133333
0 0.401562 0.191667 0.100000 0.133333
0 0.270313 0.729167 0.100000 0.133333
1 0.109375 0.572917 0.100000 0.133333
1 0.710938 0.870833 0.100000 0.133333
1 0.246875 0.760417 0.100000 0.133333
1 0.332813 0.733333 0.100000 0.133333
1 0.840625 0.222917 0.100000 0.133333
