0 0.848437 0.770833 0.100000 0.133333
0 0.268750 0.302083 0.100000 0.133333
0 0.585938 0.637500 0.100000 0.133333
0 0.653125 0.608333 0.100000 0.133333
0 0.632812 0.402083 0.100000 0.133333
0 0.531250 0.485417 0.100000 0.133333
0 0.242188 0.239583 0.100000 0.133333
0 0.757812 0.427083 0.100000 0.133333
0 0.310937 0.385417 0.100000 0.133333
0 0.190625 0.887500 0.100000 0.133333
0 0.814063 0.631250 0.100000 0.133333
0 0.184375 0.331250 0.100000 0.133333
0 0.762500 0.643750 0.100000 0.133333
0 0.284375 0.652083 0.100000 0.133333
0 0.715625 0.181250 0.100000 0.133333
0 0.871875 0.722917 0.100000 0.133333
0 0.667188 0.570833 0.100000 0.133333
0 0.489063 0.595833 0.100000 0.133333
0 0.312500 0.591667 0.100000 0.133333
0 0.603125 0.458333 0.100000 0.133333
0 0.690625 0.766667 0.100000 0.133333
0 0.529687 0.325000 0.100000 0.133333
0 0.232813 0.112500 0.100000 0.133333
0 0.821875 0.122917 0.100000 0.133333
0 0.228125 0.825000 0.100000 0.133333
0 0.259375 0.650000 0.100000 0.133333
0 0.731250 0.343750 0.100000 0.133333
0 0.134375 0.125000 0.100000 0.133333
0 0.385937 0.864583 0.100000 0.133333
0 0.581250 0.085417 0.100000 0.133333
0 0.315625 0.847917 0.100000 0.133333
0 0.234375 0.593750 0.100000 0.133333
0 0.531250 0.587500 0.100000 0.133333
0 0.756250 0.879167 0.100000 0.133333
0 0.628125 0.856250 0.100000 0.133333
0 0.671875 0.320833 0.100000 0.133333
0 0.812500 0.766667 0.100000 0.133333
0 0.409375 0.845833 0.100000 0.133333
0 0.575000 0.256250 0.100000 0.133333
0 0.446875 0.766667 0.100000 0.133333
0 0.528125 0.641667 0.100000 0.133333
0 0.479687 0.747917 0.100000 0.133333
0 0.306250 0.072917 0.100000 0.133333
0 0.192188 0.187500 0.100000 0.133333
0 0.206250 0.875000 0.100000 0.133333
0 0.248438 0.868750 0.100000 0.133333
0 0.529687 0.227083 0.100000 0.133333
0 0.303125 0.818750 0.100000 0.133333
0 0.231250 0.508333 0.100000 0.133333
0 0.484375 0.793750 0.100000 0.133333
0 0.223438 0.495833 0.100000 0.133333
0 0.745313 0.693750 0.100000 0.133333
0 0.123438 0.664583 0.100000 0.133333
0 0.464062 0.156250 0.100000 0.133333
0 0.754687 0.141667 0.100000 0.133333
0 0.864062 0.620833 0.100000 0.133333
0 0.500000 0.264583 0.100000 0.133333
0 0.879687 0.525000 0.100000 0.133333
0 0.125000 0.554167 0.100000 0.133333
0 0.696875 0.781250 0.100000 0.133333
0 0.828125 0.137500 0.100000 0.133333
0 0.329688 0.514583 0.100000 0.133333
0 0.442188 0.389583 0.100000 0.133333
0 0.817187 0.216667 0.100000 0.133333
0 0.353125 0.766667 0.100000 0.133333
0 0.176563 0.752083 0.100000 0.133333
0 0.673438 0.356250 0.100000 0.133333
0 0.118750 0.760417 0.100000 0.133333
0 0.584375 0.681250 0.100000 0.133333
0 0.192188 0.564583 0.100000 0.133333
0 0.181250 0.672917 0.100000 0.133333
0 0.137500 0.856250 0.100000 0.133333
0 0.845313 0.829167 0.100000 0.133333
0 0.131250 0.877083 0.100000 0.133333
0 0.823438 0.541667 0.100000 0.133333
0 0.645312 0.404167 0.100000 0.133333
0 0.464062 0.837500 0.100000 0.133333
0 0.110937 0.339583 0.100000 0.133333
0 0.354687 0.168750 0.100000 0.133333
0 0.320312 0.729167 0.100000 0.133333
0 0.632812 0.772917 0.100000 0.133333
0 0.742188 0.625000 0.100000 0.133333
0 0.356250 0.641667 0.100000 0.133333
0 0.131250 0.870833 0.100000 0.133333
0 0.165625 0.333333 0.100000 0.133333
0 0.779687 0.710417 0.100000 0.133333
0 0.664062 0.735417 0.100000 0.133333
0 0.564063 0.183333 0.100000 0.133333
0 0.503125 0.216667 0.100000 0.133333
0 0.690625 0.620833 0.100000 0.133333
0 0.810937 0.160417 0.100000 0.133333
0 0.417187 0.683333 0.100000 0.133333
0 0.101562 0.166667 0.100000 0.133333
0 0.740625 0.464583 0.100000 0.133333
0 0.479687 0.514583 0.100000 0.133333
0 0.320312 0.431250 0.100000 0.133333
0 0.489063 0.664583 0.100000 0.133333
0 0.370312 0.341667 0.100000 0.133333
0 0.459375 0.318750 0.100000 0.133333
0 0.631250 0.408333 0.100000 0.133333
0 0.896875 0.181250 0.100000 0.133333
0 0.229687 0.581250 0.100000 0.133333
0 0.817187 0.070833 0.100000 0.133333
0 0.414062 0.768750 0.100000 0.133333
0 0.871875 0.564583 0.100000 0.133333
0 0.362500 0.535417 0.100000 0.133333
0 0.807813 0.652083 0.100000 0.133333
0 0.148438 0.860417 0.100000 0.133333
0 0.796875 0.187500 0.100000 0.133333
0 0.818750 0.414583 0.100000 0.133333
0 0.890625 0.410417 0.100000 0.133333
0 0.856250 0.297917 0.100000 0.133333
0 0.303125 0.233333 0.100000 0.133333
0 0.429688 0.864583 0.100000 0.133333
0 0.790625 0.516667 0.100000 0.133333
0 0.414062 0.089583 0.100000 0.133333
0 0.370312 0.825000 0.100000 0.133333
0 0.648438 0.154167 0.100000 0.133333
0 0.798438 0.387500 0.100000 0.133333
0 0.564063 0.629167 0.100000 0.133333
0 0.773438 0.712500 0.100000 0.133333
0 0.123438 0.312500 0.100000 0.133333
0 0.512500 0.618750 0.100000 0.133333
0 0.375000 0.375000 0.100000 0.133333
0 0.490625 0.379167 0.100000 0.133333
0 0.635938 0.102083 0.100000 0.133333
0 0.500000 0.620833 0.100000 0.133333
0 0.431250 0.362500 0.100000 0.133333
0 0.384375 0.352083 0.100000 0.133333
0 0.210938 0.239583 0.100000 0.133333
0 0.681250 0.706250 0.100000 0.133333
0 0.467187 0.279167 0.100000 0.133333
0 0.439063 0.100000 0.100000 0.133333
0 0.770312 0.447917 0.100000 0.133333
0 0.167187 0.635417 0.100000 0.133333
0 0.143750 0.881250 0.100000 0.133333
0 0.789062 0.862500 0.100000 0.133333
0 0.139063 0.610417 0.100000 0.133333
0 0.885938 0.375000 0.100000 0.133333
0 0.454688 0.722917 0.100000 0.133333
0 0.657813 0.414583 0.100000 0.133333
0 0.842187 0.462500 0.100000 0.133333
0 0.198437 0.377083 0.100000 0.133333
0 0.695312 0.535417 0.100000 0.133333
0 0.362500 0.610417 0.100000 0.133333
0 0.615625 0.666667 0.100000 0.133333
0 0.570312 0.581250 0.100000 0.133333
0 0.718750 0.158333 0.100000 0.133333
0 0.607812 0.579167 0.100000 0.133333
0 0.487500 0.793750 0.100000 0.133333
1 0.675000 0.839583 0.100000 0.133333
1 0.584375 0.764583 0.100000 0.133333
1 0.156250 0.864583 0.100000 0.133333
1 0.550000 0.575000 0.100000 0.133333
1 0.218750 0.427083 0.100000 0.133333
