0 0.353125 0.600000 0.100000 0.133333
0 0.482812 0.612500 0.100000 0.133333
0 0.892188 0.460417 0.100000 0.133333
0 0.485938 0.335417 0.100000 0.133333
0 0.146875 0.629167 0.100000 0.133333
0 0.540625 0.166667 0.100000 0.133333
0 0.578125 0.762500 0.100000 0.133333
0 0.693750 0.114583 0.100000 0.133333
0 0.470313 0.435417 0.100000 0.133333
0 0.295312 0.081250 0.100000 0.133333
0 0.162500 0.185417 0.100000 0.133333
0 0.643750 0.764583 0.100000 0.133333
0 0.612500 0.231250 0.100000 0.133333
0 0.778125 0.587500 0.100000 0.133333
0 0.828125 0.731250 0.100000 0.133333
0 0.404687 0.743750 0.100000 0.133333
0 0.707812 0.654167 0.100000 0.133333
0 0.735938 0.622917 0.100000 0.133333
0 0.584375 0.818750 0.100000 0.133333
0 0.334375 0.497917 0.100000 0.133333
0 0.215625 0.272917 0.100000 0.133333
0 0.154688 0.422917 0.100000 0.133333
0 0.742188 0.472917 0.100000 0.133333
0 0.453125 0.735417 0.100000 0.133333
0 0.114062 0.258333 0.100000 0.133333
0 0.148438 0.472917 0.100000 0.133333
0 0.576562 0.425000 0.100000 0.133333
0 0.351562 0.475000 0.100000 0.133333
0 0.145313 0.470833 0.100000 0.133333
0 0.573438 0.672917 0.100000 0.133333
0 0.601562 0.391667 0.100000 0.133333
0 0.812500 0.222917 0.100000 0.133333
0 0.295312 0.531250 0.100000 0.133333
0 0.800000 0.352083 0.100000 0.133333
0 0.320312 0.720833 0.100000 0.133333
0 0.582812 0.181250 0.100000 0.133333
0 0.467187 0.756250 0.100000 0.133333
0 0.442188 0.110417 0.100000 0.133333
0 0.856250 0.304167 0.100000 0.133333
0 0.606250 0.256250 0.100000 0.133333
0 0.832812 0.552083 0.100000 0.133333
0 0.539062 0.147917 0.100000 0.133333
0 0.740625 0.581250 0.100000 0.133333
0 0.545312 0.202083 0.100000 0.133333
0 0.625000 0.070833 0.100000 0.133333
0 0.610938 0.564583 0.100000 0.133333
0 0.439063 0.460417 0.100000 0.133333
0 0.835938 0.166667 0.100000 0.133333
0 0.726562 0.514583 0.100000 0.133333
0 0.434375 0.591667 0.100000 0.133333
0 0.126562 0.554167 0.100000 0.133333
0 0.656250 0.772917 0.100000 0.133333
0 0.793750 0.868750 0.100000 0.133333
0 0.735938 0.472917 0.100000 0.133333
0 0.684375 0.520833 0.100000 0.133333
0 0.321875 0.485417 0.100000 0.133333
0 0.281250 0.714583 0.100000 0.133333
0 0.362500 0.422917 0.100000 0.133333
0 0.843750 0.854167 0.100000 0.133333
0 0.176563 0.856250 0.100000 0.133333
0 0.328125 0.300000 0.100000 0.133333
0 0.707812 0.691667 0.100000 0.133333
0 0.681250 0.150000 0.100000 0.133333
0 0.848437 0.218750 0.100000 0.133333
0 0.187500 0.483333 0.100000 0.133333
0 0.457813 0.487500 0.100000 0.133333
0 0.470313 0.383333 0.100000 0.133333
0 0.750000 0.131250 0.100000 0.133333
0 0.329688 0.714583 0.100000 0.133333
0 0.757812 0.629167 0.100000 0.133333
0 0.198437 0.364583 0.100000 0.133333
0 0.670312 0.150000 0.100000 0.133333
0 0.368750 0.235417 0.100000 0.133333
0 0.356250 0.160417 0.100000 0.133333
0 0.296875 0.256250 0.100000 0.133333
0 0.445312 0.435417 0.100000 0.133333
0 0.704688 0.077083 0.100000 0.133333
0 0.387500 0.822917 0.100000 0.133333
0 0.751563 0.283333 0.100000 0.133333
0 0.778125 0.762500 0.100000 0.133333
0 0.465625 0.552083 0.100000 0.133333
0 0.151562 0.695833 0.100000 0.133333
0 0.862500 0.447917 0.100000 0.133333
0 0.521875 0.502083 0.100000 0.133333
0 0.207813 0.600000 0.100000 0.133333
0 0.296875 0.479167 0.100000 0.133333
0 0.493750 0.341667 0.100000 0.133333
0 0.690625 0.070833 0.100000 0.133333
0 0.789062 0.712500 0.100000 0.133333
0 0.593750 0.566667 0.100000 0.133333
0 0.553125 0.862500 0.100000 0.133333
0 0.587500 0.870833 0.100000 0.133333
0 0.506250 0.093750 0.100000 0.133333
0 0.454688 0.072917 0.100000 0.133333
0 0.621875 0.656250 0.100000 0.133333
0 0.593750 0.422917 0.100000 0.133333
0 0.739062 0.872917 0.100000 0.133333
0 0.381250 0.643750 0.100000 0.133333
0 0.534375 0.279167 0.100000 0.133333
0 0.323437 0.345833 0.100000 0.133333
0 0.501563 0.208333 0.100000 0.133333
0 0.203125 0.856250 0.100000 0.133333
0 0.664062 0.352083 0.100000 0.133333
0 0.523438 0.095833 0.100000 0.133333
0 0.156250 0.885417 0.100000 0.133333
0 0.710938 0.793750 0.100000 0.133333
0 0.307812 0.087500 0.100000 0.133333
0 0.603125 0.206250 0.100000 0.133333
0 0.579688 0.125000 0.100000 0.133333
0 0.617188 0.154167 0.100000 0.133333
0 0.840625 0.095833 0.100000 0.133333
0 0.540625 0.418750 0.100000 0.133333
0 0.645312 0.829167 0.100000 0.133333
0 0.456250 0.391667 0.100000 0.133333
0 0.690625 0.143750 0.100000 0.133333
0 0.687500 0.156250 0.100000 0.133333
0 0.729688 0.616667 0.100000 0.133333
0 0.831250 0.841667 0.100000 0.133333
0 0.721875 0.083333 0.100000 0.133333
0 0.146875 0.518750 0.100000 0.133333
0 0.215625 0.760417 0.100000 0.133333
0 0.865625 0.441667 0.100000 0.133333
0 0.729688 0.768750 0.100000 0.133333
0 0.587500 0.375000 0.100000 0.133333
0 0.332813 0.854167 0.100000 0.133333
0 0.823438 0.429167 0.100000 0.133333
0 0.557813 0.666667 0.100000 0.133333
0 0.385937 0.231250 0.100000 0.133333
0 0.189062 0.706250 0.100000 0.133333
0 0.510938 0.670833 0.100000 0.133333
0 0.442188 0.441667 0.100000 0.133333
0 0.850000 0.575000 0.100000 0.133333
0 0.303125 0.166667 0.100000 0.133333
0 0.442188 0.114583 0.100000 0.133333
0 0.867188 0.800000 0.100000 0.133333
0 0.689063 0.358333 0.100000 0.133333
0 0.814063 0.887500 0.100000 0.133333
0 0.518750 0.291667 0.100000 0.133333
0 0.860938 0.652083 0.100000 0.133333
0 0.548438 0.435417 0.100000 0.133333
0 0.870313 0.620833 0.100000 0.133333
0 0.639062 0.685417 0.100000 0.133333
0 0.215625 0.502083 0.100000 0.133333
0 0.314063 0.281250 0.100000 0.133333
0 0.457813 0.718750 0.100000 0.133333
0 0.839063 0.297917 0.100000 0.133333
0 0.267188 0.662500 0.100000 0.133333
0 0.117188 0.545833 0.100000 0.133333
0 0.156250 0.370833 0.100000 0.133333
0 0.528125 0.425000 0.100000 0.133333
1 0.767188 0.110417 0.100000 0.133333
1 0.653125 0.216667 0.100000 0.133333
1 0.159375 0.170833 0.100000 0.133333
1 0.637500 0.208333 0.100000 0.133333
1 0.685937 0.233333 0.100000 0.133333
