0 0.381250 0.354167 0.100000 0.133333
0 0.217188 0.541667 0.100000 0.133333
0 0.575000 0.522917 0.100000 0.133333
0 0.396875 0.252083 0.100000 0.133333
0 0.720313 0.764583 0.100000 0.133333
0 0.529687 0.822917 0.100000 0.133333
0 0.328125 0.435417 0.100000 0.133333
0 0.767188 0.827083 0.100000 0.133333
0 0.651563 0.352083 0.100000 0.133333
0 0.778125 0.587500 0.100000 0.133333
0 0.734375 0.816667 0.100000 0.133333
0 0.175000 0.835417 0.100000 0.133333
0 0.856250 0.531250 0.100000 0.133333
0 0.800000 0.239583 0.100000 0.133333
0 0.442188 0.450000 0.100000 0.133333
0 0.296875 0.377083 0.100000 0.133333
0 0.582812 0.633333 0.100000 0.133333
0 0.389062 0.764583 0.100000 0.133333
0 0.184375 0.272917 0.100000 0.133333
0 0.184375 0.104167 0.100000 0.133333
0 0.473438 0.416667 0.100000 0.133333
0 0.251563 0.166667 0.100000 0.133333
0 0.698438 0.318750 0.100000 0.133333
0 0.676562 0.356250 0.100000 0.133333
0 0.760938 0.735417 0.100000 0.133333
0 0.701562 0.725000 0.100000 0.133333
0 0.462500 0.839583 0.100000 0.133333
0 0.525000 0.631250 0.100000 0.133333
0 0.681250 0.327083 0.100000 0.133333
0 0.559375 0.797917 0.100000 0.133333
0 0.142187 0.664583 0.100000 0.133333
0 0.323437 0.264583 0.100000 0.133333
0 0.690625 0.718750 0.100000 0.133333
0 0.860938 0.652083 0.100000 0.133333
0 0.851562 0.787500 0.100000 0.133333
0 0.618750 0.283333 0.100000 0.133333
0 0.162500 0.127083 0.100000 0.133333
0 0.510938 0.464583 0.100000 0.133333
0 0.817187 0.072917 0.100000 0.133333
0 0.179688 0.314583 0.100000 0.133333
0 0.159375 0.854167 0.100000 0.133333
0 0.487500 0.200000 0.100000 0.133333
0 0.629687 0.172917 0.100000 0.133333
0 0.292187 0.539583 0.100000 0.133333
0 0.401562 0.370833 0.100000 0.133333
0 0.507812 0.864583 0.100000 0.133333
0 0.767188 0.697917 0.100000 0.133333
0 0.320312 0.316667 0.100000 0.133333
0 0.306250 0.856250 0.100000 0.133333
0 0.626563 0.770833 0.100000 0.133333
0 0.142187 0.575000 0.100000 0.133333
0 0.506250 0.862500 0.100000 0.133333
0 0.621875 0.612500 0.100000 0.133333
0 0.273438 0.352083 0.100000 0.133333
0 0.821875 0.337500 0.100000 0.133333
0 0.793750 0.450000 0.100000 0.133333
0 0.781250 0.839583 0.100000 0.133333
0 0.228125 0.404167 0.100000 0.133333
0 0.300000 0.481250 0.100000 0.133333
0 0.709375 0.416667 0.100000 0.133333
0 0.818750 0.687500 0.100000 0.133333
0 0.854688 0.368750 0.100000 0.133333
0 0.593750 0.887500 0.100000 0.133333
0 0.254688 0.654167 0.100000 0.133333
0 0.268750 0.645833 0.100000 0.133333
0 0.692187 0.852083 0.100000 0.133333
0 0.348438 0.156250 0.100000 0.133333
0 0.692187 0.347917 0.100000 0.133333
0 0.276562 0.308333 0.100000 0.133333
0 0.609375 0.470833 0.100000 0.133333
0 0.148438 0.212500 0.100000 0.133333
0 0.184375 0.714583 0.100000 0.133333
0 0.750000 0.514583 0.100000 0.133333
0 0.271875 0.375000 0.100000 0.133333
0 0.856250 0.185417 0.100000 0.133333
0 0.348438 0.768750 0.100000 0.133333
0 0.421875 0.100000 0.100000 0.133333
0 0.195312 0.664583 0.100000 0.133333
0 0.584375 0.175000 0.100000 0.133333
0 0.287500 0.179167 0.100000 0.133333
0 0.567187 0.712500 0.100000 0.133333
0 0.348438 0.377083 0.100000 0.133333
0 0.639062 0.858333 0.100000 0.133333
0 0.556250 0.120833 0.100000 0.133333
0 0.267188 0.137500 0.100000 0.133333
0 0.560937 0.070833 0.100000 0.133333
0 0.306250 0.310417 0.100000 0.133333
0 0.353125 0.500000 0.100000 0.133333
0 0.262500 0.712500 0.100000 0.133333
0 0.637500 0.312500 0.100000 0.133333
0 0.843750 0.704167 0.100000 0.133333
0 0.796875 0.735417 0.100000 0.133333
0 0.610938 0.485417 0.100000 0.133333
0 0.243750 0.652083 0.100000 0.133333
0 0.782813 0.214583 0.100000 0.133333
0 0.387500 0.125000 0.100000 0.133333
0 0.446875 0.593750 0.100000 0.133333
0 0.415625 0.441667 0.100000 0.133333
0 0.215625 0.091667 0.100000 0.133333
0 0.107813 0.587500 0.100000 0.133333
0 0.603125 0.514583 0.100000 0.133333
0 0.248438 0.418750 0.100000 0.133333
0 0.698438 0.510417 0.100000 0.133333
0 0.598437 0.333333 0.100000 0.133333
0 0.506250 0.387500 0.100000 0.133333
0 0.518750 0.508333 0.100000 0.133333
0 0.587500 0.247917 0.100000 0.133333
0 0.225000 0.800000 0.100000 0.133333
0 0.801562 0.097917 0.100000 0.133333
0 0.643750 0.229167 0.100000 0.133333
0 0.306250 0.362500 0.100000 0.133333
0 0.482812 0.383333 0.100000 0.133333
0 0.807813 0.764583 0.100000 0.133333
0 0.139063 0.562500 0.100000 0.133333
0 0.834375 0.143750 0.100000 0.133333
0 0.864062 0.597917 0.100000 0.133333
0 0.673438 0.325000 0.100000 0.133333
0 0.857812 0.850000 0.100000 0.133333
0 0.178125 0.225000 0.100000 0.133333
0 0.829688 0.389583 0.100000 0.133333
0 0.775000 0.737500 0.100000 0.133333
0 0.531250 0.710417 0.100000 0.133333
0 0.529687 0.295833 0.100000 0.133333
0 0.598437 0.156250 0.100000 0.133333
0 0.704688 0.072917 0.100000 0.133333
0 0.254688 0.268750 0.100000 0.133333
0 0.504687 0.566667 0.100000 0.133333
0 0.200000 0.762500 0.100000 0.133333
0 0.304688 0.343750 0.100000 0.133333
0 0.879687 0.833333 0.100000 0.133333
0 0.156250 0.377083 0.100000 0.133333
0 0.710938 0.260417 0.100000 0.133333
0 0.760938 0.835417 0.100000 0.133333
0 0.529687 0.375000 0.100000 0.133333
0 0.720313 0.206250 0.100000 0.133333
0 0.232813 0.770833 0.100000 0.133333
0 0.382812 0.491667 0.100000 0.133333
0 0.198437 0.368750 0.100000 0.133333
0 0.854688 0.352083 0.100000 0.133333
0 0.489063 0.827083 0.100000 0.133333
0 0.803125 0.491667 0.100000 0.133333
0 0.537500 0.856250 0.100000 0.133333
0 0.240625 0.600000 0.100000 0.133333
0 0.820312 0.333333 0.100000 0.133333
0 0.398438 0.816667 0.100000 0.133333
0 0.495312 0.862500 0.100000 0.133333
0 0.798438 0.679167 0.100000 0.133333
0 0.685937 0.820833 0.100000 0.133333
0 0.675000 0.541667 0.100000 0.133333
0 0.690625 0.172917 0.100000 0.133333
1 0.545312 0.833333 0.100000 0.133333
1 0.706250 0.283333 0.100000 0.133333
1 0.215625 0.402083 0.100000 0.133333
1 0.678125 0.452083 0.100000 0.133333
1 0.589063 0.110417 0.100000 0.133333
