0 0.700000 0.652083 0.100000 0.133333
0 0.448437 0.091667 0.100000 0.133333
0 0.537500 0.183333 0.100000 0.133333
0 0.675000 0.131250 0.100000 0.133333
0 0.237500 0.593750 0.100000 0.133333
0 0.556250 0.331250 0.100000 0.133333
0 0.831250 0.408333 0.100000 0.133333
0 0.367188 0.868750 0.100000 0.133333
0 0.426563 0.285417 0.100000 0.133333
0 0.454688 0.360417 0.100000 0.133333
0 0.564063 0.262500 0.100000 0.133333
0 0.106250 0.622917 0.100000 0.133333
0 0.545312 0.635417 0.100000 0.133333
0 0.814063 0.537500 0.100000 0.133333
0 0.846875 0.677083 0.100000 0.133333
0 0.632812 0.245833 0.100000 0.133333
0 0.584375 0.835417 0.100000 0.133333
0 0.654687 0.395833 0.100000 0.133333
0 0.265625 0.310417 0.100000 0.133333
0 0.271875 0.795833 0.100000 0.133333
0 0.248438 0.783333 0.100000 0.133333
0 0.617188 0.547917 0.100000 0.133333
0 0.834375 0.714583 0.100000 0.133333
0 0.439063 0.379167 0.100000 0.133333
0 0.584375 0.504167 0.100000 0.133333
0 0.239063 0.883333 0.100000 0.133333
0 0.628125 0.287500 0.100000 0.133333
0 0.798438 0.710417 0.100000 0.133333
0 0.521875 0.318750 0.100000 0.133333
0 0.342187 0.093750 0.100000 0.133333
0 0.268750 0.081250 0.100000 0.133333
0 0.854688 0.456250 0.100000 0.133333
0 0.550000 0.631250 0.100000 0.133333
0 0.643750 0.497917 0.100000 0.133333
0 0.845313 0.250000 0.100000 0.133333
0 0.481250 0.450000 0.100000 0.133333
0 0.710938 0.395833 0.100000 0.133333
0 0.589063 0.843750 0.100000 0.133333
0 0.601562 0.750000 0.100000 0.133333
0 0.487500 0.379167 0.100000 0.133333
0 0.362500 0.497917 0.100000 0.133333
0 0.242188 0.227083 0.100000 0.133333
0 0.884375 0.618750 0.100000 0.133333
0 0.784375 0.579167 0.100000 0.133333
0 0.815625 0.858333 0.100000 0.133333
0 0.354687 0.225000 0.100000 0.133333
0 0.576562 0.456250 0.100000 0.133333
0 0.562500 0.472917 0.100000 0.133333
0 0.720313 0.679167 0.100000 0.133333
0 0.846875 0.795833 0.100000 0.133333
0 0.384375 0.727083 0.100000 0.133333
0 0.640625 0.072917 0.100000 0.133333
0 0.623437 0.479167 0.100000 0.133333
0 0.607812 0.104167 0.100000 0.133333
0 0.150000 0.637500 0.100000 0.133333
0 0.418750 0.558333 0.100000 0.133333
0 0.646875 0.518750 0.100000 0.133333
0 0.878125 0.816667 0.100000 0.133333
0 0.146875 0.475000 0.100000 0.133333
0 0.382812 0.220833 0.100000 0.133333
0 0.314063 0.237500 0.100000 0.133333
0 0.678125 0.725000 0.100000 0.133333
0 0.773438 0.700000 0.100000 0.133333
0 0.870313 0.143750 0.100000 0.133333
0 0.453125 0.335417 0.100000 0.133333
0 0.645312 0.487500 0.100000 0.133333
0 0.328125 0.441667 0.100000 0.133333
0 0.212500 0.170833 0.100000 0.133333
0 0.731250 0.795833 0.100000 0.133333
0 0.675000 0.672917 0.100000 0.133333
0 0.659375 0.568750 0.100000 0.133333
0 0.471875 0.300000 0.100000 0.133333
0 0.840625 0.864583 0.100000 0.133333
0 0.776563 0.389583 0.100000 0.133333
0 0.643750 0.350000 0.100000 0.133333
0 0.885938 0.725000 0.100000 0.133333
0 0.425000 0.487500 0.100000 0.133333
0 0.789062 0.670833 0.100000 0.133333
0 0.296875 0.366667 0.100000 0.133333
0 0.900000 0.735417 0.100000 0.133333
0 0.512500 0.647917 0.100000 0.133333
0 0.120313 0.716667 0.100000 0.133333
0 0.626563 0.647917 0.100000 0.133333
0 0.440625 0.718750 0.100000 0.133333
0 0.556250 0.208333 0.100000 0.133333
0 0.417187 0.077083 0.100000 0.133333
0 0.331250 0.554167 0.100000 0.133333
0 0.507812 0.195833 0.100000 0.133333
0 0.615625 0.543750 0.100000 0.133333
0 0.768750 0.072917 0.100000 0.133333
0 0.348438 0.077083 0.100000 0.133333
0 0.242188 0.508333 0.100000 0.133333
0 0.846875 0.329167 0.100000 0.133333
0 0.529687 0.783333 0.100000 0.133333
0 0.662500 0.577083 0.100000 0.133333
0 0.832812 0.747917 0.100000 0.133333
0 0.718750 0.272917 0.100000 0.133333
0 0.706250 0.447917 0.100000 0.133333
0 0.651563 0.506250 0.100000 0.133333
0 0.214062 0.366667 0.100000 0.133333
0 0.501563 0.162500 0.100000 0.133333
0 0.410938 0.589583 0.100000 0.133333
0 0.750000 0.166667 0.100000 0.133333
0 0.165625 0.208333 0.100000 0.133333
0 0.239063 0.839583 0.100000 0.133333
0 0.717187 0.422917 0.100000 0.133333
0 0.121875 0.406250 0.100000 0.133333
0 0.842187 0.825000 0.100000 0.133333
0 0.181250 0.681250 0.100000 0.133333
0 0.704688 0.137500 0.100000 0.133333
0 0.564063 0.152083 0.100000 0.133333
0 0.428125 0.225000 0.100000 0.133333
0 0.460938 0.208333 0.100000 0.133333
0 0.725000 0.152083 0.100000 0.133333
0 0.425000 0.254167 0.100000 0.133333
0 0.150000 0.618750 0.100000 0.133333
0 0.890625 0.310417 0.100000 0.133333
0 0.471875 0.452083 0.100000 0.133333
0 0.145313 0.797917 0.100000 0.133333
0 0.868750 0.481250 0.100000 0.133333
0 0.787500 0.585417 0.100000 0.133333
0 0.403125 0.889583 0.100000 0.133333
0 0.603125 0.885417 0.100000 0.133333
0 0.342187 0.175000 0.100000 0.133333
0 0.743750 0.543750 0.100000 0.133333
0 0.576562 0.443750 0.100000 0.133333
0 0.445312 0.264583 0.100000 0.133333
0 0.704688 0.327083 0.100000 0.133333
0 0.582812 0.562500 0.100000 0.133333
0 0.398438 0.241667 0.100000 0.133333
0 0.792188 0.389583 0.100000 0.133333
0 0.120313 0.372917 0.100000 0.133333
0 0.315625 0.214583 0.100000 0.133333
0 0.379688 0.143750 0.100000 0.133333
0 0.620313 0.114583 0.100000 0.133333
0 0.125000 0.608333 0.100000 0.133333
0 0.134375 0.177083 0.100000 0.133333
0 0.134375 0.156250 0.100000 0.133333
0 0.467187 0.737500 0.100000 0.133333
0 0.809375 0.485417 0.100000 0.133333
0 0.728125 0.622917 0.100000 0.133333
0 0.664062 0.302083 0.100000 0.133333
0 0.518750 0.485417 0.100000 0.133333
0 0.237500 0.197917 0.100000 0.133333
0 0.215625 0.664583 0.100000 0.133333
0 0.471875 0.575000 0.100000 0.133333
0 0.514062 0.343750 0.100000 0.133333
0 0.362500 0.670833 0.100000 0.133333
0 0.426563 0.137500 0.100000 0.133333
0 0.612500 0.512500 0.100000 0.133333
1 0.592187 0.114583 0.100000 0.133333
1 0.492188 0.385417 0.100000 0.133333
1 0.064062 0.287500 0.100000 0.133333
1 0.401562 0.922917 0.100000 0.133333
1 0.645312 0.831250 0.100000 0.133333
