0 0.137500 0.668750 0.100000 0.133333
0 0.434375 0.768750 0.100000 0.133333
0 0.428125 0.075000 0.100000 0.133333
0 0.242188 0.422917 0.100000 0.133333
0 0.309375 0.397917 0.100000 0.133333
0 0.340625 0.102083 0.100000 0.133333
0 0.753125 0.689583 0.100000 0.133333
0 0.317188 0.439583 0.100000 0.133333
0 0.696875 0.329167 0.100000 0.133333
0 0.337500 0.856250 0.100000 0.133333
0 0.356250 0.139583 0.100000 0.133333
0 0.214062 0.193750 0.100000 0.133333
0 0.264062 0.750000 0.100000 0.133333
0 0.582812 0.095833 0.100000 0.133333
0 0.582812 0.420833 0.100000 0.133333
0 0.609375 0.254167 0.100000 0.133333
0 0.454688 0.487500 0.100000 0.133333
0 0.775000 0.431250 0.100000 0.133333
0 0.490625 0.385417 0.100000 0.133333
0 0.523438 0.679167 0.100000 0.133333
0 0.393750 0.306250 0.100000 0.133333
0 0.346875 0.575000 0.100000 0.133333
0 0.421875 0.235417 0.100000 0.133333
0 0.639062 0.558333 0.100000 0.133333
0 0.109375 0.127083 0.100000 0.133333
0 0.832812 0.637500 0.100000 0.133333
0 0.278125 0.581250 0.100000 0.133333
0 0.160938 0.431250 0.100000 0.133333
0 0.470313 0.552083 0.100000 0.133333
0 0.203125 0.845833 0.100000 0.133333
0 0.776563 0.664583 0.100000 0.133333
0 0.775000 0.750000 0.100000 0.133333
0 0.239063 0.291667 0.100000 0.133333
0 0.810937 0.272917 0.100000 0.133333
0 0.387500 0.587500 0.100000 0.133333
0 0.242188 0.816667 0.100000 0.133333
0 0.368750 0.720833 0.100000 0.133333
0 0.675000 0.847917 0.100000 0.133333
0 0.667188 0.583333 0.100000 0.133333
0 0.862500 0.239583 0.100000 0.133333
0 0.559375 0.262500 0.100000 0.133333
0 0.750000 0.620833 0.100000 0.133333
0 0.687500 0.862500 0.100000 0.133333
0 0.323437 0.187500 0.100000 0.133333
0 0.267188 0.100000 0.100000 0.133333
0 0.612500 0.500000 0.100000 0.133333
0 0.235937 0.418750 0.100000 0.133333
0 0.614062 0.497917 0.100000 0.133333
0 0.392188 0.425000 0.100000 0.133333
0 0.764062 0.460417 0.100000 0.133333
0 0.425000 0.141667 0.100000 0.133333
0 0.121875 0.281250 0.100000 0.133333
0 0.443750 0.700000 0.100000 0.133333
0 0.395313 0.431250 0.100000 0.133333
0 0.857812 0.077083 0.100000 0.133333
0 0.792188 0.122917 0.100000 0.133333
0 0.456250 0.293750 0.100000 0.133333
0 0.765625 0.610417 0.100000 0.133333
0 0.495312 0.212500 0.100000 0.133333
0 0.746875 0.229167 0.100000 0.133333
0 0.629687 0.441667 0.100000 0.133333
0 0.681250 0.702083 0.100000 0.133333
0 0.287500 0.229167 0.100000 0.133333
0 0.798438 0.068750 0.100000 0.133333
0 0.312500 0.791667 0.100000 0.133333
0 0.504687 0.133333 0.100000 0.133333
0 0.671875 0.710417 0.100000 0.133333
0 0.628125 0.845833 0.100000 0.133333
0 0.590625 0.743750 0.100000 0.133333
0 0.140625 0.622917 0.100000 0.133333
0 0.607812 0.772917 0.100000 0.133333
0 0.370312 0.850000 0.100000 0.133333
0 0.500000 0.206250 0.100000 0.133333
0 0.576562 0.575000 0.100000 0.133333
0 0.295312 0.439583 0.100000 0.133333
0 0.709375 0.350000 0.100000 0.133333
0 0.368750 0.302083 0.100000 0.133333
0 0.660937 0.814583 0.100000 0.133333
0 0.425000 0.787500 0.100000 0.133333
0 0.651563 0.512500 0.100000 0.133333
0 0.335938 0.602083 0.100000 0.133333
0 0.706250 0.139583 0.100000 0.133333
0 0.103125 0.081250 0.100000 0.133333
0 0.751563 0.664583 0.100000 0.133333
0 0.278125 0.564583 0.100000 0.133333
0 0.410938 0.593750 0.100000 0.133333
0 0.625000 0.785417 0.100000 0.133333
0 0.160938 0.687500 0.100000 0.133333
0 0.318750 0.656250 0.100000 0.133333
0 0.517188 0.552083 0.100000 0.133333
0 0.895312 0.393750 0.100000 0.133333
0 0.778125 0.800000 0.100000 0.133333
0 0.807813 0.372917 0.100000 0.133333
0 0.410938 0.529167 0.100000 0.133333
0 0.471875 0.310417 0.100000 0.133333
0 0.131250 0.885417 0.100000 0.133333
0 0.721875 0.333333 0.100000 0.133333
0 0.464062 0.285417 0.100000 0.133333
0 0.237500 0.541667 0.100000 0.133333
0 0.645312 0.200000 0.100000 0.133333
0 0.656250 0.358333 0.100000 0.133333
0 0.581250 0.670833 0.100000 0.133333
0 0.206250 0.414583 0.100000 0.133333
0 0.750000 0.560417 0.100000 0.133333
0 0.242188 0.729167 0.100000 0.133333
0 0.876563 0.704167 0.100000 0.133333
0 0.132812 0.139583 0.100000 0.133333
0 0.109375 0.379167 0.100000 0.133333
0 0.835938 0.410417 0.100000 0.133333
0 0.167187 0.268750 0.100000 0.133333
0 0.114062 0.883333 0.100000 0.133333
0 0.139063 0.764583 0.100000 0.133333
0 0.287500 0.331250 0.100000 0.133333
0 0.548438 0.250000 0.100000 0.133333
0 0.265625 0.202083 0.100000 0.133333
0 0.457813 0.785417 0.100000 0.133333
0 0.470313 0.406250 0.100000 0.133333
0 0.376563 0.864583 0.100000 0.133333
0 0.256250 0.395833 0.100000 0.133333
0 0.723437 0.860417 0.100000 0.133333
0 0.690625 0.522917 0.100000 0.133333
0 0.712500 0.281250 0.100000 0.133333
0 0.118750 0.220833 0.100000 0.133333
0 0.639062 0.735417 0.100000 0.133333
0 0.218750 0.777083 0.100000 0.133333
0 0.303125 0.164583 0.100000 0.133333
0 0.153125 0.168750 0.100000 0.133333
0 0.464062 0.710417 0.100000 0.133333
0 0.354687 0.122917 0.100000 0.133333
0 0.259375 0.639583 0.100000 0.133333
0 0.723437 0.145833 0.100000 0.133333
0 0.259375 0.114583 0.100000 0.133333
0 0.846875 0.566667 0.100000 0.133333
0 0.212500 0.468750 0.100000 0.133333
0 0.467187 0.460417 0.100000 0.133333
0 0.884375 0.858333 0.100000 0.133333
0 0.601562 0.118750 0.100000 0.133333
0 0.217188 0.225000 0.100000 0.133333
0 0.659375 0.243750 0.100000 0.133333
0 0.284375 0.860417 0.100000 0.133333
0 0.879687 0.700000 0.100000 0.133333
0 0.759375 0.170833 0.100000 0.133333
0 0.390625 0.347917 0.100000 0.133333
0 0.618750 0.189583 0.100000 0.133333
0 0.171875 0.295833 0.100000 0.133333
0 0.528125 0.300000 0.100000 0.133333
0 0.590625 0.533333 0.100000 0.133333
0 0.862500 0.070833 0.100000 0.133333
0 0.425000 0.287500 0.100000 0.133333
0 0.740625 0.491667 0.100000 0.133333
1 0.210938 0.347917 0.100000 0.133333
1 0.167187 0.612500 0.100000 0.133333
1 0.092188 0.775000 0.100000 0.133333
1 0.328125 0.389583 0.100000 0.133333
1 0.212500 0.231250 0.100000 0.133333
