0 0.260937 0.572917 0.100000 0.133333
0 0.217188 0.104167 0.100000 0.133333
0 0.335938 0.175000 0.100000 0.133333
0 0.646875 0.762500 0.100000 0.133333
0 0.243750 0.485417 0.100000 0.133333
0 0.210938 0.658333 0.100000 0.133333
0 0.882812 0.327083 0.100000 0.133333
0 0.723437 0.720833 0.100000 0.133333
0 0.846875 0.081250 0.100000 0.133333
0 0.410938 0.670833 0.100000 0.133333
0 0.835938 0.647917 0.100000 0.133333
0 0.728125 0.829167 0.100000 0.133333
0 0.559375 0.789583 0.100000 0.133333
0 0.595313 0.864583 0.100000 0.133333
0 0.287500 0.120833 0.100000 0.133333
0 0.617188 0.527083 0.100000 0.133333
0 0.610938 0.137500 0.100000 0.133333
0 0.629687 0.093750 0.100000 0.133333
0 0.473438 0.531250 0.100000 0.133333
0 0.471875 0.389583 0.100000 0.133333
0 0.303125 0.343750 0.100000 0.133333
0 0.104688 0.850000 0.100000 0.133333
0 0.265625 0.850000 0.100000 0.133333
0 0.740625 0.095833 0.100000 0.133333
0 0.484375 0.106250 0.100000 0.133333
0 0.628125 0.816667 0.100000 0.133333
0 0.884375 0.602083 0.100000 0.133333
0 0.229687 0.122917 0.100000 0.133333
0 0.671875 0.483333 0.100000 0.133333
0 0.304688 0.856250 0.100000 0.133333
0 0.623437 0.750000 0.100000 0.133333
0 0.378125 0.195833 0.100000 0.133333
0 0.543750 0.781250 0.100000 0.133333
0 0.607812 0.304167 0.100000 0.133333
0 0.760938 0.583333 0.100000 0.133333
0 0.514062 0.075000 0.100000 0.133333
0 0.381250 0.689583 0.100000 0.133333
0 0.739062 0.464583 0.100000 0.133333
0 0.164062 0.093750 0.100000 0.133333
0 0.890625 0.695833 0.100000 0.133333
0 0.887500 0.258333 0.100000 0.133333
0 0.487500 0.441667 0.100000 0.133333
0 0.287500 0.079167 0.100000 0.133333
0 0.301563 0.133333 0.100000 0.133333
0 0.851562 0.862500 0.100000 0.133333
0 0.893750 0.618750 0.100000 0.133333
0 0.798438 0.104167 0.100000 0.133333
0 0.107813 0.210417 0.100000 0.133333
0 0.826562 0.322917 0.100000 0.133333
0 0.178125 0.625000 0.100000 0.133333
0 0.109375 0.072917 0.100000 0.133333
0 0.193750 0.402083 0.100000 0.133333
0 0.670312 0.675000 0.100000 0.133333
0 0.446875 0.258333 0.100000 0.133333
0 0.220312 0.068750 0.100000 0.133333
0 0.603125 0.887500 0.100000 0.133333
0 0.279687 0.091667 0.100000 0.133333
0 0.470313 0.677083 0.100000 0.133333
0 0.898438 0.450000 0.100000 0.133333
0 0.768750 0.070833 0.100000 0.133333
0 0.814063 0.602083 0.100000 0.133333
0 0.631250 0.593750 0.100000 0.133333
0 0.590625 0.179167 0.100000 0.133333
0 0.854688 0.589583 0.100000 0.133333
0 0.896875 0.345833 0.100000 0.133333
0 0.740625 0.679167 0.100000 0.133333
0 0.120313 0.179167 0.100000 0.133333
0 0.776563 0.072917 0.100000 0.133333
0 0.825000 0.139583 0.100000 0.133333
0 0.510938 0.214583 0.100000 0.133333
0 0.145313 0.762500 0.100000 0.133333
0 0.131250 0.256250 0.100000 0.133333
0 0.610938 0.779167 0.100000 0.133333
0 0.314063 0.693750 0.100000 0.133333
0 0.896875 0.554167 0.100000 0.133333
0 0.770312 0.702083 0.100000 0.133333
0 0.620313 0.239583 0.100000 0.133333
0 0.421875 0.502083 0.100000 0.133333
0 0.770312 0.227083 0.100000 0.133333
0 0.545312 0.237500 0.100000 0.133333
0 0.509375 0.529167 0.100000 0.133333
0 0.476562 0.595833 0.100000 0.133333
0 0.318750 0.870833 0.100000 0.133333
0 0.790625 0.333333 0.100000 0.133333
0 0.600000 0.741667 0.100000 0.133333
0 0.175000 0.770833 0.100000 0.133333
0 0.500000 0.214583 0.100000 0.133333
0 0.226562 0.747917 0.100000 0.133333
0 0.381250 0.668750 0.100000 0.133333
0 0.454688 0.760417 0.100000 0.133333
0 0.320312 0.525000 0.100000 0.133333
0 0.345313 0.691667 0.100000 0.133333
0 0.246875 0.193750 0.100000 0.133333
0 0.359375 0.716667 0.100000 0.133333
0 0.393750 0.402083 0.100000 0.133333
0 0.617188 0.345833 0.100000 0.133333
0 0.529687 0.677083 0.100000 0.133333
0 0.689063 0.837500 0.100000 0.133333
0 0.895312 0.777083 0.100000 0.133333
0 0.206250 0.618750 0.100000 0.133333
0 0.146875 0.612500 0.100000 0.133333
0 0.792188 0.472917 0.100000 0.133333
0 0.415625 0.627083 0.100000 0.133333
0 0.884375 0.483333 0.100000 0.133333
0 0.368750 0.347917 0.100000 0.133333
0 0.660937 0.668750 0.100000 0.133333
0 0.454688 0.441667 0.100000 0.133333
0 0.184375 0.793750 0.100000 0.133333
0 0.876563 0.389583 0.100000 0.133333
0 0.770312 0.554167 0.100000 0.133333
0 0.565625 0.364583 0.100000 0.133333
0 0.600000 0.785417 0.100000 0.133333
0 0.678125 0.879167 0.100000 0.133333
0 0.164062 0.702083 0.100000 0.133333
0 0.565625 0.516667 0.100000 0.133333
0 0.345313 0.272917 0.100000 0.133333
0 0.634375 0.085417 0.100000 0.133333
0 0.468750 0.258333 0.100000 0.133333
0 0.735938 0.408333 0.100000 0.133333
0 0.735938 0.602083 0.100000 0.133333
0 0.735938 0.475000 0.100000 0.133333
0 0.428125 0.831250 0.100000 0.133333
0 0.110937 0.214583 0.100000 0.133333
0 0.781250 0.714583 0.100000 0.133333
0 0.660937 0.452083 0.100000 0.133333
0 0.534375 0.843750 0.100000 0.133333
0 0.150000 0.070833 0.100000 0.133333
0 0.126562 0.466667 0.100000 0.133333
0 0.270313 0.350000 0.100000 0.133333
0 0.453125 0.493750 0.100000 0.133333
0 0.368750 0.529167 0.100000 0.133333
0 0.535937 0.639583 0.100000 0.133333
0 0.751563 0.727083 0.100000 0.133333
0 0.132812 0.162500 0.100000 0.133333
0 0.671875 0.864583 0.100000 0.133333
0 0.609375 0.335417 0.100000 0.133333
0 0.553125 0.843750 0.100000 0.133333
0 0.150000 0.629167 0.100000 0.133333
0 0.281250 0.193750 0.100000 0.133333
0 0.210938 0.518750 0.100000 0.133333
0 0.704688 0.325000 0.100000 0.133333
0 0.760938 0.610417 0.100000 0.133333
0 0.646875 0.706250 0.100000 0.133333
0 0.415625 0.295833 0.100000 0.133333
0 0.490625 0.216667 0.100000 0.133333
0 0.214062 0.481250 0.100000 0.133333
0 0.828125 0.466667 0.100000 0.133333
0 0.359375 0.135417 0.100000 0.133333
0 0.878125 0.120833 0.100000 0.133333
0 0.170313 0.381250 0.100000 0.133333
1 0.632812 0.252083 0.100000 0.133333
1 0.903125 0.275000 0.100000 0.133333
1 0.085938 0.312500 0.100000 0.133333
1 0.059375 0.306250 0.100000 0.133333
1 0.571875 0.133333 0.100000 0.133333
