0 0.887500 0.252083 0.100000 0.133333
0 0.615625 0.308333 0.100000 0.133333
0 0.564063 0.481250 0.100000 0.133333
0 0.226562 0.187500 0.100000 0.133333
0 0.182812 0.539583 0.100000 0.133333
0 0.237500 0.287500 0.100000 0.133333
0 0.556250 0.164583 0.100000 0.133333
0 0.742188 0.610417 0.100000 0.133333
0 0.360938 0.114583 0.100000 0.133333
0 0.598437 0.387500 0.100000 0.133333
0 0.593750 0.185417 0.100000 0.133333
0 0.185938 0.602083 0.100000 0.133333
0 0.314063 0.506250 0.100000 0.133333
0 0.896875 0.695833 0.100000 0.133333
0 0.370312 0.793750 0.100000 0.133333
0 0.628125 0.543750 0.100000 0.133333
0 0.400000 0.516667 0.100000 0.133333
0 0.309375 0.572917 0.100000 0.133333
0 0.729688 0.110417 0.100000 0.133333
0 0.534375 0.635417 0.100000 0.133333
0 0.198437 0.781250 0.100000 0.133333
0 0.118750 0.110417 0.100000 0.133333
0 0.114062 0.833333 0.100000 0.133333
0 0.129688 0.297917 0.100000 0.133333
0 0.204687 0.158333 0.100000 0.133333
0 0.875000 0.847917 0.100000 0.133333
0 0.220312 0.735417 0.100000 0.133333
0 0.881250 0.650000 0.100000 0.133333
0 0.281250 0.693750 0.100000 0.133333
0 0.596875 0.385417 0.100000 0.133333
0 0.348438 0.364583 0.100000 0.133333
0 0.348438 0.372917 0.100000 0.133333
0 0.151562 0.383333 0.100000 0.133333
0 0.281250 0.235417 0.100000 0.133333
0 0.835938 0.708333 0.100000 0.133333
0 0.570312 0.285417 0.100000 0.133333
0 0.614062 0.643750 0.100000 0.133333
0 0.210938 0.404167 0.100000 0.133333
0 0.560937 0.345833 0.100000 0.133333
0 0.440625 0.264583 0.100000 0.133333
0 0.798438 0.602083 0.100000 0.133333
0 0.812500 0.439583 0.100000 0.133333
0 0.298438 0.593750 0.100000 0.133333
0 0.640625 0.295833 0.100000 0.133333
0 0.271875 0.181250 0.100000 0.133333
0 0.703125 0.525000 0.100000 0.133333
0 0.692187 0.202083 0.100000 0.133333
0 0.781250 0.493750 0.100000 0.133333
0 0.812500 0.254167 0.100000 0.133333
0 0.431250 0.812500 0.100000 0.133333
0 0.859375 0.406250 0.100000 0.133333
0 0.529687 0.487500 0.100000 0.133333
0 0.781250 0.320833 0.100000 0.133333
0 0.464062 0.447917 0.100000 0.133333
0 0.364063 0.252083 0.100000 0.133333
0 0.170313 0.181250 0.100000 0.133333
0 0.856250 0.543750 0.100000 0.133333
0 0.209375 0.383333 0.100000 0.133333
0 0.821875 0.568750 0.100000 0.133333
0 0.714063 0.712500 0.100000 0.133333
0 0.371875 0.291667 0.100000 0.133333
0 0.448437 0.760417 0.100000 0.133333
0 0.509375 0.585417 0.100000 0.133333
0 0.554688 0.318750 0.100000 0.133333
0 0.495312 0.297917 0.100000 0.133333
0 0.534375 0.310417 0.100000 0.133333
0 0.290625 0.766667 0.100000 0.133333
0 0.348438 0.812500 0.100000 0.133333
0 0.420312 0.850000 0.100000 0.133333
0 0.584375 0.675000 0.100000 0.133333
0 0.606250 0.395833 0.100000 0.133333
0 0.456250 0.770833 0.100000 0.133333
0 0.273438 0.591667 0.100000 0.133333
0 0.250000 0.479167 0.100000 0.133333
0 0.848437 0.743750 0.100000 0.133333
0 0.834375 0.518750 0.100000 0.133333
0 0.471875 0.331250 0.100000 0.133333
0 0.850000 0.193750 0.100000 0.133333
0 0.579688 0.193750 0.100000 0.133333
0 0.290625 0.387500 0.100000 0.133333
0 0.807813 0.154167 0.100000 0.133333
0 0.742188 0.227083 0.100000 0.133333
0 0.865625 0.439583 0.100000 0.133333
0 0.135937 0.875000 0.100000 0.133333
0 0.403125 0.385417 0.100000 0.133333
0 0.167187 0.391667 0.100000 0.133333
0 0.162500 0.808333 0.100000 0.133333
0 0.407813 0.664583 0.100000 0.133333
0 0.889062 0.552083 0.100000 0.133333
0 0.510938 0.870833 0.100000 0.133333
0 0.514062 0.762500 0.100000 0.133333
0 0.582812 0.354167 0.100000 0.133333
0 0.839063 0.295833 0.100000 0.133333
0 0.812500 0.822917 0.100000 0.133333
0 0.201563 0.827083 0.100000 0.133333
0 0.307812 0.510417 0.100000 0.133333
0 0.725000 0.097917 0.100000 0.133333
0 0.354687 0.168750 0.100000 0.133333
0 0.762500 0.391667 0.100000 0.133333
0 0.867188 0.429167 0.100000 0.133333
0 0.232813 0.443750 0.100000 0.133333
0 0.506250 0.508333 0.100000 0.133333
0 0.893750 0.777083 0.100000 0.133333
0 0.487500 0.589583 0.100000 0.133333
0 0.125000 0.454167 0.100000 0.133333
0 0.140625 0.150000 0.100000 0.133333
0 0.260937 0.445833 0.100000 0.133333
0 0.425000 0.435417 0.100000 0.133333
0 0.106250 0.429167 0.100000 0.133333
0 0.365625 0.381250 0.100000 0.133333
0 0.365625 0.102083 0.100000 0.133333
0 0.473438 0.633333 0.100000 0.133333
0 0.773438 0.675000 0.100000 0.133333
0 0.528125 0.518750 0.100000 0.133333
0 0.873437 0.104167 0.100000 0.133333
0 0.320312 0.414583 0.100000 0.133333
0 0.504687 0.216667 0.100000 0.133333
0 0.328125 0.816667 0.100000 0.133333
0 0.262500 0.408333 0.100000 0.133333
0 0.451562 0.416667 0.100000 0.133333
0 0.425000 0.879167 0.100000 0.133333
0 0.898438 0.416667 0.100000 0.133333
0 0.818750 0.529167 0.100000 0.133333
0 0.256250 0.864583 0.100000 0.133333
0 0.714063 0.227083 0.100000 0.133333
0 0.446875 0.508333 0.100000 0.133333
0 0.609375 0.556250 0.100000 0.133333
0 0.850000 0.885417 0.100000 0.133333
0 0.742188 0.658333 0.100000 0.133333
0 0.601562 0.339583 0.100000 0.133333
0 0.196875 0.329167 0.100000 0.133333
0 0.248438 0.687500 0.100000 0.133333
0 0.570312 0.600000 0.100000 0.133333
0 0.595313 0.825000 0.100000 0.133333
0 0.882812 0.366667 0.100000 0.133333
0 0.495312 0.664583 0.100000 0.133333
0 0.235937 0.875000 0.100000 0.133333
0 0.314063 0.804167 0.100000 0.133333
0 0.579688 0.385417 0.100000 0.133333
0 0.739062 0.754167 0.100000 0.133333
0 0.798438 0.231250 0.100000 0.133333
0 0.262500 0.335417 0.100000 0.133333
0 0.350000 0.470833 0.100000 0.133333
0 0.767188 0.108333 0.100000 0.133333
0 0.328125 0.829167 0.100000 0.133333
0 0.268750 0.562500 0.100000 0.133333
0 0.740625 0.358333 0.100000 0.133333
0 0.545312 0.100000 0.100000 0.133333
0 0.515625 0.091667 0.100000 0.133333
0 0.681250 0.122917 0.100000 0.133333
1 0.510938 0.608333 0.100000 0.133333
1 0.459375 0.558333 0.100000 0.133333
1 0.615625 0.585417 0.100000 0.133333
1 0.832812 0.889583 0.100000 0.133333
1 0.539062 0.139583 0.100000 0.133333
