0 0.250000 0.429167 0.100000 0.133333
0 0.264062 0.358333 0.100000 0.133333
0 0.701562 0.468750 0.100000 0.133333
0 0.770312 0.660417 0.100000 0.133333
0 0.650000 0.547917 0.100000 0.133333
0 0.145313 0.145833 0.100000 0.133333
0 0.706250 0.868750 0.100000 0.133333
0 0.610938 0.143750 0.100000 0.133333
0 0.295312 0.256250 0.100000 0.133333
0 0.345313 0.183333 0.100000 0.133333
0 0.448437 0.331250 0.100000 0.133333
0 0.187500 0.852083 0.100000 0.133333
0 0.764062 0.875000 0.100000 0.133333
0 0.696875 0.131250 0.100000 0.133333
0 0.539062 0.545833 0.100000 0.133333
0 0.392188 0.704167 0.100000 0.133333
0 0.600000 0.152083 0.100000 0.133333
0 0.551562 0.279167 0.100000 0.133333
0 0.104688 0.083333 0.100000 0.133333
0 0.542188 0.325000 0.100000 0.133333
0 0.875000 0.654167 0.100000 0.133333
0 0.643750 0.575000 0.100000 0.133333
0 0.239063 0.289583 0.100000 0.133333
0 0.856250 0.097917 0.100000 0.133333
0 0.673438 0.658333 0.100000 0.133333
0 0.437500 0.783333 0.100000 0.133333
0 0.118750 0.410417 0.100000 0.133333
0 0.750000 0.300000 0.100000 0.133333
0 0.656250 0.722917 0.100000 0.133333
0 0.246875 0.683333 0.100000 0.133333
0 0.345313 0.881250 0.100000 0.133333
0 0.490625 0.708333 0.100000 0.133333
0 0.537500 0.272917 0.100000 0.133333
0 0.635938 0.637500 0.100000 0.133333
0 0.704688 0.170833 0.100000 0.133333
0 0.567187 0.427083 0.100000 0.133333
0 0.398438 0.431250 0.100000 0.133333
0 0.489063 0.314583 0.100000 0.133333
0 0.642188 0.718750 0.100000 0.133333
0 0.746875 0.720833 0.100000 0.133333
0 0.273438 0.247917 0.100000 0.133333
0 0.250000 0.187500 0.100000 0.133333
0 0.206250 0.160417 0.100000 0.133333
0 0.665625 0.631250 0.100000 0.133333
0 0.620313 0.852083 0.100000 0.133333
0 0.390625 0.150000 0.100000 0.133333
0 0.585938 0.143750 0.100000 0.133333
0 0.168750 0.368750 0.100000 0.133333
0 0.340625 0.360417 0.100000 0.133333
0 0.729688 0.812500 0.100000 0.133333
0 0.542188 0.797917 0.100000 0.133333
0 0.395313 0.610417 0.100000 0.133333
0 0.806250 0.458333 0.100000 0.133333
0 0.179688 0.166667 0.100000 0.133333
0 0.265625 0.485417 0.100000 0.133333
0 0.357812 0.764583 0.100000 0.133333
0 0.873437 0.568750 0.100000 0.133333
0 0.176563 0.381250 0.100000 0.133333
0 0.885938 0.872917 0.100000 0.133333
0 0.250000 0.268750 0.100000 0.133333
0 0.701562 0.560417 0.100000 0.133333
0 0.146875 0.139583 0.100000 0.133333
0 0.617188 0.814583 0.100000 0.133333
0 0.126562 0.368750 0.100000 0.133333
0 0.400000 0.350000 0.100000 0.133333
0 0.764062 0.418750 0.100000 0.133333
0 0.412500 0.362500 0.100000 0.133333
0 0.176563 0.133333 0.100000 0.133333
0 0.581250 0.508333 0.100000 0.133333
0 0.840625 0.716667 0.100000 0.133333
0 0.759375 0.581250 0.100000 0.133333
0 0.807813 0.739583 0.100000 0.133333
0 0.743750 0.141667 0.100000 0.133333
0 0.554688 0.533333 0.100000 0.133333
0 0.742188 0.120833 0.100000 0.133333
0 0.679688 0.445833 0.100000 0.133333
0 0.785937 0.631250 0.100000 0.133333
0 0.521875 0.875000 0.100000 0.133333
0 0.517188 0.233333 0.100000 0.133333
0 0.321875 0.622917 0.100000 0.133333
0 0.321875 0.793750 0.100000 0.133333
0 0.756250 0.508333 0.100000 0.133333
0 0.278125 0.589583 0.100000 0.133333
0 0.200000 0.179167 0.100000 0.133333
0 0.737500 0.300000 0.100000 0.133333
0 0.804688 0.631250 0.100000 0.133333
0 0.442188 0.683333 0.100000 0.133333
0 0.507812 0.575000 0.100000 0.133333
0 0.140625 0.791667 0.100000 0.133333
0 0.320312 0.191667 0.100000 0.133333
0 0.215625 0.872917 0.100000 0.133333
0 0.218750 0.152083 0.100000 0.133333
0 0.189062 0.891667 0.100000 0.133333
0 0.835938 0.883333 0.100000 0.133333
0 0.560937 0.154167 0.100000 0.133333
0 0.579688 0.356250 0.100000 0.133333
0 0.482812 0.522917 0.100000 0.133333
0 0.370312 0.291667 0.100000 0.133333
0 0.873437 0.100000 0.100000 0.133333
0 0.317188 0.468750 0.100000 0.133333
0 0.570312 0.454167 0.100000 0.133333
0 0.681250 0.889583 0.100000 0.133333
0 0.700000 0.885417 0.100000 0.133333
0 0.739062 0.537500 0.100000 0.133333
0 0.517188 0.785417 0.100000 0.133333
0 0.240625 0.466667 0.100000 0.133333
0 0.771875 0.264583 0.100000 0.133333
0 0.428125 0.708333 0.100000 0.133333
0 0.440625 0.806250 0.100000 0.133333
0 0.885938 0.731250 0.100000 0.133333
0 0.328125 0.637500 0.100000 0.133333
0 0.631250 0.731250 0.100000 0.133333
0 0.523438 0.466667 0.100000 0.133333
0 0.223438 0.291667 0.100000 0.133333
0 0.457813 0.775000 0.100000 0.133333
0 0.653125 0.068750 0.100000 0.133333
0 0.646875 0.277083 0.100000 0.133333
0 0.815625 0.593750 0.100000 0.133333
0 0.814063 0.756250 0.100000 0.133333
0 0.835938 0.218750 0.100000 0.133333
0 0.170313 0.354167 0.100000 0.133333
0 0.160938 0.600000 0.100000 0.133333
0 0.621875 0.631250 0.100000 0.133333
0 0.415625 0.470833 0.100000 0.133333
0 0.665625 0.408333 0.100000 0.133333
0 0.751563 0.818750 0.100000 0.133333
0 0.214062 0.193750 0.100000 0.133333
0 0.498437 0.447917 0.100000 0.133333
0 0.406250 0.572917 0.100000 0.133333
0 0.259375 0.150000 0.100000 0.133333
0 0.173437 0.254167 0.100000 0.133333
0 0.187500 0.425000 0.100000 0.133333
0 0.214062 0.400000 0.100000 0.133333
0 0.668750 0.137500 0.100000 0.133333
0 0.585938 0.739583 0.100000 0.133333
0 0.421875 0.735417 0.100000 0.133333
0 0.332813 0.212500 0.100000 0.133333
0 0.600000 0.620833 0.100000 0.133333
0 0.120313 0.154167 0.100000 0.133333
0 0.185938 0.277083 0.100000 0.133333
0 0.423438 0.833333 0.100000 0.133333
0 0.421875 0.650000 0.100000 0.133333
0 0.873437 0.222917 0.100000 0.133333
0 0.503125 0.316667 0.100000 0.133333
0 0.471875 0.210417 0.100000 0.133333
0 0.159375 0.675000 0.100000 0.133333
0 0.556250 0.620833 0.100000 0.133333
0 0.381250 0.879167 0.100000 0.133333
0 0.415625 0.362500 0.100000 0.133333
0 0.170313 0.485417 0.100000 0.133333
1 0.173437 0.802083 0.100000 0.133333
1 0.648438 0.466667 0.100000 0.133333
1 0.817187 0.595833 0.100000 0.133333
1 0.279687 0.608333 0.100000 0.133333
1 0.334375 0.597917 0.100000 0.133333
