0 0.560937 0.208333 0.100000 0.133333
0 0.573438 0.610417 0.100000 0.133333
0 0.203125 0.489583 0.100000 0.133333
0 0.717187 0.410417 0.100000 0.133333
0 0.403125 0.789583 0.100000 0.133333
0 0.837500 0.660417 0.100000 0.133333
0 0.648438 0.366667 0.100000 0.133333
0 0.285938 0.658333 0.100000 0.133333
0 0.378125 0.650000 0.100000 0.133333
0 0.823438 0.233333 0.100000 0.133333
0 0.718750 0.406250 0.100000 0.133333
0 0.837500 0.497917 0.100000 0.133333
0 0.350000 0.475000 0.100000 0.133333
0 0.710938 0.564583 0.100000 0.133333
0 0.845313 0.281250 0.100000 0.133333
0 0.118750 0.647917 0.100000 0.133333
0 0.303125 0.789583 0.100000 0.133333
0 0.757812 0.837500 0.100000 0.133333
0 0.437500 0.137500 0.100000 0.133333
0 0.317188 0.616667 0.100000 0.133333
0 0.329688 0.631250 0.100000 0.133333
0 0.668750 0.566667 0.100000 0.133333
0 0.404687 0.697917 0.100000 0.133333
0 0.717187 0.477083 0.100000 0.133333
0 0.607812 0.670833 0.100000 0.133333
0 0.453125 0.562500 0.100000 0.133333
0 0.398438 0.637500 0.100000 0.133333
0 0.117188 0.283333 0.100000 0.133333
0 0.471875 0.364583 0.100000 0.133333
0 0.775000 0.118750 0.100000 0.133333
0 0.117188 0.352083 0.100000 0.133333
0 0.817187 0.641667 0.100000 0.133333
0 0.592187 0.589583 0.100000 0.133333
0 0.890625 0.362500 0.100000 0.133333
0 0.462500 0.702083 0.100000 0.133333
0 0.850000 0.858333 0.100000 0.133333
0 0.187500 0.279167 0.100000 0.133333
0 0.382812 0.789583 0.100000 0.133333
0 0.335938 0.466667 0.100000 0.133333
0 0.367188 0.108333 0.100000 0.133333
0 0.306250 0.208333 0.100000 0.133333
0 0.165625 0.502083 0.100000 0.133333
0 0.637500 0.700000 0.100000 0.133333
0 0.723437 0.387500 0.100000 0.133333
0 0.120313 0.595833 0.100000 0.133333
0 0.242188 0.808333 0.100000 0.133333
0 0.117188 0.329167 0.100000 0.133333
0 0.460938 0.472917 0.100000 0.133333
0 0.418750 0.589583 0.100000 0.133333
0 0.217188 0.156250 0.100000 0.133333
0 0.689063 0.627083 0.100000 0.133333
0 0.700000 0.772917 0.100000 0.133333
0 0.542188 0.441667 0.100000 0.133333
0 0.170313 0.275000 0.100000 0.133333
0 0.245312 0.589583 0.100000 0.133333
0 0.890625 0.072917 0.100000 0.133333
0 0.681250 0.831250 0.100000 0.133333
0 0.164062 0.285417 0.100000 0.133333
0 0.631250 0.887500 0.100000 0.133333
0 0.489063 0.285417 0.100000 0.133333
0 0.423438 0.395833 0.100000 0.133333
0 0.134375 0.812500 0.100000 0.133333
0 0.670312 0.152083 0.100000 0.133333
0 0.521875 0.156250 0.100000 0.133333
0 0.664062 0.168750 0.100000 0.133333
0 0.568750 0.402083 0.100000 0.133333
0 0.698438 0.812500 0.100000 0.133333
0 0.731250 0.800000 0.100000 0.133333
0 0.473438 0.722917 0.100000 0.133333
0 0.782813 0.481250 0.100000 0.133333
0 0.421875 0.191667 0.100000 0.133333
0 0.826562 0.135417 0.100000 0.133333
0 0.703125 0.154167 0.100000 0.133333
0 0.451562 0.156250 0.100000 0.133333
0 0.762500 0.616667 0.100000 0.133333
0 0.837500 0.687500 0.100000 0.133333
0 0.859375 0.327083 0.100000 0.133333
0 0.460938 0.491667 0.100000 0.133333
0 0.434375 0.116667 0.100000 0.133333
0 0.209375 0.881250 0.100000 0.133333
0 0.700000 0.162500 0.100000 0.133333
0 0.698438 0.200000 0.100000 0.133333
0 0.870313 0.595833 0.100000 0.133333
0 0.746875 0.822917 0.100000 0.133333
0 0.518750 0.468750 0.100000 0.133333
0 0.829688 0.116667 0.100000 0.133333
0 0.187500 0.304167 0.100000 0.133333
0 0.251563 0.375000 0.100000 0.133333
0 0.190625 0.327083 0.100000 0.133333
0 0.264062 0.754167 0.100000 0.133333
0 0.743750 0.545833 0.100000 0.133333
0 0.148438 0.870833 0.100000 0.133333
0 0.106250 0.739583 0.100000 0.133333
0 0.810937 0.425000 0.100000 0.133333
0 0.281250 0.377083 0.100000 0.133333
0 0.668750 0.208333 0.100000 0.133333
0 0.196875 0.697917 0.100000 0.133333
0 0.754687 0.206250 0.100000 0.133333
0 0.484375 0.520833 0.100000 0.133333
0 0.192188 0.295833 0.100000 0.133333
0 0.282813 0.387500 0.100000 0.133333
0 0.214062 0.343750 0.100000 0.133333
0 0.873437 0.645833 0.100000 0.133333
0 0.203125 0.170833 0.100000 0.133333
0 0.476562 0.497917 0.100000 0.133333
0 0.378125 0.793750 0.100000 0.133333
0 0.479687 0.441667 0.100000 0.133333
0 0.243750 0.172917 0.100000 0.133333
0 0.604688 0.437500 0.100000 0.133333
0 0.873437 0.491667 0.100000 0.133333
0 0.664062 0.181250 0.100000 0.133333
0 0.620313 0.172917 0.100000 0.133333
0 0.709375 0.141667 0.100000 0.133333
0 0.310937 0.581250 0.100000 0.133333
0 0.107813 0.810417 0.100000 0.133333
0 0.770312 0.891667 0.100000 0.133333
0 0.346875 0.400000 0.100000 0.133333
0 0.517188 0.614583 0.100000 0.133333
0 0.164062 0.120833 0.100000 0.133333
0 0.629687 0.806250 0.100000 0.133333
0 0.159375 0.368750 0.100000 0.133333
0 0.393750 0.483333 0.100000 0.133333
0 0.720313 0.372917 0.100000 0.133333
0 0.104688 0.287500 0.100000 0.133333
0 0.678125 0.564583 0.100000 0.133333
0 0.626563 0.545833 0.100000 0.133333
0 0.889062 0.097917 0.100000 0.133333
0 0.132812 0.706250 0.100000 0.133333
0 0.334375 0.362500 0.100000 0.133333
0 0.825000 0.758333 0.100000 0.133333
0 0.381250 0.258333 0.100000 0.133333
0 0.539062 0.366667 0.100000 0.133333
0 0.471875 0.418750 0.100000 0.133333
0 0.553125 0.641667 0.100000 0.133333
0 0.456250 0.152083 0.100000 0.133333
0 0.618750 0.616667 0.100000 0.133333
0 0.839063 0.418750 0.100000 0.133333
0 0.712500 0.762500 0.100000 0.133333
0 0.201563 0.877083 0.100000 0.133333
0 0.321875 0.295833 0.100000 0.133333
0 0.653125 0.625000 0.100000 0.133333
0 0.160938 0.262500 0.100000 0.133333
0 0.225000 0.879167 0.100000 0.133333
0 0.378125 0.375000 0.100000 0.133333
0 0.200000 0.425000 0.100000 0.133333
0 0.281250 0.837500 0.100000 0.133333
0 0.721875 0.441667 0.100000 0.133333
0 0.653125 0.772917 0.100000 0.133333
0 0.717187 0.681250 0.100000 0.133333
0 0.743750 0.545833 0.100000 0.133333
1 0.329688 0.464583 0.100000 0.133333
1 0.293750 0.368750 0.100000 0.133333
1 0.625000 0.439583 0.100000 0.133333
1 0.801562 0.289583 0.100000 0.133333
1 0.523438 0.695833 0.100000 0.133333
