0 0.498437 0.091667 0.100000 0.133333
0 0.753125 0.416667 0.100000 0.133333
0 0.681250 0.210417 0.100000 0.133333
0 0.825000 0.345833 0.100000 0.133333
0 0.801562 0.852083 0.100000 0.133333
0 0.898438 0.510417 0.100000 0.133333
0 0.346875 0.345833 0.100000 0.133333
0 0.725000 0.735417 0.100000 0.133333
0 0.735938 0.156250 0.100000 0.133333
0 0.784375 0.145833 0.100000 0.133333
0 0.209375 0.179167 0.100000 0.133333
0 0.387500 0.891667 0.100000 0.133333
0 0.470313 0.852083 0.100000 0.133333
0 0.250000 0.212500 0.100000 0.133333
0 0.317188 0.775000 0.100000 0.133333
0 0.487500 0.595833 0.100000 0.133333
0 0.507812 0.581250 0.100000 0.133333
0 0.373437 0.879167 0.100000 0.133333
0 0.643750 0.354167 0.100000 0.133333
0 0.365625 0.731250 0.100000 0.133333
0 0.154688 0.804167 0.100000 0.133333
0 0.350000 0.400000 0.100000 0.133333
0 0.751563 0.389583 0.100000 0.133333
0 0.240625 0.277083 0.100000 0.133333
0 0.825000 0.272917 0.100000 0.133333
0 0.834375 0.275000 0.100000 0.133333
0 0.715625 0.812500 0.100000 0.133333
0 0.129688 0.768750 0.100000 0.133333
0 0.264062 0.341667 0.100000 0.133333
0 0.815625 0.243750 0.100000 0.133333
0 0.814063 0.802083 0.100000 0.133333
0 0.501563 0.420833 0.100000 0.133333
0 0.342187 0.260417 0.100000 0.133333
0 0.510938 0.220833 0.100000 0.133333
0 0.393750 0.654167 0.100000 0.133333
0 0.532813 0.329167 0.100000 0.133333
0 0.167187 0.218750 0.100000 0.133333
0 0.153125 0.356250 0.100000 0.133333
0 0.200000 0.404167 0.100000 0.133333
0 0.756250 0.289583 0.100000 0.133333
0 0.703125 0.816667 0.100000 0.133333
0 0.201563 0.304167 0.100000 0.133333
0 0.279687 0.270833 0.100000 0.133333
0 0.198437 0.510417 0.100000 0.133333
0 0.876563 0.741667 0.100000 0.133333
0 0.334375 0.810417 0.100000 0.133333
0 0.468750 0.510417 0.100000 0.133333
0 0.823438 0.281250 0.100000 0.133333
0 0.670312 0.143750 0.100000 0.133333
0 0.579688 0.406250 0.100000 0.133333
0 0.240625 0.454167 0.100000 0.133333
0 0.695312 0.358333 0.100000 0.133333
0 0.237500 0.852083 0.100000 0.133333
0 0.890625 0.531250 0.100000 0.133333
0 0.837500 0.420833 0.100000 0.133333
0 0.126562 0.770833 0.100000 0.133333
0 0.595313 0.600000 0.100000 0.133333
0 0.254688 0.308333 0.100000 0.133333
0 0.253125 0.562500 0.100000 0.133333
0 0.546875 0.704167 0.100000 0.133333
0 0.314063 0.550000 0.100000 0.133333
0 0.710938 0.822917 0.100000 0.133333
0 0.898438 0.239583 0.100000 0.133333
0 0.746875 0.468750 0.100000 0.133333
0 0.875000 0.129167 0.100000 0.133333
0 0.132812 0.887500 0.100000 0.133333
0 0.525000 0.239583 0.100000 0.133333
0 0.489063 0.287500 0.100000 0.133333
0 0.143750 0.462500 0.100000 0.133333
0 0.667188 0.779167 0.100000 0.133333
0 0.323437 0.610417 0.100000 0.133333
0 0.573438 0.645833 0.100000 0.133333
0 0.296875 0.662500 0.100000 0.133333
0 0.678125 0.383333 0.100000 0.133333
0 0.537500 0.633333 0.100000 0.133333
0 0.460938 0.312500 0.100000 0.133333
0 0.437500 0.297917 0.100000 0.133333
0 0.704688 0.114583 0.100000 0.133333
0 0.828125 0.250000 0.100000 0.133333
0 0.503125 0.718750 0.100000 0.133333
0 0.581250 0.654167 0.100000 0.133333
0 0.118750 0.443750 0.100000 0.133333
0 0.396875 0.435417 0.100000 0.133333
0 0.728125 0.247917 0.100000 0.133333
0 0.670312 0.791667 0.100000 0.133333
0 0.556250 0.831250 0.100000 0.133333
0 0.864062 0.131250 0.100000 0.133333
0 0.106250 0.535417 0.100000 0.133333
0 0.129688 0.333333 0.100000 0.133333
0 0.232813 0.295833 0.100000 0.133333
0 0.648438 0.191667 0.100000 0.133333
0 0.575000 0.802083 0.100000 0.133333
0 0.215625 0.470833 0.100000 0.133333
0 0.267188 0.800000 0.100000 0.133333
0 0.289062 0.343750 0.100000 0.133333
0 0.596875 0.672917 0.100000 0.133333
0 0.700000 0.279167 0.100000 0.133333
0 0.587500 0.539583 0.100000 0.133333
0 0.384375 0.752083 0.100000 0.133333
0 0.260937 0.089583 0.100000 0.133333
0 0.681250 0.316667 0.100000 0.133333
0 0.259375 0.106250 0.100000 0.133333
0 0.610938 0.320833 0.100000 0.133333
0 0.718750 0.720833 0.100000 0.133333
0 0.710938 0.368750 0.100000 0.133333
0 0.229687 0.145833 0.100000 0.133333
0 0.221875 0.356250 0.100000 0.133333
0 0.828125 0.725000 0.100000 0.133333
0 0.142187 0.127083 0.100000 0.133333
0 0.362500 0.593750 0.100000 0.133333
0 0.742188 0.360417 0.100000 0.133333
0 0.178125 0.702083 0.100000 0.133333
0 0.773438 0.345833 0.100000 0.133333
0 0.546875 0.322917 0.100000 0.133333
0 0.625000 0.683333 0.100000 0.133333
0 0.614062 0.200000 0.100000 0.133333
0 0.326562 0.722917 0.100000 0.133333
0 0.468750 0.712500 0.100000 0.133333
0 0.307812 0.314583 0.100000 0.133333
0 0.545312 0.568750 0.100000 0.133333
0 0.595313 0.233333 0.100000 0.133333
0 0.448437 0.516667 0.100000 0.133333
0 0.770312 0.250000 0.100000 0.133333
0 0.234375 0.160417 0.100000 0.133333
0 0.807813 0.116667 0.100000 0.133333
0 0.715625 0.154167 0.100000 0.133333
0 0.290625 0.852083 0.100000 0.133333
0 0.659375 0.472917 0.100000 0.133333
0 0.451562 0.872917 0.100000 0.133333
0 0.628125 0.154167 0.100000 0.133333
0 0.643750 0.550000 0.100000 0.133333
0 0.442188 0.775000 0.100000 0.133333
0 0.368750 0.150000 0.100000 0.133333
0 0.623437 0.097917 0.100000 0.133333
0 0.181250 0.675000 0.100000 0.133333
0 0.584375 0.372917 0.100000 0.133333
0 0.445312 0.231250 0.100000 0.133333
0 0.664062 0.660417 0.100000 0.133333
0 0.310937 0.668750 0.100000 0.133333
0 0.423438 0.293750 0.100000 0.133333
0 0.210938 0.675000 0.100000 0.133333
0 0.106250 0.697917 0.100000 0.133333
0 0.551562 0.397917 0.100000 0.133333
0 0.656250 0.872917 0.100000 0.133333
0 0.621875 0.422917 0.100000 0.133333
0 0.329688 0.489583 0.100000 0.133333
0 0.301563 0.750000 0.100000 0.133333
0 0.170313 0.777083 0.100000 0.133333
0 0.207813 0.491667 0.100000 0.133333
0 0.507812 0.708333 0.100000 0.133333
1 0.209375 0.372917 0.100000 0.133333
1 0.301563 0.200000 0.100000 0.133333
1 0.423438 0.654167 0.100000 0.133333
1 0.271875 0.639583 0.100000 0.133333
1 0.787500 0.200000 0.100000 0.133333
