0 0.196875 0.129167 0.100000 0.133333
0 0.717187 0.379167 0.100000 0.133333
0 0.575000 0.741667 0.100000 0.133333
0 0.340625 0.841667 0.100000 0.133333
0 0.734375 0.770833 0.100000 0.133333
0 0.145313 0.889583 0.100000 0.133333
0 0.295312 0.104167 0.100000 0.133333
0 0.273438 0.812500 0.100000 0.133333
0 0.453125 0.247917 0.100000 0.133333
0 0.212500 0.247917 0.100000 0.133333
0 0.529687 0.547917 0.100000 0.133333
0 0.104688 0.218750 0.100000 0.133333
0 0.835938 0.141667 0.100000 0.133333
0 0.270313 0.858333 0.100000 0.133333
0 0.878125 0.639583 0.100000 0.133333
0 0.598437 0.679167 0.100000 0.133333
0 0.142187 0.331250 0.100000 0.133333
0 0.818750 0.562500 0.100000 0.133333
0 0.885938 0.068750 0.100000 0.133333
0 0.173437 0.735417 0.100000 0.133333
0 0.331250 0.250000 0.100000 0.133333
0 0.310937 0.204167 0.100000 0.133333
0 0.671875 0.166667 0.100000 0.133333
0 0.432812 0.283333 0.100000 0.133333
0 0.156250 0.870833 0.100000 0.133333
0 0.564063 0.247917 0.100000 0.133333
0 0.820312 0.766667 0.100000 0.133333
0 0.635938 0.702083 0.100000 0.133333
0 0.767188 0.183333 0.100000 0.133333
0 0.510938 0.093750 0.100000 0.133333
0 0.801562 0.735417 0.100000 0.133333
0 0.787500 0.687500 0.100000 0.133333
0 0.590625 0.635417 0.100000 0.133333
0 0.771875 0.495833 0.100000 0.133333
0 0.103125 0.781250 0.100000 0.133333
0 0.595313 0.487500 0.100000 0.133333
0 0.306250 0.235417 0.100000 0.133333
0 0.342187 0.754167 0.100000 0.133333
0 0.814063 0.381250 0.100000 0.133333
0 0.207813 0.883333 0.100000 0.133333
0 0.862500 0.318750 0.100000 0.133333
0 0.807813 0.510417 0.100000 0.133333
0 0.492188 0.720833 0.100000 0.133333
0 0.451562 0.327083 0.100000 0.133333
0 0.764062 0.150000 0.100000 0.133333
0 0.628125 0.843750 0.100000 0.133333
0 0.607812 0.272917 0.100000 0.133333
0 0.606250 0.233333 0.100000 0.133333
0 0.406250 0.589583 0.100000 0.133333
0 0.404687 0.772917 0.100000 0.133333
0 0.870313 0.270833 0.100000 0.133333
0 0.629687 0.068750 0.100000 0.133333
0 0.737500 0.777083 0.100000 0.133333
0 0.853125 0.518750 0.100000 0.133333
0 0.865625 0.700000 0.100000 0.133333
0 0.739062 0.775000 0.100000 0.133333
0 0.576562 0.660417 0.100000 0.133333
0 0.673438 0.320833 0.100000 0.133333
0 0.842187 0.833333 0.100000 0.133333
0 0.809375 0.341667 0.100000 0.133333
0 0.731250 0.527083 0.100000 0.133333
0 0.870313 0.079167 0.100000 0.133333
0 0.678125 0.566667 0.100000 0.133333
0 0.534375 0.466667 0.100000 0.133333
0 0.370312 0.520833 0.100000 0.133333
0 0.851562 0.477083 0.100000 0.133333
0 0.445312 0.418750 0.100000 0.133333
0 0.890625 0.881250 0.100000 0.133333
0 0.275000 0.727083 0.100000 0.133333
0 0.181250 0.556250 0.100000 0.133333
0 0.545312 0.156250 0.100000 0.133333
0 0.471875 0.135417 0.100000 0.133333
0 0.778125 0.433333 0.100000 0.133333
0 0.551562 0.852083 0.100000 0.133333
0 0.634375 0.677083 0.100000 0.133333
0 0.715625 0.514583 0.100000 0.133333
0 0.735938 0.556250 0.100000 0.133333
0 0.182812 0.422917 0.100000 0.133333
0 0.115625 0.506250 0.100000 0.133333
0 0.698438 0.793750 0.100000 0.133333
0 0.314063 0.793750 0.100000 0.133333
0 0.895312 0.227083 0.100000 0.133333
0 0.871875 0.333333 0.100000 0.133333
0 0.532813 0.129167 0.100000 0.133333
0 0.409375 0.310417 0.100000 0.133333
0 0.696875 0.783333 0.100000 0.133333
0 0.221875 0.854167 0.100000 0.133333
0 0.873437 0.285417 0.100000 0.133333
0 0.428125 0.118750 0.100000 0.133333
0 0.431250 0.879167 0.100000 0.133333
0 0.451562 0.141667 0.100000 0.133333
0 0.521875 0.427083 0.100000 0.133333
0 0.825000 0.722917 0.100000 0.133333
0 0.262500 0.350000 0.100000 0.133333
0 0.156250 0.266667 0.100000 0.133333
0 0.198437 0.695833 0.100000 0.133333
0 0.414062 0.631250 0.100000 0.133333
0 0.309375 0.243750 0.100000 0.133333
0 0.898438 0.379167 0.100000 0.133333
0 0.770312 0.566667 0.100000 0.133333
0 0.156250 0.625000 0.100000 0.133333
0 0.687500 0.512500 0.100000 0.133333
0 0.500000 0.081250 0.100000 0.133333
0 0.712500 0.702083 0.100000 0.133333
0 0.306250 0.131250 0.100000 0.133333
0 0.423438 0.312500 0.100000 0.133333
0 0.507812 0.575000 0.100000 0.133333
0 0.468750 0.541667 0.100000 0.133333
0 0.425000 0.470833 0.100000 0.133333
0 0.126562 0.600000 0.100000 0.133333
0 0.573438 0.737500 0.100000 0.133333
0 0.259375 0.175000 0.100000 0.133333
0 0.409375 0.287500 0.100000 0.133333
0 0.789062 0.558333 0.100000 0.133333
0 0.620313 0.416667 0.100000 0.133333
0 0.354687 0.550000 0.100000 0.133333
0 0.207813 0.852083 0.100000 0.133333
0 0.804688 0.133333 0.100000 0.133333
0 0.365625 0.293750 0.100000 0.133333
0 0.373437 0.368750 0.100000 0.133333
0 0.885938 0.179167 0.100000 0.133333
0 0.540625 0.802083 0.100000 0.133333
0 0.201563 0.479167 0.100000 0.133333
0 0.204687 0.768750 0.100000 0.133333
0 0.651563 0.268750 0.100000 0.133333
0 0.473438 0.302083 0.100000 0.133333
0 0.296875 0.818750 0.100000 0.133333
0 0.346875 0.550000 0.100000 0.133333
0 0.290625 0.258333 0.100000 0.133333
0 0.528125 0.785417 0.100000 0.133333
0 0.279687 0.352083 0.100000 0.133333
0 0.553125 0.389583 0.100000 0.133333
0 0.559375 0.475000 0.100000 0.133333
0 0.689063 0.404167 0.100000 0.133333
0 0.273438 0.835417 0.100000 0.133333
0 0.390625 0.612500 0.100000 0.133333
0 0.551562 0.510417 0.100000 0.133333
0 0.107813 0.414583 0.100000 0.133333
0 0.559375 0.689583 0.100000 0.133333
0 0.359375 0.333333 0.100000 0.133333
0 0.200000 0.520833 0.100000 0.133333
0 0.390625 0.741667 0.100000 0.133333
0 0.140625 0.622917 0.100000 0.133333
0 0.210938 0.889583 0.100000 0.133333
0 0.559375 0.377083 0.100000 0.133333
0 0.854688 0.129167 0.100000 0.133333
0 0.154688 0.270833 0.100000 0.133333
0 0.735938 0.127083 0.100000 0.133333
0 0.129688 0.443750 0.100000 0.133333
0 0.534375 0.137500 0.100000 0.133333
1 0.220312 0.733333 0.100000 0.133333
1 0.637500 0.327083 0.100000 0.133333
1 0.593750 0.208333 0.100000 0.133333
1 0.728125 0.643750 0.100000 0.133333
1 0.800000 0.664583 0.100000 0.133333
