0 0.162500 0.091667 0.100000 0.133333
0 0.751563 0.437500 0.100000 0.133333
0 0.171875 0.550000 0.100000 0.133333
0 0.360938 0.856250 0.100000 0.133333
0 0.464062 0.235417 0.100000 0.133333
0 0.598437 0.322917 0.100000 0.133333
0 0.246875 0.743750 0.100000 0.133333
0 0.371875 0.679167 0.100000 0.133333
0 0.621875 0.468750 0.100000 0.133333
0 0.670312 0.637500 0.100000 0.133333
0 0.739062 0.845833 0.100000 0.133333
0 0.520312 0.631250 0.100000 0.133333
0 0.503125 0.302083 0.100000 0.133333
0 0.757812 0.462500 0.100000 0.133333
0 0.204687 0.691667 0.100000 0.133333
0 0.242188 0.175000 0.100000 0.133333
0 0.154688 0.429167 0.100000 0.133333
0 0.596875 0.756250 0.100000 0.133333
0 0.545312 0.181250 0.100000 0.133333
0 0.107813 0.739583 0.100000 0.133333
0 0.857812 0.856250 0.100000 0.133333
0 0.192188 0.475000 0.100000 0.133333
0 0.387500 0.245833 0.100000 0.133333
0 0.534375 0.508333 0.100000 0.133333
0 0.503125 0.231250 0.100000 0.133333
0 0.546875 0.510417 0.100000 0.133333
0 0.156250 0.527083 0.100000 0.133333
0 0.798438 0.279167 0.100000 0.133333
0 0.342187 0.772917 0.100000 0.133333
0 0.326562 0.791667 0.100000 0.133333
0 0.310937 0.654167 0.100000 0.133333
0 0.248438 0.468750 0.100000 0.133333
0 0.592187 0.683333 0.100000 0.133333
0 0.109375 0.295833 0.100000 0.133333
0 0.854688 0.150000 0.100000 0.133333
0 0.307812 0.762500 0.100000 0.133333
0 0.154688 0.283333 0.100000 0.133333
0 0.548438 0.104167 0.100000 0.133333
0 0.618750 0.456250 0.100000 0.133333
0 0.415625 0.179167 0.100000 0.133333
0 0.832812 0.168750 0.100000 0.133333
0 0.498437 0.256250 0.100000 0.133333
0 0.542188 0.735417 0.100000 0.133333
0 0.856250 0.695833 0.100000 0.133333
0 0.450000 0.558333 0.100000 0.133333
0 0.192188 0.689583 0.100000 0.133333
0 0.210938 0.495833 0.100000 0.133333
0 0.159375 0.785417 0.100000 0.133333
0 0.612500 0.431250 0.100000 0.133333
0 0.681250 0.493750 0.100000 0.133333
0 0.165625 0.627083 0.100000 0.133333
0 0.623437 0.360417 0.100000 0.133333
0 0.409375 0.343750 0.100000 0.133333
0 0.289062 0.720833 0.100000 0.133333
0 0.892188 0.704167 0.100000 0.133333
0 0.534375 0.312500 0.100000 0.133333
0 0.512500 0.554167 0.100000 0.133333
0 0.275000 0.714583 0.100000 0.133333
0 0.282813 0.731250 0.100000 0.133333
0 0.862500 0.706250 0.100000 0.133333
0 0.645312 0.356250 0.100000 0.133333
0 0.720313 0.889583 0.100000 0.133333
0 0.790625 0.716667 0.100000 0.133333
0 0.706250 0.145833 0.100000 0.133333
0 0.793750 0.764583 0.100000 0.133333
0 0.768750 0.075000 0.100000 0.133333
0 0.439063 0.837500 0.100000 0.133333
0 0.245312 0.362500 0.100000 0.133333
0 0.154688 0.408333 0.100000 0.133333
0 0.165625 0.485417 0.100000 0.133333
0 0.253125 0.229167 0.100000 0.133333
0 0.839063 0.406250 0.100000 0.133333
0 0.778125 0.343750 0.100000 0.133333
0 0.246875 0.804167 0.100000 0.133333
0 0.515625 0.162500 0.100000 0.133333
0 0.871875 0.462500 0.100000 0.133333
0 0.109375 0.610417 0.100000 0.133333
0 0.251563 0.716667 0.100000 0.133333
0 0.559375 0.570833 0.100000 0.133333
0 0.487500 0.885417 0.100000 0.133333
0 0.596875 0.564583 0.100000 0.133333
0 0.264062 0.625000 0.100000 0.133333
0 0.828125 0.587500 0.100000 0.133333
0 0.307812 0.256250 0.100000 0.133333
0 0.685937 0.137500 0.100000 0.133333
0 0.273438 0.408333 0.100000 0.133333
0 0.375000 0.466667 0.100000 0.133333
0 0.768750 0.412500 0.100000 0.133333
0 0.392188 0.779167 0.100000 0.133333
0 0.701562 0.177083 0.100000 0.133333
0 0.889062 0.297917 0.100000 0.133333
0 0.746875 0.635417 0.100000 0.133333
0 0.151562 0.083333 0.100000 0.133333
0 0.609375 0.160417 0.100000 0.133333
0 0.612500 0.564583 0.100000 0.133333
0 0.664062 0.272917 0.100000 0.133333
0 0.659375 0.706250 0.100000 0.133333
0 0.707812 0.441667 0.100000 0.133333
0 0.668750 0.418750 0.100000 0.133333
0 0.434375 0.235417 0.100000 0.133333
0 0.896875 0.210417 0.100000 0.133333
0 0.318750 0.616667 0.100000 0.133333
0 0.876563 0.610417 0.100000 0.133333
0 0.226562 0.162500 0.100000 0.133333
0 0.760938 0.812500 0.100000 0.133333
0 0.885938 0.629167 0.100000 0.133333
0 0.617188 0.481250 0.100000 0.133333
0 0.404687 0.539583 0.100000 0.133333
0 0.617188 0.370833 0.100000 0.133333
0 0.739062 0.287500 0.100000 0.133333
0 0.548438 0.191667 0.100000 0.133333
0 0.475000 0.272917 0.100000 0.133333
0 0.237500 0.568750 0.100000 0.133333
0 0.670312 0.141667 0.100000 0.133333
0 0.607812 0.681250 0.100000 0.133333
0 0.764062 0.147917 0.100000 0.133333
0 0.168750 0.468750 0.100000 0.133333
0 0.259375 0.675000 0.100000 0.133333
0 0.900000 0.243750 0.100000 0.133333
0 0.582812 0.600000 0.100000 0.133333
0 0.645312 0.127083 0.100000 0.133333
0 0.268750 0.872917 0.100000 0.133333
0 0.521875 0.266667 0.100000 0.133333
0 0.773438 0.691667 0.100000 0.133333
0 0.401562 0.106250 0.100000 0.133333
0 0.557813 0.791667 0.100000 0.133333
0 0.184375 0.189583 0.100000 0.133333
0 0.118750 0.458333 0.100000 0.133333
0 0.264062 0.700000 0.100000 0.133333
0 0.107813 0.114583 0.100000 0.133333
0 0.731250 0.075000 0.100000 0.133333
0 0.176563 0.156250 0.100000 0.133333
0 0.603125 0.670833 0.100000 0.133333
0 0.896875 0.260417 0.100000 0.133333
0 0.153125 0.233333 0.100000 0.133333
0 0.775000 0.356250 0.100000 0.133333
0 0.167187 0.295833 0.100000 0.133333
0 0.778125 0.287500 0.100000 0.133333
0 0.229687 0.608333 0.100000 0.133333
0 0.325000 0.850000 0.100000 0.133333
0 0.612500 0.756250 0.100000 0.133333
0 0.607812 0.616667 0.100000 0.133333
0 0.646875 0.275000 0.100000 0.133333
0 0.657813 0.370833 0.100000 0.133333
0 0.726562 0.114583 0.100000 0.133333
0 0.395313 0.133333 0.100000 0.133333
0 0.635938 0.529167 0.100000 0.133333
0 0.882812 0.289583 0.100000 0.133333
0 0.765625 0.143750 0.100000 0.133333
0 0.879687 0.462500 0.100000 0.133333
1 0.193750 0.275000 0.100000 0.133333
1 0.656250 0.831250 0.100000 0.133333
1 0.128125 0.270833 0.100000 0.133333
1 0.156250 0.214583 0.100000 0.133333
1 0.940625 0.389583 0.100000 0.133333
