0 0.359375 0.277083 0.100000 0.133333
0 0.201563 0.764583 0.100000 0.133333
0 0.884375 0.216667 0.100000 0.133333
0 0.781250 0.214583 0.100000 0.133333
0 0.737500 0.616667 0.100000 0.133333
0 0.393750 0.206250 0.100000 0.133333
0 0.454688 0.481250 0.100000 0.133333
0 0.434375 0.752083 0.100000 0.133333
0 0.529687 0.381250 0.100000 0.133333
0 0.103125 0.612500 0.100000 0.133333
0 0.803125 0.268750 0.100000 0.133333
0 0.151562 0.439583 0.100000 0.133333
0 0.828125 0.631250 0.100000 0.133333
0 0.553125 0.652083 0.100000 0.133333
0 0.742188 0.766667 0.100000 0.133333
0 0.695312 0.187500 0.100000 0.133333
0 0.806250 0.552083 0.100000 0.133333
0 0.445312 0.458333 0.100000 0.133333
0 0.490625 0.537500 0.100000 0.133333
0 0.870313 0.318750 0.100000 0.133333
0 0.401562 0.129167 0.100000 0.133333
0 0.539062 0.850000 0.100000 0.133333
0 0.307812 0.877083 0.100000 0.133333
0 0.706250 0.206250 0.100000 0.133333
0 0.590625 0.779167 0.100000 0.133333
0 0.526563 0.775000 0.100000 0.133333
0 0.564063 0.572917 0.100000 0.133333
0 0.160938 0.116667 0.100000 0.133333
0 0.192188 0.550000 0.100000 0.133333
0 0.301563 0.525000 0.100000 0.133333
0 0.598437 0.152083 0.100000 0.133333
0 0.314063 0.539583 0.100000 0.133333
0 0.284375 0.366667 0.100000 0.133333
0 0.503125 0.856250 0.100000 0.133333
0 0.418750 0.518750 0.100000 0.133333
0 0.846875 0.145833 0.100000 0.133333
0 0.582812 0.441667 0.100000 0.133333
0 0.784375 0.362500 0.100000 0.133333
0 0.337500 0.856250 0.100000 0.133333
0 0.428125 0.658333 0.100000 0.133333
0 0.865625 0.508333 0.100000 0.133333
0 0.521875 0.229167 0.100000 0.133333
0 0.156250 0.685417 0.100000 0.133333
0 0.479687 0.612500 0.100000 0.133333
0 0.818750 0.764583 0.100000 0.133333
0 0.484375 0.183333 0.100000 0.133333
0 0.475000 0.529167 0.100000 0.133333
0 0.432812 0.454167 0.100000 0.133333
0 0.759375 0.831250 0.100000 0.133333
0 0.892188 0.070833 0.100000 0.133333
0 0.700000 0.564583 0.100000 0.133333
0 0.112500 0.656250 0.100000 0.133333
0 0.150000 0.491667 0.100000 0.133333
0 0.400000 0.114583 0.100000 0.133333
0 0.292187 0.714583 0.100000 0.133333
0 0.707812 0.577083 0.100000 0.133333
0 0.737500 0.779167 0.100000 0.133333
0 0.192188 0.470833 0.100000 0.133333
0 0.685937 0.872917 0.100000 0.133333
0 0.875000 0.420833 0.100000 0.133333
0 0.650000 0.197917 0.100000 0.133333
0 0.679688 0.295833 0.100000 0.133333
0 0.414062 0.275000 0.100000 0.133333
0 0.189062 0.464583 0.100000 0.133333
0 0.464062 0.172917 0.100000 0.133333
0 0.540625 0.843750 0.100000 0.133333
0 0.275000 0.164583 0.100000 0.133333
0 0.671875 0.735417 0.100000 0.133333
0 0.510938 0.587500 0.100000 0.133333
0 0.435937 0.264583 0.100000 0.133333
0 0.306250 0.200000 0.100000 0.133333
0 0.168750 0.506250 0.100000 0.133333
0 0.896875 0.635417 0.100000 0.133333
0 0.176563 0.725000 0.100000 0.133333
0 0.121875 0.447917 0.100000 0.133333
0 0.367188 0.664583 0.100000 0.133333
0 0.582812 0.885417 0.100000 0.133333
0 0.610938 0.541667 0.100000 0.133333
0 0.723437 0.677083 0.100000 0.133333
0 0.539062 0.854167 0.100000 0.133333
0 0.543750 0.560417 0.100000 0.133333
0 0.457813 0.652083 0.100000 0.133333
0 0.271875 0.737500 0.100000 0.133333
0 0.148438 0.758333 0.100000 0.133333
0 0.487500 0.537500 0.100000 0.133333
0 0.687500 0.150000 0.100000 0.133333
0 0.118750 0.408333 0.100000 0.133333
0 0.814063 0.239583 0.100000 0.133333
0 0.879687 0.368750 0.100000 0.133333
0 0.375000 0.762500 0.100000 0.133333
0 0.526563 0.733333 0.100000 0.133333
0 0.576562 0.300000 0.100000 0.133333
0 0.667188 0.702083 0.100000 0.133333
0 0.378125 0.127083 0.100000 0.133333
0 0.228125 0.750000 0.100000 0.133333
0 0.217188 0.152083 0.100000 0.133333
0 0.168750 0.877083 0.100000 0.133333
0 0.114062 0.233333 0.100000 0.133333
0 0.856250 0.112500 0.100000 0.133333
0 0.425000 0.095833 0.100000 0.133333
0 0.670312 0.831250 0.100000 0.133333
0 0.295312 0.504167 0.100000 0.133333
0 0.864062 0.195833 0.100000 0.133333
0 0.692187 0.260417 0.100000 0.133333
0 0.320312 0.352083 0.100000 0.133333
0 0.685937 0.706250 0.100000 0.133333
0 0.275000 0.589583 0.100000 0.133333
0 0.350000 0.847917 0.100000 0.133333
0 0.718750 0.225000 0.100000 0.133333
0 0.757812 0.177083 0.100000 0.133333
0 0.414062 0.358333 0.100000 0.133333
0 0.837500 0.106250 0.100000 0.133333
0 0.639062 0.260417 0.100000 0.133333
0 0.107813 0.172917 0.100000 0.133333
0 0.289062 0.541667 0.100000 0.133333
0 0.460938 0.814583 0.100000 0.133333
0 0.692187 0.875000 0.100000 0.133333
0 0.715625 0.472917 0.100000 0.133333
0 0.665625 0.247917 0.100000 0.133333
0 0.543750 0.456250 0.100000 0.133333
0 0.435937 0.845833 0.100000 0.133333
0 0.503125 0.337500 0.100000 0.133333
0 0.623437 0.779167 0.100000 0.133333
0 0.135937 0.808333 0.100000 0.133333
0 0.496875 0.579167 0.100000 0.133333
0 0.568750 0.102083 0.100000 0.133333
0 0.592187 0.543750 0.100000 0.133333
0 0.721875 0.643750 0.100000 0.133333
0 0.670312 0.585417 0.100000 0.133333
0 0.814063 0.600000 0.100000 0.133333
0 0.407813 0.681250 0.100000 0.133333
0 0.115625 0.541667 0.100000 0.133333
0 0.631250 0.143750 0.100000 0.133333
0 0.689063 0.400000 0.100000 0.133333
0 0.204687 0.725000 0.100000 0.133333
0 0.135937 0.087500 0.100000 0.133333
0 0.162500 0.539583 0.100000 0.133333
0 0.843750 0.608333 0.100000 0.133333
0 0.834375 0.572917 0.100000 0.133333
0 0.546875 0.675000 0.100000 0.133333
0 0.529687 0.300000 0.100000 0.133333
0 0.875000 0.727083 0.100000 0.133333
0 0.553125 0.595833 0.100000 0.133333
0 0.403125 0.570833 0.100000 0.133333
0 0.254688 0.266667 0.100000 0.133333
0 0.757812 0.304167 0.100000 0.133333
0 0.815625 0.672917 0.100000 0.133333
0 0.354687 0.154167 0.100000 0.133333
0 0.567187 0.816667 0.100000 0.133333
0 0.204687 0.656250 0.100000 0.133333
1 0.734375 0.725000 0.100000 0.133333
1 0.900000 0.420833 0.100000 0.133333
1 0.800000 0.891667 0.100000 0.133333
1 0.743750 0.391667 0.100000 0.133333
1 0.123438 0.087500 0.100000 0.133333
