0 0.520312 0.681250 0.100000 0.133333
0 0.101562 0.466667 0.100000 0.133333
0 0.792188 0.281250 0.100000 0.133333
0 0.717187 0.612500 0.100000 0.133333
0 0.815625 0.850000 0.100000 0.133333
0 0.635938 0.537500 0.100000 0.133333
0 0.165625 0.679167 0.100000 0.133333
0 0.253125 0.612500 0.100000 0.133333
0 0.462500 0.131250 0.100000 0.133333
0 0.357812 0.091667 0.100000 0.133333
0 0.503125 0.743750 0.100000 0.133333
0 0.501563 0.733333 0.100000 0.133333
0 0.801562 0.362500 0.100000 0.133333
0 0.153125 0.662500 0.100000 0.133333
0 0.567187 0.620833 0.100000 0.133333
0 0.210938 0.622917 0.100000 0.133333
0 0.456250 0.410417 0.100000 0.133333
0 0.559375 0.679167 0.100000 0.133333
0 0.353125 0.658333 0.100000 0.133333
0 0.840625 0.102083 0.100000 0.133333
0 0.146875 0.514583 0.100000 0.133333
0 0.729688 0.600000 0.100000 0.133333
0 0.623437 0.354167 0.100000 0.133333
0 0.509375 0.193750 0.100000 0.133333
0 0.234375 0.431250 0.100000 0.133333
0 0.289062 0.395833 0.100000 0.133333
0 0.721875 0.231250 0.100000 0.133333
0 0.667188 0.770833 0.100000 0.133333
0 0.437500 0.550000 0.100000 0.133333
0 0.170313 0.362500 0.100000 0.133333
0 0.360938 0.864583 0.100000 0.133333
0 0.615625 0.068750 0.100000 0.133333
0 0.820312 0.725000 0.100000 0.133333
0 0.107813 0.856250 0.100000 0.133333
0 0.782813 0.070833 0.100000 0.133333
0 0.540625 0.872917 0.100000 0.133333
0 0.437500 0.145833 0.100000 0.133333
0 0.173437 0.466667 0.100000 0.133333
0 0.220312 0.675000 0.100000 0.133333
0 0.678125 0.754167 0.100000 0.133333
0 0.657813 0.408333 0.100000 0.133333
0 0.535937 0.570833 0.100000 0.133333
0 0.681250 0.489583 0.100000 0.133333
0 0.329688 0.706250 0.100000 0.133333
0 0.310937 0.343750 0.100000 0.133333
0 0.865625 0.570833 0.100000 0.133333
0 0.846875 0.739583 0.100000 0.133333
0 0.257812 0.743750 0.100000 0.133333
0 0.270313 0.272917 0.100000 0.133333
0 0.453125 0.462500 0.100000 0.133333
0 0.620313 0.356250 0.100000 0.133333
0 0.406250 0.795833 0.100000 0.133333
0 0.625000 0.460417 0.100000 0.133333
0 0.104688 0.743750 0.100000 0.133333
0 0.760938 0.522917 0.100000 0.133333
0 0.485938 0.443750 0.100000 0.133333
0 0.434375 0.295833 0.100000 0.133333
0 0.835938 0.760417 0.100000 0.133333
0 0.804688 0.837500 0.100000 0.133333
0 0.582812 0.587500 0.100000 0.133333
0 0.296875 0.306250 0.100000 0.133333
0 0.303125 0.879167 0.100000 0.133333
0 0.837500 0.402083 0.100000 0.133333
0 0.857812 0.235417 0.100000 0.133333
0 0.718750 0.510417 0.100000 0.133333
0 0.662500 0.793750 0.100000 0.133333
0 0.900000 0.862500 0.100000 0.133333
0 0.193750 0.610417 0.100000 0.133333
0 0.759375 0.833333 0.100000 0.133333
0 0.618750 0.491667 0.100000 0.133333
0 0.137500 0.310417 0.100000 0.133333
0 0.853125 0.308333 0.100000 0.133333
0 0.257812 0.150000 0.100000 0.133333
0 0.384375 0.766667 0.100000 0.133333
0 0.851562 0.641667 0.100000 0.133333
0 0.760938 0.556250 0.100000 0.133333
0 0.495312 0.339583 0.100000 0.133333
0 0.865625 0.677083 0.100000 0.133333
0 0.681250 0.389583 0.100000 0.133333
0 0.784375 0.516667 0.100000 0.133333
0 0.693750 0.377083 0.100000 0.133333
0 0.187500 0.264583 0.100000 0.133333
0 0.281250 0.672917 0.100000 0.133333
0 0.173437 0.225000 0.100000 0.133333
0 0.160938 0.406250 0.100000 0.133333
0 0.804688 0.818750 0.100000 0.133333
0 0.289062 0.122917 0.100000 0.133333
0 0.487500 0.685417 0.100000 0.133333
0 0.743750 0.358333 0.100000 0.133333
0 0.228125 0.100000 0.100000 0.133333
0 0.151562 0.793750 0.100000 0.133333
0 0.865625 0.216667 0.100000 0.133333
0 0.201563 0.620833 0.100000 0.133333
0 0.895312 0.120833 0.100000 0.133333
0 0.303125 0.791667 0.100000 0.133333
0 0.503125 0.306250 0.100000 0.133333
0 0.314063 0.802083 0.100000 0.133333
0 0.718750 0.164583 0.100000 0.133333
0 0.245312 0.670833 0.100000 0.133333
0 0.315625 0.643750 0.100000 0.133333
0 0.275000 0.093750 0.100000 0.133333
0 0.412500 0.162500 0.100000 0.133333
0 0.271875 0.733333 0.100000 0.133333
0 0.429688 0.122917 0.100000 0.133333
0 0.401562 0.104167 0.100000 0.133333
0 0.834375 0.183333 0.100000 0.133333
0 0.589063 0.839583 0.100000 0.133333
0 0.468750 0.483333 0.100000 0.133333
0 0.300000 0.079167 0.100000 0.133333
0 0.373437 0.250000 0.100000 0.133333
0 0.157812 0.595833 0.100000 0.133333
0 0.226562 0.481250 0.100000 0.133333
0 0.704688 0.275000 0.100000 0.133333
0 0.231250 0.118750 0.100000 0.133333
0 0.628125 0.527083 0.100000 0.133333
0 0.889062 0.302083 0.100000 0.133333
0 0.803125 0.762500 0.100000 0.133333
0 0.846875 0.175000 0.100000 0.133333
0 0.737500 0.545833 0.100000 0.133333
0 0.259375 0.666667 0.100000 0.133333
0 0.670312 0.756250 0.100000 0.133333
0 0.460938 0.352083 0.100000 0.133333
0 0.554688 0.745833 0.100000 0.133333
0 0.587500 0.860417 0.100000 0.133333
0 0.304688 0.560417 0.100000 0.133333
0 0.326562 0.662500 0.100000 0.133333
0 0.556250 0.208333 0.100000 0.133333
0 0.815625 0.791667 0.100000 0.133333
0 0.446875 0.414583 0.100000 0.133333
0 0.568750 0.097917 0.100000 0.133333
0 0.382812 0.877083 0.100000 0.133333
0 0.781250 0.618750 0.100000 0.133333
0 0.514062 0.616667 0.100000 0.133333
0 0.257812 0.243750 0.100000 0.133333
0 0.253125 0.281250 0.100000 0.133333
0 0.698438 0.437500 0.100000 0.133333
0 0.770312 0.841667 0.100000 0.133333
0 0.778125 0.497917 0.100000 0.133333
0 0.892188 0.404167 0.100000 0.133333
0 0.856250 0.183333 0.100000 0.133333
0 0.617188 0.260417 0.100000 0.133333
0 0.823438 0.645833 0.100000 0.133333
0 0.284375 0.118750 0.100000 0.133333
0 0.673438 0.070833 0.100000 0.133333
0 0.193750 0.722917 0.100000 0.133333
0 0.292187 0.491667 0.100000 0.133333
0 0.670312 0.322917 0.100000 0.133333
0 0.837500 0.070833 0.100000 0.133333
0 0.314063 0.827083 0.100000 0.133333
0 0.706250 0.364583 0.100000 0.133333
1 0.410938 0.550000 0.100000 0.133333
1 0.473438 0.370833 0.100000 0.133333
1 0.939063 0.175000 0.100000 0.133333
1 0.601562 0.822917 0.100000 0.133333
1 0.379688 0.156250 0.100000 0.133333
