0 0.200000 0.254167 0.100000 0.133333
0 0.718750 0.422917 0.100000 0.133333
0 0.737500 0.654167 0.100000 0.133333
0 0.595313 0.570833 0.100000 0.133333
0 0.590625 0.800000 0.100000 0.133333
0 0.698438 0.458333 0.100000 0.133333
0 0.640625 0.883333 0.100000 0.133333
0 0.896875 0.200000 0.100000 0.133333
0 0.567187 0.597917 0.100000 0.133333
0 0.150000 0.339583 0.100000 0.133333
0 0.303125 0.522917 0.100000 0.133333
0 0.557813 0.510417 0.100000 0.133333
0 0.534375 0.464583 0.100000 0.133333
0 0.779687 0.412500 0.100000 0.133333
0 0.696875 0.368750 0.100000 0.133333
0 0.417187 0.220833 0.100000 0.133333
0 0.884375 0.689583 0.100000 0.133333
0 0.754687 0.472917 0.100000 0.133333
0 0.262500 0.477083 0.100000 0.133333
0 0.275000 0.352083 0.100000 0.133333
0 0.818750 0.716667 0.100000 0.133333
0 0.331250 0.504167 0.100000 0.133333
0 0.242188 0.216667 0.100000 0.133333
0 0.326562 0.822917 0.100000 0.133333
0 0.487500 0.654167 0.100000 0.133333
0 0.165625 0.887500 0.100000 0.133333
0 0.350000 0.800000 0.100000 0.133333
0 0.865625 0.477083 0.100000 0.133333
0 0.548438 0.783333 0.100000 0.133333
0 0.106250 0.866667 0.100000 0.133333
0 0.368750 0.504167 0.100000 0.133333
0 0.562500 0.556250 0.100000 0.133333
0 0.709375 0.558333 0.100000 0.133333
0 0.218750 0.718750 0.100000 0.133333
0 0.607812 0.291667 0.100000 0.133333
0 0.464062 0.662500 0.100000 0.133333
0 0.398438 0.277083 0.100000 0.133333
0 0.810937 0.779167 0.100000 0.133333
0 0.217188 0.562500 0.100000 0.133333
0 0.129688 0.462500 0.100000 0.133333
0 0.842187 0.672917 0.100000 0.133333
0 0.690625 0.185417 0.100000 0.133333
0 0.820312 0.131250 0.100000 0.133333
0 0.367188 0.839583 0.100000 0.133333
0 0.693750 0.510417 0.100000 0.133333
0 0.825000 0.247917 0.100000 0.133333
0 0.393750 0.143750 0.100000 0.133333
0 0.348438 0.581250 0.100000 0.133333
0 0.537500 0.177083 0.100000 0.133333
0 0.859375 0.129167 0.100000 0.133333
0 0.376563 0.350000 0.100000 0.133333
0 0.782813 0.883333 0.100000 0.133333
0 0.637500 0.445833 0.100000 0.133333
0 0.140625 0.595833 0.100000 0.133333
0 0.306250 0.570833 0.100000 0.133333
0 0.825000 0.822917 0.100000 0.133333
0 0.734375 0.139583 0.100000 0.133333
0 0.329688 0.875000 0.100000 0.133333
0 0.803125 0.412500 0.100000 0.133333
0 0.512500 0.720833 0.100000 0.133333
0 0.295312 0.429167 0.100000 0.133333
0 0.160938 0.808333 0.100000 0.133333
0 0.723437 0.525000 0.100000 0.133333
0 0.714063 0.416667 0.100000 0.133333
0 0.610938 0.589583 0.100000 0.133333
0 0.825000 0.416667 0.100000 0.133333
0 0.475000 0.385417 0.100000 0.133333
0 0.414062 0.827083 0.100000 0.133333
0 0.609375 0.595833 0.100000 0.133333
0 0.428125 0.508333 0.100000 0.133333
0 0.318750 0.597917 0.100000 0.133333
0 0.568750 0.170833 0.100000 0.133333
0 0.300000 0.835417 0.100000 0.133333
0 0.320312 0.131250 0.100000 0.133333
0 0.412500 0.070833 0.100000 0.133333
0 0.853125 0.222917 0.100000 0.133333
0 0.285938 0.829167 0.100000 0.133333
0 0.450000 0.077083 0.100000 0.133333
0 0.382812 0.297917 0.100000 0.133333
0 0.335938 0.845833 0.100000 0.133333
0 0.245312 0.537500 0.100000 0.133333
0 0.325000 0.795833 0.100000 0.133333
0 0.853125 0.112500 0.100000 0.133333
0 0.350000 0.856250 0.100000 0.133333
0 0.260937 0.870833 0.100000 0.133333
0 0.846875 0.685417 0.100000 0.133333
0 0.270313 0.679167 0.100000 0.133333
0 0.457813 0.518750 0.100000 0.133333
0 0.621875 0.658333 0.100000 0.133333
0 0.754687 0.416667 0.100000 0.133333
0 0.459375 0.820833 0.100000 0.133333
0 0.725000 0.789583 0.100000 0.133333
0 0.131250 0.287500 0.100000 0.133333
0 0.164062 0.783333 0.100000 0.133333
0 0.139063 0.695833 0.100000 0.133333
0 0.150000 0.229167 0.100000 0.133333
0 0.328125 0.354167 0.100000 0.133333
0 0.801562 0.650000 0.100000 0.133333
0 0.739062 0.652083 0.100000 0.133333
0 0.712500 0.733333 0.100000 0.133333
0 0.692187 0.358333 0.100000 0.133333
0 0.760938 0.495833 0.100000 0.133333
0 0.323437 0.529167 0.100000 0.133333
0 0.806250 0.397917 0.100000 0.133333
0 0.545312 0.527083 0.100000 0.133333
0 0.428125 0.752083 0.100000 0.133333
0 0.835938 0.260417 0.100000 0.133333
0 0.285938 0.791667 0.100000 0.133333
0 0.728125 0.164583 0.100000 0.133333
0 0.250000 0.462500 0.100000 0.133333
0 0.307812 0.435417 0.100000 0.133333
0 0.431250 0.266667 0.100000 0.133333
0 0.503125 0.554167 0.100000 0.133333
0 0.490625 0.768750 0.100000 0.133333
0 0.359375 0.889583 0.100000 0.133333
0 0.854688 0.433333 0.100000 0.133333
0 0.585938 0.337500 0.100000 0.133333
0 0.189062 0.527083 0.100000 0.133333
0 0.415625 0.654167 0.100000 0.133333
0 0.621875 0.212500 0.100000 0.133333
0 0.365625 0.558333 0.100000 0.133333
0 0.587500 0.852083 0.100000 0.133333
0 0.137500 0.437500 0.100000 0.133333
0 0.156250 0.295833 0.100000 0.133333
0 0.253125 0.775000 0.100000 0.133333
0 0.176563 0.297917 0.100000 0.133333
0 0.632812 0.362500 0.100000 0.133333
0 0.329688 0.675000 0.100000 0.133333
0 0.471875 0.208333 0.100000 0.133333
0 0.468750 0.862500 0.100000 0.133333
0 0.787500 0.666667 0.100000 0.133333
0 0.246875 0.358333 0.100000 0.133333
0 0.776563 0.316667 0.100000 0.133333
0 0.492188 0.106250 0.100000 0.133333
0 0.771875 0.097917 0.100000 0.133333
0 0.442188 0.441667 0.100000 0.133333
0 0.592187 0.891667 0.100000 0.133333
0 0.728125 0.575000 0.100000 0.133333
0 0.459375 0.295833 0.100000 0.133333
0 0.654687 0.097917 0.100000 0.133333
0 0.500000 0.425000 0.100000 0.133333
0 0.679688 0.287500 0.100000 0.133333
0 0.437500 0.595833 0.100000 0.133333
0 0.396875 0.229167 0.100000 0.133333
0 0.345313 0.685417 0.100000 0.133333
0 0.459375 0.329167 0.100000 0.133333
0 0.746875 0.585417 0.100000 0.133333
0 0.740625 0.237500 0.100000 0.133333
0 0.356250 0.435417 0.100000 0.133333
0 0.603125 0.802083 0.100000 0.133333
1 0.223438 0.770833 0.100000 0.133333
1 0.501563 0.312500 0.100000 0.133333
1 0.510938 0.729167 0.100000 0.133333
1 0.815625 0.500000 0.100000 0.133333
1 0.943750 0.572917 0.100000 0.133333
