0 0.384375 0.625000 0.100000 0.133333
0 0.404687 0.827083 0.100000 0.133333
0 0.753125 0.712500 0.100000 0.133333
0 0.253125 0.718750 0.100000 0.133333
0 0.226562 0.302083 0.100000 0.133333
0 0.301563 0.868750 0.100000 0.133333
0 0.860938 0.400000 0.100000 0.133333
0 0.612500 0.091667 0.100000 0.133333
0 0.382812 0.604167 0.100000 0.133333
0 0.825000 0.158333 0.100000 0.133333
0 0.384375 0.658333 0.100000 0.133333
0 0.409375 0.768750 0.100000 0.133333
0 0.704688 0.816667 0.100000 0.133333
0 0.737500 0.262500 0.100000 0.133333
0 0.428125 0.364583 0.100000 0.133333
0 0.803125 0.852083 0.100000 0.133333
0 0.109375 0.450000 0.100000 0.133333
0 0.698438 0.068750 0.100000 0.133333
0 0.521875 0.547917 0.100000 0.133333
0 0.553125 0.197917 0.100000 0.133333
0 0.743750 0.822917 0.100000 0.133333
0 0.200000 0.889583 0.100000 0.133333
0 0.485938 0.404167 0.100000 0.133333
0 0.648438 0.272917 0.100000 0.133333
0 0.585938 0.133333 0.100000 0.133333
0 0.109375 0.827083 0.100000 0.133333
0 0.857812 0.318750 0.100000 0.133333
0 0.778125 0.847917 0.100000 0.133333
0 0.346875 0.858333 0.100000 0.133333
0 0.185938 0.141667 0.100000 0.133333
0 0.396875 0.083333 0.100000 0.133333
0 0.892188 0.185417 0.100000 0.133333
0 0.160938 0.406250 0.100000 0.133333
0 0.587500 0.377083 0.100000 0.133333
0 0.232813 0.356250 0.100000 0.133333
0 0.523438 0.831250 0.100000 0.133333
0 0.410938 0.275000 0.100000 0.133333
0 0.360938 0.170833 0.100000 0.133333
0 0.796875 0.452083 0.100000 0.133333
0 0.820312 0.345833 0.100000 0.133333
0 0.881250 0.570833 0.100000 0.133333
0 0.578125 0.320833 0.100000 0.133333
0 0.376563 0.645833 0.100000 0.133333
0 0.603125 0.885417 0.100000 0.133333
0 0.704688 0.208333 0.100000 0.133333
0 0.112500 0.300000 0.100000 0.133333
0 0.804688 0.650000 0.100000 0.133333
0 0.689063 0.108333 0.100000 0.133333
0 0.417187 0.785417 0.100000 0.133333
0 0.253125 0.727083 0.100000 0.133333
0 0.171875 0.464583 0.100000 0.133333
0 0.751563 0.247917 0.100000 0.133333
0 0.778125 0.129167 0.100000 0.133333
0 0.748437 0.727083 0.100000 0.133333
0 0.456250 0.591667 0.100000 0.133333
0 0.126562 0.181250 0.100000 0.133333
0 0.315625 0.485417 0.100000 0.133333
0 0.440625 0.308333 0.100000 0.133333
0 0.178125 0.175000 0.100000 0.133333
0 0.118750 0.218750 0.100000 0.133333
0 0.565625 0.214583 0.100000 0.133333
0 0.712500 0.756250 0.100000 0.133333
0 0.373437 0.464583 0.100000 0.133333
0 0.421875 0.572917 0.100000 0.133333
0 0.315625 0.610417 0.100000 0.133333
0 0.640625 0.150000 0.100000 0.133333
0 0.807813 0.345833 0.100000 0.133333
0 0.873437 0.589583 0.100000 0.133333
0 0.817187 0.835417 0.100000 0.133333
0 0.126562 0.110417 0.100000 0.133333
0 0.496875 0.812500 0.100000 0.133333
0 0.456250 0.760417 0.100000 0.133333
0 0.503125 0.110417 0.100000 0.133333
0 0.628125 0.760417 0.100000 0.133333
0 0.512500 0.091667 0.100000 0.133333
0 0.143750 0.425000 0.100000 0.133333
0 0.310937 0.722917 0.100000 0.133333
0 0.482812 0.337500 0.100000 0.133333
0 0.467187 0.868750 0.100000 0.133333
0 0.670312 0.841667 0.100000 0.133333
0 0.684375 0.850000 0.100000 0.133333
0 0.743750 0.279167 0.100000 0.133333
0 0.765625 0.112500 0.100000 0.133333
0 0.657813 0.454167 0.100000 0.133333
0 0.454688 0.795833 0.100000 0.133333
0 0.865625 0.147917 0.100000 0.133333
0 0.271875 0.500000 0.100000 0.133333
0 0.115625 0.408333 0.100000 0.133333
0 0.643750 0.881250 0.100000 0.133333
0 0.684375 0.472917 0.100000 0.133333
0 0.498437 0.783333 0.100000 0.133333
0 0.109375 0.372917 0.100000 0.133333
0 0.693750 0.416667 0.100000 0.133333
0 0.146875 0.377083 0.100000 0.133333
0 0.776563 0.675000 0.100000 0.133333
0 0.226562 0.889583 0.100000 0.133333
0 0.682813 0.566667 0.100000 0.133333
0 0.250000 0.789583 0.100000 0.133333
0 0.542188 0.258333 0.100000 0.133333
0 0.446875 0.104167 0.100000 0.133333
0 0.676562 0.639583 0.100000 0.133333
0 0.284375 0.687500 0.100000 0.133333
0 0.468750 0.306250 0.100000 0.133333
0 0.290625 0.447917 0.100000 0.133333
0 0.328125 0.702083 0.100000 0.133333
0 0.348438 0.070833 0.100000 0.133333
0 0.104688 0.354167 0.100000 0.133333
0 0.421875 0.672917 0.100000 0.133333
0 0.529687 0.116667 0.100000 0.133333
0 0.356250 0.406250 0.100000 0.133333
0 0.282813 0.547917 0.100000 0.133333
0 0.578125 0.827083 0.100000 0.133333
0 0.403125 0.552083 0.100000 0.133333
0 0.668750 0.750000 0.100000 0.133333
0 0.440625 0.754167 0.100000 0.133333
0 0.443750 0.306250 0.100000 0.133333
0 0.656250 0.735417 0.100000 0.133333
0 0.560937 0.772917 0.100000 0.133333
0 0.825000 0.129167 0.100000 0.133333
0 0.625000 0.085417 0.100000 0.133333
0 0.798438 0.577083 0.100000 0.133333
0 0.276562 0.583333 0.100000 0.133333
0 0.892188 0.466667 0.100000 0.133333
0 0.117188 0.870833 0.100000 0.133333
0 0.387500 0.187500 0.100000 0.133333
0 0.607812 0.543750 0.100000 0.133333
0 0.885938 0.347917 0.100000 0.133333
0 0.209375 0.343750 0.100000 0.133333
0 0.429688 0.243750 0.100000 0.133333
0 0.640625 0.795833 0.100000 0.133333
0 0.871875 0.650000 0.100000 0.133333
0 0.821875 0.633333 0.100000 0.133333
0 0.557813 0.393750 0.100000 0.133333
0 0.526563 0.272917 0.100000 0.133333
0 0.689063 0.118750 0.100000 0.133333
0 0.117188 0.629167 0.100000 0.133333
0 0.748437 0.554167 0.100000 0.133333
0 0.781250 0.650000 0.100000 0.133333
0 0.820312 0.181250 0.100000 0.133333
0 0.379688 0.656250 0.100000 0.133333
0 0.890625 0.106250 0.100000 0.133333
0 0.570312 0.452083 0.100000 0.133333
0 0.334375 0.458333 0.100000 0.133333
0 0.123438 0.864583 0.100000 0.133333
0 0.593750 0.468750 0.100000 0.133333
0 0.845313 0.114583 0.100000 0.133333
0 0.190625 0.841667 0.100000 0.133333
0 0.845313 0.783333 0.100000 0.133333
0 0.596875 0.664583 0.100000 0.133333
0 0.307812 0.752083 0.100000 0.133333
1 0.295312 0.610417 0.100000 0.133333
1 0.378125 0.922917 0.100000 0.133333
1 0.426563 0.170833 0.100000 0.133333
1 0.682813 0.352083 0.100000 0.133333
1 0.523438 0.829167 0.100000 0.133333
