0 0.678125 0.404167 0.100000 0.133333
0 0.393750 0.466667 0.100000 0.133333
0 0.775000 0.585417 0.100000 0.133333
0 0.251563 0.812500 0.100000 0.133333
0 0.404687 0.508333 0.100000 0.133333
0 0.857812 0.891667 0.100000 0.133333
0 0.376563 0.345833 0.100000 0.133333
0 0.673438 0.822917 0.100000 0.133333
0 0.767188 0.579167 0.100000 0.133333
0 0.676562 0.472917 0.100000 0.133333
0 0.318750 0.822917 0.100000 0.133333
0 0.803125 0.495833 0.100000 0.133333
0 0.895312 0.879167 0.100000 0.133333
0 0.859375 0.133333 0.100000 0.133333
0 0.806250 0.283333 0.100000 0.133333
0 0.548438 0.125000 0.100000 0.133333
0 0.481250 0.770833 0.100000 0.133333
0 0.485938 0.339583 0.100000 0.133333
0 0.815625 0.158333 0.100000 0.133333
0 0.856250 0.664583 0.100000 0.133333
0 0.881250 0.687500 0.100000 0.133333
0 0.167187 0.293750 0.100000 0.133333
0 0.179688 0.681250 0.100000 0.133333
0 0.671875 0.712500 0.100000 0.133333
0 0.623437 0.450000 0.100000 0.133333
0 0.473438 0.645833 0.100000 0.133333
0 0.443750 0.337500 0.100000 0.133333
0 0.562500 0.345833 0.100000 0.133333
0 0.521875 0.377083 0.100000 0.133333
0 0.695312 0.379167 0.100000 0.133333
0 0.664062 0.081250 0.100000 0.133333
0 0.260937 0.172917 0.100000 0.133333
0 0.207813 0.137500 0.100000 0.133333
0 0.814063 0.431250 0.100000 0.133333
0 0.231250 0.187500 0.100000 0.133333
0 0.750000 0.431250 0.100000 0.133333
0 0.134375 0.639583 0.100000 0.133333
0 0.234375 0.139583 0.100000 0.133333
0 0.884375 0.362500 0.100000 0.133333
0 0.279687 0.222917 0.100000 0.133333
0 0.442188 0.156250 0.100000 0.133333
0 0.254688 0.731250 0.100000 0.133333
0 0.164062 0.818750 0.100000 0.133333
0 0.725000 0.270833 0.100000 0.133333
0 0.465625 0.764583 0.100000 0.133333
0 0.706250 0.862500 0.100000 0.133333
0 0.701562 0.075000 0.100000 0.133333
0 0.620313 0.093750 0.100000 0.133333
0 0.746875 0.883333 0.100000 0.133333
0 0.317188 0.493750 0.100000 0.133333
0 0.837500 0.266667 0.100000 0.133333
0 0.296875 0.477083 0.100000 0.133333
0 0.584375 0.368750 0.100000 0.133333
0 0.860938 0.435417 0.100000 0.133333
0 0.409375 0.743750 0.100000 0.133333
0 0.168750 0.250000 0.100000 0.133333
0 0.479687 0.554167 0.100000 0.133333
0 0.426563 0.593750 0.100000 0.133333
0 0.715625 0.814583 0.100000 0.133333
0 0.587500 0.818750 0.100000 0.133333
0 0.310937 0.325000 0.100000 0.133333
0 0.373437 0.131250 0.100000 0.133333
0 0.753125 0.697917 0.100000 0.133333
0 0.657813 0.233333 0.100000 0.133333
0 0.635938 0.566667 0.100000 0.133333
0 0.367188 0.314583 0.100000 0.133333
0 0.878125 0.297917 0.100000 0.133333
0 0.329688 0.358333 0.100000 0.133333
0 0.179688 0.852083 0.100000 0.133333
0 0.760938 0.287500 0.100000 0.133333
0 0.737500 0.241667 0.100000 0.133333
0 0.871875 0.256250 0.100000 0.133333
0 0.548438 0.806250 0.100000 0.133333
0 0.200000 0.268750 0.100000 0.133333
0 0.275000 0.435417 0.100000 0.133333
0 0.675000 0.220833 0.100000 0.133333
0 0.885938 0.072917 0.100000 0.133333
0 0.654687 0.683333 0.100000 0.133333
0 0.348438 0.322917 0.100000 0.133333
0 0.253125 0.587500 0.100000 0.133333
0 0.870313 0.452083 0.100000 0.133333
0 0.735938 0.766667 0.100000 0.133333
0 0.529687 0.745833 0.100000 0.133333
0 0.812500 0.233333 0.100000 0.133333
0 0.459375 0.747917 0.100000 0.133333
0 0.428125 0.843750 0.100000 0.133333
0 0.765625 0.620833 0.100000 0.133333
0 0.620313 0.256250 0.100000 0.133333
0 0.834375 0.533333 0.100000 0.133333
0 0.198437 0.306250 0.100000 0.133333
0 0.656250 0.179167 0.100000 0.133333
0 0.568750 0.602083 0.100000 0.133333
0 0.506250 0.825000 0.100000 0.133333
0 0.431250 0.847917 0.100000 0.133333
0 0.876563 0.129167 0.100000 0.133333
0 0.356250 0.610417 0.100000 0.133333
0 0.625000 0.122917 0.100000 0.133333
0 0.470313 0.314583 0.100000 0.133333
0 0.628125 0.554167 0.100000 0.133333
0 0.364063 0.360417 0.100000 0.133333
0 0.410938 0.347917 0.100000 0.133333
0 0.257812 0.668750 0.100000 0.133333
0 0.210938 0.497917 0.100000 0.133333
0 0.151562 0.812500 0.100000 0.133333
0 0.148438 0.433333 0.100000 0.133333
0 0.656250 0.366667 0.100000 0.133333
0 0.284375 0.627083 0.100000 0.133333
0 0.303125 0.614583 0.100000 0.133333
0 0.175000 0.760417 0.100000 0.133333
0 0.854688 0.183333 0.100000 0.133333
0 0.271875 0.691667 0.100000 0.133333
0 0.778125 0.470833 0.100000 0.133333
0 0.740625 0.445833 0.100000 0.133333
0 0.257812 0.162500 0.100000 0.133333
0 0.601562 0.641667 0.100000 0.133333
0 0.268750 0.387500 0.100000 0.133333
0 0.639062 0.543750 0.100000 0.133333
0 0.710938 0.314583 0.100000 0.133333
0 0.368750 0.791667 0.100000 0.133333
0 0.121875 0.508333 0.100000 0.133333
0 0.142187 0.545833 0.100000 0.133333
0 0.342187 0.197917 0.100000 0.133333
0 0.195312 0.329167 0.100000 0.133333
0 0.853125 0.222917 0.100000 0.133333
0 0.704688 0.397917 0.100000 0.133333
0 0.570312 0.827083 0.100000 0.133333
0 0.473438 0.275000 0.100000 0.133333
0 0.196875 0.600000 0.100000 0.133333
0 0.685937 0.122917 0.100000 0.133333
0 0.385937 0.579167 0.100000 0.133333
0 0.625000 0.462500 0.100000 0.133333
0 0.117188 0.666667 0.100000 0.133333
0 0.701562 0.402083 0.100000 0.133333
0 0.448437 0.731250 0.100000 0.133333
0 0.865625 0.100000 0.100000 0.133333
0 0.654687 0.108333 0.100000 0.133333
0 0.295312 0.410417 0.100000 0.133333
0 0.264062 0.233333 0.100000 0.133333
0 0.770312 0.381250 0.100000 0.133333
0 0.732812 0.466667 0.100000 0.133333
0 0.815625 0.272917 0.100000 0.133333
0 0.198437 0.379167 0.100000 0.133333
0 0.229687 0.822917 0.100000 0.133333
0 0.737500 0.400000 0.100000 0.133333
0 0.834375 0.612500 0.100000 0.133333
0 0.195312 0.285417 0.100000 0.133333
0 0.800000 0.539583 0.100000 0.133333
0 0.103125 0.685417 0.100000 0.133333
0 0.685937 0.675000 0.100000 0.133333
0 0.770312 0.558333 0.100000 0.133333
1 0.420312 0.693750 0.100000 0.133333
1 0.681250 0.360417 0.100000 0.133333
1 0.543750 0.847917 0.100000 0.133333
1 0.234375 0.712500 0.100000 0.133333
1 0.182812 0.387500 0.100000 0.133333
