0 0.762500 0.185417 0.100000 0.133333
0 0.518750 0.685417 0.100000 0.133333
0 0.168750 0.189583 0.100000 0.133333
0 0.467187 0.422917 0.100000 0.133333
0 0.293750 0.337500 0.100000 0.133333
0 0.837500 0.275000 0.100000 0.133333
0 0.401562 0.331250 0.100000 0.133333
0 0.523438 0.781250 0.100000 0.133333
0 0.273438 0.814583 0.100000 0.133333
0 0.278125 0.841667 0.100000 0.133333
0 0.214062 0.304167 0.100000 0.133333
0 0.154688 0.604167 0.100000 0.133333
0 0.273438 0.337500 0.100000 0.133333
0 0.596875 0.100000 0.100000 0.133333
0 0.734375 0.566667 0.100000 0.133333
0 0.653125 0.627083 0.100000 0.133333
0 0.550000 0.147917 0.100000 0.133333
0 0.537500 0.872917 0.100000 0.133333
0 0.303125 0.229167 0.100000 0.133333
0 0.350000 0.129167 0.100000 0.133333
0 0.182812 0.097917 0.100000 0.133333
0 0.793750 0.291667 0.100000 0.133333
0 0.810937 0.689583 0.100000 0.133333
0 0.265625 0.691667 0.100000 0.133333
0 0.651563 0.460417 0.100000 0.133333
0 0.698438 0.520833 0.100000 0.133333
0 0.864062 0.372917 0.100000 0.133333
0 0.675000 0.714583 0.100000 0.133333
0 0.378125 0.889583 0.100000 0.133333
0 0.673438 0.604167 0.100000 0.133333
0 0.134375 0.150000 0.100000 0.133333
0 0.121875 0.431250 0.100000 0.133333
0 0.634375 0.689583 0.100000 0.133333
0 0.503125 0.120833 0.100000 0.133333
0 0.200000 0.837500 0.100000 0.133333
0 0.792188 0.406250 0.100000 0.133333
0 0.117188 0.495833 0.100000 0.133333
0 0.725000 0.887500 0.100000 0.133333
0 0.482812 0.666667 0.100000 0.133333
0 0.145313 0.477083 0.100000 0.133333
0 0.814063 0.735417 0.100000 0.133333
0 0.814063 0.239583 0.100000 0.133333
0 0.503125 0.327083 0.100000 0.133333
0 0.321875 0.462500 0.100000 0.133333
0 0.275000 0.660417 0.100000 0.133333
0 0.631250 0.862500 0.100000 0.133333
0 0.750000 0.387500 0.100000 0.133333
0 0.740625 0.575000 0.100000 0.133333
0 0.240625 0.356250 0.100000 0.133333
0 0.623437 0.450000 0.100000 0.133333
0 0.679688 0.691667 0.100000 0.133333
0 0.389062 0.477083 0.100000 0.133333
0 0.417187 0.427083 0.100000 0.133333
0 0.482812 0.318750 0.100000 0.133333
0 0.418750 0.812500 0.100000 0.133333
0 0.396875 0.264583 0.100000 0.133333
0 0.143750 0.647917 0.100000 0.133333
0 0.106250 0.345833 0.100000 0.133333
0 0.293750 0.495833 0.100000 0.133333
0 0.721875 0.695833 0.100000 0.133333
0 0.653125 0.570833 0.100000 0.133333
0 0.351562 0.141667 0.100000 0.133333
0 0.484375 0.300000 0.100000 0.133333
0 0.734375 0.512500 0.100000 0.133333
0 0.640625 0.737500 0.100000 0.133333
0 0.250000 0.752083 0.100000 0.133333
0 0.112500 0.070833 0.100000 0.133333
0 0.568750 0.750000 0.100000 0.133333
0 0.751563 0.762500 0.100000 0.133333
0 0.856250 0.535417 0.100000 0.133333
0 0.317188 0.635417 0.100000 0.133333
0 0.539062 0.158333 0.100000 0.133333
0 0.785937 0.258333 0.100000 0.133333
0 0.471875 0.087500 0.100000 0.133333
0 0.493750 0.325000 0.100000 0.133333
0 0.765625 0.291667 0.100000 0.133333
0 0.173437 0.287500 0.100000 0.133333
0 0.246875 0.768750 0.100000 0.133333
0 0.623437 0.243750 0.100000 0.133333
0 0.228125 0.193750 0.100000 0.133333
0 0.559375 0.456250 0.100000 0.133333
0 0.429688 0.835417 0.100000 0.133333
0 0.209375 0.116667 0.100000 0.133333
0 0.525000 0.147917 0.100000 0.133333
0 0.689063 0.633333 0.100000 0.133333
0 0.706250 0.685417 0.100000 0.133333
0 0.548438 0.068750 0.100000 0.133333
0 0.337500 0.206250 0.100000 0.133333
0 0.579688 0.579167 0.100000 0.133333
0 0.646875 0.447917 0.100000 0.133333
0 0.137500 0.212500 0.100000 0.133333
0 0.560937 0.547917 0.100000 0.133333
0 0.339062 0.327083 0.100000 0.133333
0 0.892188 0.304167 0.100000 0.133333
0 0.698438 0.854167 0.100000 0.133333
0 0.892188 0.206250 0.100000 0.133333
0 0.204687 0.306250 0.100000 0.133333
0 0.595313 0.414583 0.100000 0.133333
0 0.592187 0.581250 0.100000 0.133333
0 0.564063 0.450000 0.100000 0.133333
0 0.898438 0.300000 0.100000 0.133333
0 0.175000 0.729167 0.100000 0.133333
0 0.873437 0.525000 0.100000 0.133333
0 0.718750 0.864583 0.100000 0.133333
0 0.206250 0.097917 0.100000 0.133333
0 0.606250 0.872917 0.100000 0.133333
0 0.148438 0.125000 0.100000 0.133333
0 0.893750 0.254167 0.100000 0.133333
0 0.698438 0.812500 0.100000 0.133333
0 0.320312 0.858333 0.100000 0.133333
0 0.342187 0.610417 0.100000 0.133333
0 0.403125 0.222917 0.100000 0.133333
0 0.842187 0.639583 0.100000 0.133333
0 0.575000 0.097917 0.100000 0.133333
0 0.417187 0.500000 0.100000 0.133333
0 0.198437 0.718750 0.100000 0.133333
0 0.259375 0.775000 0.100000 0.133333
0 0.395313 0.668750 0.100000 0.133333
0 0.481250 0.429167 0.100000 0.133333
0 0.876563 0.868750 0.100000 0.133333
0 0.101562 0.245833 0.100000 0.133333
0 0.537500 0.206250 0.100000 0.133333
0 0.396875 0.289583 0.100000 0.133333
0 0.400000 0.818750 0.100000 0.133333
0 0.323437 0.864583 0.100000 0.133333
0 0.579688 0.308333 0.100000 0.133333
0 0.306250 0.075000 0.100000 0.133333
0 0.171875 0.216667 0.100000 0.133333
0 0.634375 0.535417 0.100000 0.133333
0 0.520312 0.243750 0.100000 0.133333
0 0.181250 0.629167 0.100000 0.133333
0 0.785937 0.137500 0.100000 0.133333
0 0.382812 0.410417 0.100000 0.133333
0 0.814063 0.439583 0.100000 0.133333
0 0.751563 0.716667 0.100000 0.133333
0 0.675000 0.391667 0.100000 0.133333
0 0.279687 0.106250 0.100000 0.133333
0 0.554688 0.854167 0.100000 0.133333
0 0.173437 0.831250 0.100000 0.133333
0 0.389062 0.579167 0.100000 0.133333
0 0.835938 0.635417 0.100000 0.133333
0 0.425000 0.310417 0.100000 0.133333
0 0.734375 0.512500 0.100000 0.133333
0 0.723437 0.150000 0.100000 0.133333
0 0.607812 0.664583 0.100000 0.133333
0 0.259375 0.327083 0.100000 0.133333
0 0.410938 0.387500 0.100000 0.133333
0 0.776563 0.477083 0.100000 0.133333
0 0.760938 0.716667 0.100000 0.133333
0 0.389062 0.179167 0.100000 0.133333
1 0.601562 0.706250 0.100000 0.133333
1 0.435937 0.695833 0.100000 0.133333
1 0.523438 0.468750 0.100000 0.133333
1 0.859375 0.843750 0.100000 0.133333
1 0.842187 0.412500 0.100000 0.133333
