0 0.332813 0.185417 0.100000 0.133333
0 0.429688 0.125000 0.100000 0.133333
0 0.829688 0.760417 0.100000 0.133333
0 0.648438 0.235417 0.100000 0.133333
0 0.215625 0.441667 0.100000 0.133333
0 0.584375 0.422917 0.100000 0.133333
0 0.751563 0.650000 0.100000 0.133333
0 0.681250 0.718750 0.100000 0.133333
0 0.660937 0.352083 0.100000 0.133333
0 0.478125 0.612500 0.100000 0.133333
0 0.481250 0.131250 0.100000 0.133333
0 0.373437 0.352083 0.100000 0.133333
0 0.721875 0.627083 0.100000 0.133333
0 0.229687 0.137500 0.100000 0.133333
0 0.379688 0.383333 0.100000 0.133333
0 0.542188 0.218750 0.100000 0.133333
0 0.629687 0.875000 0.100000 0.133333
0 0.434375 0.545833 0.100000 0.133333
0 0.540625 0.381250 0.100000 0.133333
0 0.800000 0.181250 0.100000 0.133333
0 0.828125 0.600000 0.100000 0.133333
0 0.145313 0.833333 0.100000 0.133333
0 0.384375 0.612500 0.100000 0.133333
0 0.537500 0.547917 0.100000 0.133333
0 0.228125 0.612500 0.100000 0.133333
0 0.420312 0.116667 0.100000 0.133333
0 0.810937 0.504167 0.100000 0.133333
0 0.406250 0.568750 0.100000 0.133333
0 0.320312 0.156250 0.100000 0.133333
0 0.292187 0.268750 0.100000 0.133333
0 0.581250 0.697917 0.100000 0.133333
0 0.715625 0.335417 0.100000 0.133333
0 0.353125 0.843750 0.100000 0.133333
0 0.739062 0.818750 0.100000 0.133333
0 0.304688 0.225000 0.100000 0.133333
0 0.139063 0.325000 0.100000 0.133333
0 0.457813 0.337500 0.100000 0.133333
0 0.448437 0.568750 0.100000 0.133333
0 0.815625 0.089583 0.100000 0.133333
0 0.834375 0.850000 0.100000 0.133333
0 0.728125 0.489583 0.100000 0.133333
0 0.695312 0.641667 0.100000 0.133333
0 0.146875 0.277083 0.100000 0.133333
0 0.554688 0.145833 0.100000 0.133333
0 0.546875 0.718750 0.100000 0.133333
0 0.123438 0.495833 0.100000 0.133333
0 0.157812 0.795833 0.100000 0.133333
0 0.276562 0.250000 0.100000 0.133333
0 0.878125 0.697917 0.100000 0.133333
0 0.845313 0.195833 0.100000 0.133333
0 0.609375 0.825000 0.100000 0.133333
0 0.228125 0.470833 0.100000 0.133333
0 0.150000 0.545833 0.100000 0.133333
0 0.440625 0.122917 0.100000 0.133333
0 0.201563 0.227083 0.100000 0.133333
0 0.614062 0.700000 0.100000 0.133333
0 0.495312 0.597917 0.100000 0.133333
0 0.218750 0.577083 0.100000 0.133333
0 0.318750 0.802083 0.100000 0.133333
0 0.671875 0.643750 0.100000 0.133333
0 0.257812 0.258333 0.100000 0.133333
0 0.575000 0.137500 0.100000 0.133333
0 0.298438 0.343750 0.100000 0.133333
0 0.335938 0.820833 0.100000 0.133333
0 0.517188 0.427083 0.100000 0.133333
0 0.375000 0.337500 0.100000 0.133333
0 0.514062 0.235417 0.100000 0.133333
0 0.685937 0.087500 0.100000 0.133333
0 0.406250 0.406250 0.100000 0.133333
0 0.610938 0.185417 0.100000 0.133333
0 0.554688 0.183333 0.100000 0.133333
0 0.635938 0.641667 0.100000 0.133333
0 0.648438 0.764583 0.100000 0.133333
0 0.134375 0.120833 0.100000 0.133333
0 0.262500 0.839583 0.100000 0.133333
0 0.898438 0.502083 0.100000 0.133333
0 0.200000 0.858333 0.100000 0.133333
0 0.357812 0.547917 0.100000 0.133333
0 0.692187 0.622917 0.100000 0.133333
0 0.409375 0.220833 0.100000 0.133333
0 0.618750 0.366667 0.100000 0.133333
0 0.268750 0.733333 0.100000 0.133333
0 0.134375 0.470833 0.100000 0.133333
0 0.845313 0.389583 0.100000 0.133333
0 0.740625 0.387500 0.100000 0.133333
0 0.512500 0.441667 0.100000 0.133333
0 0.723437 0.643750 0.100000 0.133333
0 0.417187 0.743750 0.100000 0.133333
0 0.750000 0.404167 0.100000 0.133333
0 0.612500 0.481250 0.100000 0.133333
0 0.381250 0.372917 0.100000 0.133333
0 0.157812 0.833333 0.100000 0.133333
0 0.557813 0.591667 0.100000 0.133333
0 0.871875 0.231250 0.100000 0.133333
0 0.807813 0.431250 0.100000 0.133333
0 0.542188 0.654167 0.100000 0.133333
0 0.496875 0.839583 0.100000 0.133333
0 0.168750 0.395833 0.100000 0.133333
0 0.610938 0.883333 0.100000 0.133333
0 0.328125 0.856250 0.100000 0.133333
0 0.500000 0.162500 0.100000 0.133333
0 0.278125 0.850000 0.100000 0.133333
0 0.603125 0.856250 0.100000 0.133333
0 0.626563 0.187500 0.100000 0.133333
0 0.850000 0.172917 0.100000 0.133333
0 0.832812 0.114583 0.100000 0.133333
0 0.532813 0.500000 0.100000 0.133333
0 0.110937 0.143750 0.100000 0.133333
0 0.492188 0.437500 0.100000 0.133333
0 0.300000 0.110417 0.100000 0.133333
0 0.351562 0.377083 0.100000 0.133333
0 0.165625 0.360417 0.100000 0.133333
0 0.253125 0.752083 0.100000 0.133333
0 0.828125 0.866667 0.100000 0.133333
0 0.501563 0.772917 0.100000 0.133333
0 0.160938 0.752083 0.100000 0.133333
0 0.257812 0.556250 0.100000 0.133333
0 0.279687 0.333333 0.100000 0.133333
0 0.304688 0.345833 0.100000 0.133333
0 0.137500 0.191667 0.100000 0.133333
0 0.276562 0.168750 0.100000 0.133333
0 0.342187 0.189583 0.100000 0.133333
0 0.185938 0.718750 0.100000 0.133333
0 0.801562 0.602083 0.100000 0.133333
0 0.532813 0.491667 0.100000 0.133333
0 0.778125 0.458333 0.100000 0.133333
0 0.223438 0.597917 0.100000 0.133333
0 0.776563 0.770833 0.100000 0.133333
0 0.590625 0.385417 0.100000 0.133333
0 0.506250 0.139583 0.100000 0.133333
0 0.859375 0.708333 0.100000 0.133333
0 0.143750 0.775000 0.100000 0.133333
0 0.314063 0.327083 0.100000 0.133333
0 0.170313 0.277083 0.100000 0.133333
0 0.128125 0.716667 0.100000 0.133333
0 0.435937 0.158333 0.100000 0.133333
0 0.704688 0.118750 0.100000 0.133333
0 0.706250 0.437500 0.100000 0.133333
0 0.153125 0.402083 0.100000 0.133333
0 0.753125 0.502083 0.100000 0.133333
0 0.639062 0.550000 0.100000 0.133333
0 0.348438 0.695833 0.100000 0.133333
0 0.204687 0.841667 0.100000 0.133333
0 0.521875 0.122917 0.100000 0.133333
0 0.703125 0.775000 0.100000 0.133333
0 0.107813 0.429167 0.100000 0.133333
0 0.223438 0.550000 0.100000 0.133333
0 0.859375 0.158333 0.100000 0.133333
0 0.389062 0.720833 0.100000 0.133333
0 0.543750 0.597917 0.100000 0.133333
1 0.093750 0.518750 0.100000 0.133333
1 0.801562 0.695833 0.100000 0.133333
1 0.273438 0.195833 0.100000 0.133333
1 0.712500 0.295833 0.100000 0.133333
1 0.523438 0.320833 0.100000 0.133333
