0 0.645312 0.608333 0.100000 0.133333
0 0.187500 0.218750 0.100000 0.133333
0 0.431250 0.779167 0.100000 0.133333
0 0.414062 0.106250 0.100000 0.133333
0 0.582812 0.772917 0.100000 0.133333
0 0.220312 0.395833 0.100000 0.133333
0 0.376563 0.664583 0.100000 0.133333
0 0.689063 0.264583 0.100000 0.133333
0 0.431250 0.847917 0.100000 0.133333
0 0.289062 0.487500 0.100000 0.133333
0 0.735938 0.491667 0.100000 0.133333
0 0.289062 0.306250 0.100000 0.133333
0 0.131250 0.854167 0.100000 0.133333
0 0.321875 0.550000 0.100000 0.133333
0 0.821875 0.568750 0.100000 0.133333
0 0.287500 0.281250 0.100000 0.133333
0 0.600000 0.493750 0.100000 0.133333
0 0.326562 0.147917 0.100000 0.133333
0 0.428125 0.706250 0.100000 0.133333
0 0.434375 0.489583 0.100000 0.133333
0 0.303125 0.275000 0.100000 0.133333
0 0.212500 0.468750 0.100000 0.133333
0 0.303125 0.875000 0.100000 0.133333
0 0.310937 0.512500 0.100000 0.133333
0 0.839063 0.772917 0.100000 0.133333
0 0.614062 0.585417 0.100000 0.133333
0 0.335938 0.729167 0.100000 0.133333
0 0.673438 0.172917 0.100000 0.133333
0 0.856250 0.604167 0.100000 0.133333
0 0.543750 0.225000 0.100000 0.133333
0 0.698438 0.495833 0.100000 0.133333
0 0.426563 0.637500 0.100000 0.133333
0 0.128125 0.339583 0.100000 0.133333
0 0.221875 0.172917 0.100000 0.133333
0 0.759375 0.268750 0.100000 0.133333
0 0.645312 0.816667 0.100000 0.133333
0 0.756250 0.222917 0.100000 0.133333
0 0.317188 0.291667 0.100000 0.133333
0 0.650000 0.666667 0.100000 0.133333
0 0.382812 0.887500 0.100000 0.133333
0 0.882812 0.422917 0.100000 0.133333
0 0.425000 0.360417 0.100000 0.133333
0 0.729688 0.793750 0.100000 0.133333
0 0.296875 0.656250 0.100000 0.133333
0 0.104688 0.252083 0.100000 0.133333
0 0.256250 0.812500 0.100000 0.133333
0 0.860938 0.075000 0.100000 0.133333
0 0.610938 0.656250 0.100000 0.133333
0 0.864062 0.389583 0.100000 0.133333
0 0.826562 0.664583 0.100000 0.133333
0 0.609375 0.370833 0.100000 0.133333
0 0.770312 0.618750 0.100000 0.133333
0 0.273438 0.879167 0.100000 0.133333
0 0.143750 0.716667 0.100000 0.133333
0 0.259375 0.293750 0.100000 0.133333
0 0.550000 0.714583 0.100000 0.133333
0 0.728125 0.783333 0.100000 0.133333
0 0.110937 0.233333 0.100000 0.133333
0 0.675000 0.747917 0.100000 0.133333
0 0.395313 0.739583 0.100000 0.133333
0 0.139063 0.520833 0.100000 0.133333
0 0.723437 0.789583 0.100000 0.133333
0 0.234375 0.597917 0.100000 0.133333
0 0.487500 0.225000 0.100000 0.133333
0 0.150000 0.177083 0.100000 0.133333
0 0.357812 0.197917 0.100000 0.133333
0 0.215625 0.158333 0.100000 0.133333
0 0.890625 0.256250 0.100000 0.133333
0 0.496875 0.645833 0.100000 0.133333
0 0.301563 0.281250 0.100000 0.133333
0 0.670312 0.381250 0.100000 0.133333
0 0.790625 0.654167 0.100000 0.133333
0 0.701562 0.404167 0.100000 0.133333
0 0.550000 0.831250 0.100000 0.133333
0 0.625000 0.360417 0.100000 0.133333
0 0.340625 0.454167 0.100000 0.133333
0 0.345313 0.720833 0.100000 0.133333
0 0.603125 0.310417 0.100000 0.133333
0 0.604688 0.675000 0.100000 0.133333
0 0.428125 0.858333 0.100000 0.133333
0 0.489063 0.162500 0.100000 0.133333
0 0.489063 0.306250 0.100000 0.133333
0 0.159375 0.116667 0.100000 0.133333
0 0.117188 0.270833 0.100000 0.133333
0 0.501563 0.260417 0.100000 0.133333
0 0.687500 0.575000 0.100000 0.133333
0 0.815625 0.260417 0.100000 0.133333
0 0.703125 0.875000 0.100000 0.133333
0 0.150000 0.856250 0.100000 0.133333
0 0.859375 0.370833 0.100000 0.133333
0 0.228125 0.731250 0.100000 0.133333
0 0.156250 0.652083 0.100000 0.133333
0 0.432812 0.831250 0.100000 0.133333
0 0.329688 0.295833 0.100000 0.133333
0 0.300000 0.656250 0.100000 0.133333
0 0.403125 0.372917 0.100000 0.133333
0 0.840625 0.714583 0.100000 0.133333
0 0.203125 0.091667 0.100000 0.133333
0 0.882812 0.402083 0.100000 0.133333
0 0.279687 0.150000 0.100000 0.133333
0 0.764062 0.168750 0.100000 0.133333
0 0.465625 0.841667 0.100000 0.133333
0 0.600000 0.856250 0.100000 0.133333
0 0.554688 0.725000 0.100000 0.133333
0 0.168750 0.629167 0.100000 0.133333
0 0.700000 0.741667 0.100000 0.133333
0 0.542188 0.856250 0.100000 0.133333
0 0.137500 0.839583 0.100000 0.133333
0 0.776563 0.302083 0.100000 0.133333
0 0.160938 0.545833 0.100000 0.133333
0 0.684375 0.456250 0.100000 0.133333
0 0.328125 0.335417 0.100000 0.133333
0 0.631250 0.389583 0.100000 0.133333
0 0.176563 0.850000 0.100000 0.133333
0 0.298438 0.343750 0.100000 0.133333
0 0.140625 0.493750 0.100000 0.133333
0 0.421875 0.629167 0.100000 0.133333
0 0.192188 0.766667 0.100000 0.133333
0 0.229687 0.714583 0.100000 0.133333
0 0.250000 0.720833 0.100000 0.133333
0 0.857812 0.547917 0.100000 0.133333
0 0.187500 0.202083 0.100000 0.133333
0 0.554688 0.381250 0.100000 0.133333
0 0.650000 0.364583 0.100000 0.133333
0 0.217188 0.254167 0.100000 0.133333
0 0.514062 0.312500 0.100000 0.133333
0 0.679688 0.325000 0.100000 0.133333
0 0.429688 0.535417 0.100000 0.133333
0 0.337500 0.637500 0.100000 0.133333
0 0.412500 0.418750 0.100000 0.133333
0 0.412500 0.106250 0.100000 0.133333
0 0.168750 0.620833 0.100000 0.133333
0 0.184375 0.637500 0.100000 0.133333
0 0.620313 0.079167 0.100000 0.133333
0 0.362500 0.491667 0.100000 0.133333
0 0.314063 0.389583 0.100000 0.133333
0 0.214062 0.156250 0.100000 0.133333
0 0.439063 0.352083 0.100000 0.133333
0 0.318750 0.622917 0.100000 0.133333
0 0.340625 0.645833 0.100000 0.133333
0 0.273438 0.795833 0.100000 0.133333
0 0.229687 0.533333 0.100000 0.133333
0 0.860938 0.829167 0.100000 0.133333
0 0.681250 0.425000 0.100000 0.133333
0 0.695312 0.122917 0.100000 0.133333
0 0.890625 0.516667 0.100000 0.133333
0 0.104688 0.325000 0.100000 0.133333
0 0.315625 0.158333 0.100000 0.133333
0 0.585938 0.079167 0.100000 0.133333
0 0.757812 0.412500 0.100000 0.133333
1 0.150000 0.872917 0.100000 0.133333
1 0.432812 0.852083 0.100000 0.133333
1 0.734375 0.395833 0.100000 0.133333
1 0.776563 0.239583 0.100000 0.133333
1 0.342187 0.758333 0.100000 0.133333
