0 0.739062 0.891667 0.100000 0.133333
0 0.504687 0.802083 0.100000 0.133333
0 0.112500 0.814583 0.100000 0.133333
0 0.200000 0.831250 0.100000 0.133333
0 0.759375 0.860417 0.100000 0.133333
0 0.739062 0.385417 0.100000 0.133333
0 0.900000 0.789583 0.100000 0.133333
0 0.793750 0.266667 0.100000 0.133333
0 0.414062 0.335417 0.100000 0.133333
0 0.626563 0.731250 0.100000 0.133333
0 0.201563 0.550000 0.100000 0.133333
0 0.606250 0.860417 0.100000 0.133333
0 0.621875 0.570833 0.100000 0.133333
0 0.153125 0.518750 0.100000 0.133333
0 0.265625 0.308333 0.100000 0.133333
0 0.618750 0.322917 0.100000 0.133333
0 0.787500 0.477083 0.100000 0.133333
0 0.812500 0.237500 0.100000 0.133333
0 0.673438 0.252083 0.100000 0.133333
0 0.464062 0.372917 0.100000 0.133333
0 0.135937 0.639583 0.100000 0.133333
0 0.582812 0.741667 0.100000 0.133333
0 0.640625 0.391667 0.100000 0.133333
0 0.498437 0.543750 0.100000 0.133333
0 0.689063 0.800000 0.100000 0.133333
0 0.212500 0.395833 0.100000 0.133333
0 0.251563 0.493750 0.100000 0.133333
0 0.748437 0.385417 0.100000 0.133333
0 0.579688 0.862500 0.100000 0.133333
0 0.800000 0.883333 0.100000 0.133333
0 0.435937 0.672917 0.100000 0.133333
0 0.659375 0.472917 0.100000 0.133333
0 0.151562 0.508333 0.100000 0.133333
0 0.739062 0.497917 0.100000 0.133333
0 0.395313 0.260417 0.100000 0.133333
0 0.537500 0.200000 0.100000 0.133333
0 0.840625 0.168750 0.100000 0.133333
0 0.503125 0.387500 0.100000 0.133333
0 0.487500 0.864583 0.100000 0.133333
0 0.192188 0.695833 0.100000 0.133333
0 0.654687 0.589583 0.100000 0.133333
0 0.353125 0.333333 0.100000 0.133333
0 0.162500 0.362500 0.100000 0.133333
0 0.417187 0.466667 0.100000 0.133333
0 0.231250 0.877083 0.100000 0.133333
0 0.639062 0.422917 0.100000 0.133333
0 0.314063 0.606250 0.100000 0.133333
0 0.721875 0.241667 0.100000 0.133333
0 0.760938 0.850000 0.100000 0.133333
0 0.768750 0.495833 0.100000 0.133333
0 0.409375 0.677083 0.100000 0.133333
0 0.629687 0.237500 0.100000 0.133333
0 0.615625 0.720833 0.100000 0.133333
0 0.610938 0.825000 0.100000 0.133333
0 0.529687 0.612500 0.100000 0.133333
0 0.675000 0.208333 0.100000 0.133333
0 0.667188 0.787500 0.100000 0.133333
0 0.476562 0.866667 0.100000 0.133333
0 0.356250 0.562500 0.100000 0.133333
0 0.267188 0.808333 0.100000 0.133333
0 0.373437 0.877083 0.100000 0.133333
0 0.600000 0.222917 0.100000 0.133333
0 0.801562 0.747917 0.100000 0.133333
0 0.900000 0.364583 0.100000 0.133333
0 0.832812 0.218750 0.100000 0.133333
0 0.835938 0.825000 0.100000 0.133333
0 0.129688 0.879167 0.100000 0.133333
0 0.300000 0.187500 0.100000 0.133333
0 0.512500 0.610417 0.100000 0.133333
0 0.598437 0.483333 0.100000 0.133333
0 0.312500 0.356250 0.100000 0.133333
0 0.746875 0.129167 0.100000 0.133333
0 0.821875 0.470833 0.100000 0.133333
0 0.223438 0.872917 0.100000 0.133333
0 0.157812 0.379167 0.100000 0.133333
0 0.529687 0.672917 0.100000 0.133333
0 0.451562 0.093750 0.100000 0.133333
0 0.656250 0.837500 0.100000 0.133333
0 0.264062 0.487500 0.100000 0.133333
0 0.259375 0.518750 0.100000 0.133333
0 0.534375 0.483333 0.100000 0.133333
0 0.423438 0.885417 0.100000 0.133333
0 0.810937 0.277083 0.100000 0.133333
0 0.731250 0.591667 0.100000 0.133333
0 0.642188 0.579167 0.100000 0.133333
0 0.576562 0.120833 0.100000 0.133333
0 0.740625 0.625000 0.100000 0.133333
0 0.242188 0.514583 0.100000 0.133333
0 0.735938 0.543750 0.100000 0.133333
0 0.479687 0.772917 0.100000 0.133333
0 0.482812 0.072917 0.100000 0.133333
0 0.304688 0.868750 0.100000 0.133333
0 0.401562 0.770833 0.100000 0.133333
0 0.146875 0.850000 0.100000 0.133333
0 0.340625 0.287500 0.100000 0.133333
0 0.281250 0.708333 0.100000 0.133333
0 0.518750 0.258333 0.100000 0.133333
0 0.654687 0.331250 0.100000 0.133333
0 0.340625 0.695833 0.100000 0.133333
0 0.398438 0.800000 0.100000 0.133333
0 0.778125 0.727083 0.100000 0.133333
0 0.221875 0.116667 0.100000 0.133333
0 0.793750 0.202083 0.100000 0.133333
0 0.867188 0.612500 0.100000 0.133333
0 0.268750 0.368750 0.100000 0.133333
0 0.684375 0.270833 0.100000 0.133333
0 0.168750 0.266667 0.100000 0.133333
0 0.185938 0.839583 0.100000 0.133333
0 0.428125 0.506250 0.100000 0.133333
0 0.726562 0.191667 0.100000 0.133333
0 0.331250 0.293750 0.100000 0.133333
0 0.450000 0.400000 0.100000 0.133333
0 0.625000 0.262500 0.100000 0.133333
0 0.756250 0.685417 0.100000 0.133333
0 0.646875 0.658333 0.100000 0.133333
0 0.342187 0.639583 0.100000 0.133333
0 0.428125 0.818750 0.100000 0.133333
0 0.603125 0.418750 0.100000 0.133333
0 0.764062 0.810417 0.100000 0.133333
0 0.128125 0.164583 0.100000 0.133333
0 0.231250 0.114583 0.100000 0.133333
0 0.393750 0.681250 0.100000 0.133333
0 0.537500 0.802083 0.100000 0.133333
0 0.112500 0.341667 0.100000 0.133333
0 0.879687 0.439583 0.100000 0.133333
0 0.145313 0.568750 0.100000 0.133333
0 0.568750 0.570833 0.100000 0.133333
0 0.368750 0.179167 0.100000 0.133333
0 0.262500 0.129167 0.100000 0.133333
0 0.335938 0.835417 0.100000 0.133333
0 0.600000 0.362500 0.100000 0.133333
0 0.764062 0.202083 0.100000 0.133333
0 0.342187 0.185417 0.100000 0.133333
0 0.326562 0.579167 0.100000 0.133333
0 0.803125 0.795833 0.100000 0.133333
0 0.742188 0.768750 0.100000 0.133333
0 0.364063 0.791667 0.100000 0.133333
0 0.856250 0.300000 0.100000 0.133333
0 0.670312 0.218750 0.100000 0.133333
0 0.771875 0.283333 0.100000 0.133333
0 0.715625 0.454167 0.100000 0.133333
0 0.585938 0.814583 0.100000 0.133333
0 0.387500 0.589583 0.100000 0.133333
0 0.775000 0.172917 0.100000 0.133333
0 0.370312 0.179167 0.100000 0.133333
0 0.839063 0.193750 0.100000 0.133333
0 0.581250 0.481250 0.100000 0.133333
0 0.428125 0.218750 0.100000 0.133333
0 0.445312 0.762500 0.100000 0.133333
0 0.370312 0.881250 0.100000 0.133333
1 0.803125 0.922917 0.100000 0.133333
1 0.848437 0.764583 0.100000 0.133333
1 0.937500 0.752083 0.100000 0.133333
1 0.153125 0.131250 0.100000 0.133333
1 0.592187 0.285417 0.100000 0.133333
