0 0.346875 0.239583 0.100000 0.133333
0 0.734375 0.625000 0.100000 0.133333
0 0.398438 0.860417 0.100000 0.133333
0 0.245312 0.154167 0.100000 0.133333
0 0.370312 0.166667 0.100000 0.133333
0 0.746875 0.429167 0.100000 0.133333
0 0.756250 0.806250 0.100000 0.133333
0 0.756250 0.183333 0.100000 0.133333
0 0.818750 0.722917 0.100000 0.133333
0 0.439063 0.493750 0.100000 0.133333
0 0.742188 0.168750 0.100000 0.133333
0 0.267188 0.764583 0.100000 0.133333
0 0.787500 0.614583 0.100000 0.133333
0 0.123438 0.268750 0.100000 0.133333
0 0.198437 0.468750 0.100000 0.133333
0 0.112500 0.545833 0.100000 0.133333
0 0.600000 0.700000 0.100000 0.133333
0 0.342187 0.260417 0.100000 0.133333
0 0.259375 0.210417 0.100000 0.133333
0 0.506250 0.789583 0.100000 0.133333
0 0.243750 0.429167 0.100000 0.133333
0 0.881250 0.737500 0.100000 0.133333
0 0.640625 0.593750 0.100000 0.133333
0 0.284375 0.245833 0.100000 0.133333
0 0.404687 0.789583 0.100000 0.133333
0 0.214062 0.104167 0.100000 0.133333
0 0.150000 0.831250 0.100000 0.133333
0 0.200000 0.316667 0.100000 0.133333
0 0.237500 0.606250 0.100000 0.133333
0 0.407813 0.822917 0.100000 0.133333
0 0.759375 0.650000 0.100000 0.133333
0 0.118750 0.866667 0.100000 0.133333
0 0.301563 0.327083 0.100000 0.133333
0 0.859375 0.675000 0.100000 0.133333
0 0.118750 0.568750 0.100000 0.133333
0 0.634375 0.652083 0.100000 0.133333
0 0.126562 0.250000 0.100000 0.133333
0 0.217188 0.072917 0.100000 0.133333
0 0.167187 0.597917 0.100000 0.133333
0 0.343750 0.147917 0.100000 0.133333
0 0.201563 0.304167 0.100000 0.133333
0 0.267188 0.833333 0.100000 0.133333
0 0.418750 0.564583 0.100000 0.133333
0 0.487500 0.418750 0.100000 0.133333
0 0.506250 0.483333 0.100000 0.133333
0 0.534375 0.881250 0.100000 0.133333
0 0.562500 0.193750 0.100000 0.133333
0 0.875000 0.718750 0.100000 0.133333
0 0.728125 0.508333 0.100000 0.133333
0 0.787500 0.564583 0.100000 0.133333
0 0.198437 0.800000 0.100000 0.133333
0 0.342187 0.195833 0.100000 0.133333
0 0.607812 0.312500 0.100000 0.133333
0 0.429688 0.364583 0.100000 0.133333
0 0.304688 0.475000 0.100000 0.133333
0 0.792188 0.564583 0.100000 0.133333
0 0.631250 0.250000 0.100000 0.133333
0 0.484375 0.627083 0.100000 0.133333
0 0.334375 0.314583 0.100000 0.133333
0 0.701562 0.156250 0.100000 0.133333
0 0.610938 0.152083 0.100000 0.133333
0 0.856250 0.704167 0.100000 0.133333
0 0.796875 0.789583 0.100000 0.133333
0 0.528125 0.789583 0.100000 0.133333
0 0.131250 0.647917 0.100000 0.133333
0 0.284375 0.089583 0.100000 0.133333
0 0.118750 0.535417 0.100000 0.133333
0 0.900000 0.550000 0.100000 0.133333
0 0.756250 0.475000 0.100000 0.133333
0 0.668750 0.322917 0.100000 0.133333
0 0.234375 0.602083 0.100000 0.133333
0 0.521875 0.639583 0.100000 0.133333
0 0.353125 0.125000 0.100000 0.133333
0 0.860938 0.216667 0.100000 0.133333
0 0.378125 0.433333 0.100000 0.133333
0 0.687500 0.393750 0.100000 0.133333
0 0.265625 0.650000 0.100000 0.133333
0 0.353125 0.487500 0.100000 0.133333
0 0.476562 0.139583 0.100000 0.133333
0 0.321875 0.591667 0.100000 0.133333
0 0.742188 0.287500 0.100000 0.133333
0 0.425000 0.456250 0.100000 0.133333
0 0.315625 0.158333 0.100000 0.133333
0 0.207813 0.781250 0.100000 0.133333
0 0.457813 0.454167 0.100000 0.133333
0 0.662500 0.070833 0.100000 0.133333
0 0.493750 0.210417 0.100000 0.133333
0 0.689063 0.158333 0.100000 0.133333
0 0.257812 0.179167 0.100000 0.133333
0 0.592187 0.222917 0.100000 0.133333
0 0.781250 0.500000 0.100000 0.133333
0 0.840625 0.235417 0.100000 0.133333
0 0.828125 0.552083 0.100000 0.133333
0 0.287500 0.762500 0.100000 0.133333
0 0.285938 0.170833 0.100000 0.133333
0 0.410938 0.218750 0.100000 0.133333
0 0.128125 0.408333 0.100000 0.133333
0 0.393750 0.487500 0.100000 0.133333
0 0.798438 0.520833 0.100000 0.133333
0 0.873437 0.818750 0.100000 0.133333
0 0.118750 0.110417 0.100000 0.133333
0 0.220312 0.491667 0.100000 0.133333
0 0.414062 0.733333 0.100000 0.133333
0 0.173437 0.681250 0.100000 0.133333
0 0.479687 0.891667 0.100000 0.133333
0 0.798438 0.331250 0.100000 0.133333
0 0.239063 0.275000 0.100000 0.133333
0 0.260937 0.491667 0.100000 0.133333
0 0.193750 0.631250 0.100000 0.133333
0 0.732812 0.439583 0.100000 0.133333
0 0.612500 0.387500 0.100000 0.133333
0 0.357812 0.364583 0.100000 0.133333
0 0.615625 0.291667 0.100000 0.133333
0 0.146875 0.254167 0.100000 0.133333
0 0.884375 0.343750 0.100000 0.133333
0 0.550000 0.393750 0.100000 0.133333
0 0.707812 0.525000 0.100000 0.133333
0 0.289062 0.156250 0.100000 0.133333
0 0.303125 0.485417 0.100000 0.133333
0 0.267188 0.089583 0.100000 0.133333
0 0.400000 0.381250 0.100000 0.133333
0 0.607812 0.766667 0.100000 0.133333
0 0.432812 0.352083 0.100000 0.133333
0 0.465625 0.489583 0.100000 0.133333
0 0.818750 0.731250 0.100000 0.133333
0 0.742188 0.483333 0.100000 0.133333
0 0.659375 0.610417 0.100000 0.133333
0 0.228125 0.664583 0.100000 0.133333
0 0.693750 0.883333 0.100000 0.133333
0 0.439063 0.129167 0.100000 0.133333
0 0.125000 0.697917 0.100000 0.133333
0 0.367188 0.741667 0.100000 0.133333
0 0.387500 0.289583 0.100000 0.133333
0 0.853125 0.810417 0.100000 0.133333
0 0.156250 0.297917 0.100000 0.133333
0 0.484375 0.175000 0.100000 0.133333
0 0.476562 0.643750 0.100000 0.133333
0 0.187500 0.297917 0.100000 0.133333
0 0.623437 0.168750 0.100000 0.133333
0 0.332813 0.462500 0.100000 0.133333
0 0.142187 0.268750 0.100000 0.133333
0 0.564063 0.887500 0.100000 0.133333
0 0.271875 0.216667 0.100000 0.133333
0 0.317188 0.389583 0.100000 0.133333
0 0.881250 0.762500 0.100000 0.133333
0 0.826562 0.297917 0.100000 0.133333
0 0.293750 0.383333 0.100000 0.133333
0 0.654687 0.691667 0.100000 0.133333
0 0.689063 0.091667 0.100000 0.133333
0 0.709375 0.706250 0.100000 0.133333
1 0.378125 0.533333 0.100000 0.133333
1 0.754687 0.108333 0.100000 0.133333
1 0.098437 0.104167 0.100000 0.133333
1 0.684375 0.762500 0.100000 0.133333
1 0.070312 0.891667 0.100000 0.133333
