0 0.373437 0.239583 0.100000 0.133333
0 0.323437 0.716667 0.100000 0.133333
0 0.420312 0.781250 0.100000 0.133333
0 0.345313 0.354167 0.100000 0.133333
0 0.542188 0.668750 0.100000 0.133333
0 0.687500 0.210417 0.100000 0.133333
0 0.698438 0.445833 0.100000 0.133333
0 0.570312 0.308333 0.100000 0.133333
0 0.364063 0.558333 0.100000 0.133333
0 0.442188 0.825000 0.100000 0.133333
0 0.364063 0.197917 0.100000 0.133333
0 0.478125 0.725000 0.100000 0.133333
0 0.810937 0.685417 0.100000 0.133333
0 0.125000 0.300000 0.100000 0.133333
0 0.814063 0.406250 0.100000 0.133333
0 0.201563 0.631250 0.100000 0.133333
0 0.790625 0.177083 0.100000 0.133333
0 0.900000 0.416667 0.100000 0.133333
0 0.264062 0.331250 0.100000 0.133333
0 0.521875 0.493750 0.100000 0.133333
0 0.109375 0.502083 0.100000 0.133333
0 0.198437 0.668750 0.100000 0.133333
0 0.370312 0.681250 0.100000 0.133333
0 0.553125 0.441667 0.100000 0.133333
0 0.335938 0.533333 0.100000 0.133333
0 0.139063 0.072917 0.100000 0.133333
0 0.390625 0.483333 0.100000 0.133333
0 0.140625 0.683333 0.100000 0.133333
0 0.857812 0.300000 0.100000 0.133333
0 0.289062 0.385417 0.100000 0.133333
0 0.793750 0.377083 0.100000 0.133333
0 0.539062 0.487500 0.100000 0.133333
0 0.142187 0.458333 0.100000 0.133333
0 0.121875 0.325000 0.100000 0.133333
0 0.806250 0.256250 0.100000 0.133333
0 0.792188 0.587500 0.100000 0.133333
0 0.209375 0.362500 0.100000 0.133333
0 0.889062 0.572917 0.100000 0.133333
0 0.359375 0.712500 0.100000 0.133333
0 0.542188 0.777083 0.100000 0.133333
0 0.860938 0.379167 0.100000 0.133333
0 0.298438 0.291667 0.100000 0.133333
0 0.239063 0.868750 0.100000 0.133333
0 0.878125 0.704167 0.100000 0.133333
0 0.801562 0.095833 0.100000 0.133333
0 0.235937 0.791667 0.100000 0.133333
0 0.673438 0.693750 0.100000 0.133333
0 0.435937 0.464583 0.100000 0.133333
0 0.585938 0.710417 0.100000 0.133333
0 0.201563 0.383333 0.100000 0.133333
0 0.896875 0.795833 0.100000 0.133333
0 0.810937 0.485417 0.100000 0.133333
0 0.385937 0.235417 0.100000 0.133333
0 0.332813 0.458333 0.100000 0.133333
0 0.896875 0.260417 0.100000 0.133333
0 0.312500 0.081250 0.100000 0.133333
0 0.164062 0.156250 0.100000 0.133333
0 0.335938 0.083333 0.100000 0.133333
0 0.600000 0.387500 0.100000 0.133333
0 0.304688 0.175000 0.100000 0.133333
0 0.667188 0.287500 0.100000 0.133333
0 0.425000 0.516667 0.100000 0.133333
0 0.229687 0.793750 0.100000 0.133333
0 0.615625 0.850000 0.100000 0.133333
0 0.785937 0.247917 0.100000 0.133333
0 0.218750 0.650000 0.100000 0.133333
0 0.871875 0.477083 0.100000 0.133333
0 0.539062 0.243750 0.100000 0.133333
0 0.309375 0.279167 0.100000 0.133333
0 0.404687 0.629167 0.100000 0.133333
0 0.162500 0.108333 0.100000 0.133333
0 0.115625 0.233333 0.100000 0.133333
0 0.756250 0.352083 0.100000 0.133333
0 0.717187 0.714583 0.100000 0.133333
0 0.889062 0.600000 0.100000 0.133333
0 0.700000 0.379167 0.100000 0.133333
0 0.831250 0.485417 0.100000 0.133333
0 0.640625 0.393750 0.100000 0.133333
0 0.570312 0.420833 0.100000 0.133333
0 0.492188 0.831250 0.100000 0.133333
0 0.723437 0.162500 0.100000 0.133333
0 0.364063 0.287500 0.100000 0.133333
0 0.871875 0.537500 0.100000 0.133333
0 0.195312 0.325000 0.100000 0.133333
0 0.601562 0.647917 0.100000 0.133333
0 0.895312 0.187500 0.100000 0.133333
0 0.732812 0.320833 0.100000 0.133333
0 0.440625 0.589583 0.100000 0.133333
0 0.810937 0.737500 0.100000 0.133333
0 0.810937 0.777083 0.100000 0.133333
0 0.801562 0.170833 0.100000 0.133333
0 0.564063 0.241667 0.100000 0.133333
0 0.359375 0.520833 0.100000 0.133333
0 0.779687 0.322917 0.100000 0.133333
0 0.654687 0.397917 0.100000 0.133333
0 0.531250 0.460417 0.100000 0.133333
0 0.751563 0.358333 0.100000 0.133333
0 0.715625 0.641667 0.100000 0.133333
0 0.225000 0.441667 0.100000 0.133333
0 0.670312 0.868750 0.100000 0.133333
0 0.785937 0.535417 0.100000 0.133333
0 0.696875 0.506250 0.100000 0.133333
0 0.559375 0.847917 0.100000 0.133333
0 0.614062 0.254167 0.100000 0.133333
0 0.350000 0.775000 0.100000 0.133333
0 0.146875 0.452083 0.100000 0.133333
0 0.425000 0.220833 0.100000 0.133333
0 0.523438 0.618750 0.100000 0.133333
0 0.193750 0.231250 0.100000 0.133333
0 0.585938 0.695833 0.100000 0.133333
0 0.215625 0.733333 0.100000 0.133333
0 0.240625 0.141667 0.100000 0.133333
0 0.415625 0.339583 0.100000 0.133333
0 0.614062 0.702083 0.100000 0.133333
0 0.435937 0.589583 0.100000 0.133333
0 0.231250 0.183333 0.100000 0.133333
0 0.281250 0.608333 0.100000 0.133333
0 0.646875 0.852083 0.100000 0.133333
0 0.770312 0.670833 0.100000 0.133333
0 0.753125 0.839583 0.100000 0.133333
0 0.775000 0.535417 0.100000 0.133333
0 0.690625 0.550000 0.100000 0.133333
0 0.385937 0.375000 0.100000 0.133333
0 0.250000 0.600000 0.100000 0.133333
0 0.354687 0.337500 0.100000 0.133333
0 0.557813 0.245833 0.100000 0.133333
0 0.220312 0.310417 0.100000 0.133333
0 0.709375 0.829167 0.100000 0.133333
0 0.225000 0.145833 0.100000 0.133333
0 0.129688 0.372917 0.100000 0.133333
0 0.395313 0.566667 0.100000 0.133333
0 0.401562 0.710417 0.100000 0.133333
0 0.471875 0.483333 0.100000 0.133333
0 0.378125 0.214583 0.100000 0.133333
0 0.651563 0.354167 0.100000 0.133333
0 0.398438 0.685417 0.100000 0.133333
0 0.678125 0.570833 0.100000 0.133333
0 0.384375 0.504167 0.100000 0.133333
0 0.526563 0.847917 0.100000 0.133333
0 0.796875 0.672917 0.100000 0.133333
0 0.235937 0.691667 0.100000 0.133333
0 0.835938 0.314583 0.100000 0.133333
0 0.681250 0.254167 0.100000 0.133333
0 0.193750 0.887500 0.100000 0.133333
0 0.354687 0.437500 0.100000 0.133333
0 0.190625 0.693750 0.100000 0.133333
0 0.368750 0.816667 0.100000 0.133333
0 0.226562 0.114583 0.100000 0.133333
0 0.200000 0.162500 0.100000 0.133333
0 0.725000 0.260417 0.100000 0.133333
1 0.773438 0.185417 0.100000 0.133333
1 0.146875 0.887500 0.100000 0.133333
1 0.554688 0.735417 0.100000 0.133333
1 0.354687 0.760417 0.100000 0.133333
1 0.100000 0.720833 0.100000 0.133333
