0 0.312500 0.514583 0.100000 0.133333
0 0.232813 0.622917 0.100000 0.133333
0 0.414062 0.131250 0.100000 0.133333
0 0.732812 0.643750 0.100000 0.133333
0 0.389062 0.731250 0.100000 0.133333
0 0.485938 0.683333 0.100000 0.133333
0 0.517188 0.087500 0.100000 0.133333
0 0.639062 0.093750 0.100000 0.133333
0 0.410938 0.418750 0.100000 0.133333
0 0.645312 0.087500 0.100000 0.133333
0 0.739062 0.877083 0.100000 0.133333
0 0.434375 0.693750 0.100000 0.133333
0 0.112500 0.172917 0.100000 0.133333
0 0.548438 0.129167 0.100000 0.133333
0 0.245312 0.562500 0.100000 0.133333
0 0.278125 0.589583 0.100000 0.133333
0 0.831250 0.593750 0.100000 0.133333
0 0.362500 0.587500 0.100000 0.133333
0 0.621875 0.706250 0.100000 0.133333
0 0.278125 0.797917 0.100000 0.133333
0 0.717187 0.495833 0.100000 0.133333
0 0.821875 0.791667 0.100000 0.133333
0 0.271875 0.331250 0.100000 0.133333
0 0.379688 0.402083 0.100000 0.133333
0 0.465625 0.202083 0.100000 0.133333
0 0.734375 0.650000 0.100000 0.133333
0 0.400000 0.843750 0.100000 0.133333
0 0.817187 0.879167 0.100000 0.133333
0 0.106250 0.579167 0.100000 0.133333
0 0.723437 0.243750 0.100000 0.133333
0 0.768750 0.435417 0.100000 0.133333
0 0.253125 0.693750 0.100000 0.133333
0 0.804688 0.641667 0.100000 0.133333
0 0.693750 0.108333 0.100000 0.133333
0 0.200000 0.647917 0.100000 0.133333
0 0.406250 0.404167 0.100000 0.133333
0 0.385937 0.425000 0.100000 0.133333
0 0.593750 0.402083 0.100000 0.133333
0 0.754687 0.258333 0.100000 0.133333
0 0.484375 0.668750 0.100000 0.133333
0 0.360938 0.591667 0.100000 0.133333
0 0.654687 0.437500 0.100000 0.133333
0 0.596875 0.337500 0.100000 0.133333
0 0.267188 0.085417 0.100000 0.133333
0 0.456250 0.460417 0.100000 0.133333
0 0.407813 0.368750 0.100000 0.133333
0 0.603125 0.595833 0.100000 0.133333
0 0.168750 0.145833 0.100000 0.133333
0 0.765625 0.604167 0.100000 0.133333
0 0.235937 0.416667 0.100000 0.133333
0 0.317188 0.464583 0.100000 0.133333
0 0.450000 0.320833 0.100000 0.133333
0 0.571875 0.514583 0.100000 0.133333
0 0.842187 0.683333 0.100000 0.133333
0 0.528125 0.716667 0.100000 0.133333
0 0.445312 0.100000 0.100000 0.133333
0 0.785937 0.670833 0.100000 0.133333
0 0.556250 0.191667 0.100000 0.133333
0 0.504687 0.329167 0.100000 0.133333
0 0.301563 0.864583 0.100000 0.133333
0 0.265625 0.539583 0.100000 0.133333
0 0.431250 0.500000 0.100000 0.133333
0 0.221875 0.235417 0.100000 0.133333
0 0.845313 0.764583 0.100000 0.133333
0 0.231250 0.147917 0.100000 0.133333
0 0.515625 0.562500 0.100000 0.133333
0 0.110937 0.197917 0.100000 0.133333
0 0.376563 0.254167 0.100000 0.133333
0 0.742188 0.337500 0.100000 0.133333
0 0.795312 0.335417 0.100000 0.133333
0 0.540625 0.856250 0.100000 0.133333
0 0.829688 0.133333 0.100000 0.133333
0 0.314063 0.072917 0.100000 0.133333
0 0.143750 0.679167 0.100000 0.133333
0 0.515625 0.458333 0.100000 0.133333
0 0.275000 0.425000 0.100000 0.133333
0 0.717187 0.710417 0.100000 0.133333
0 0.739062 0.127083 0.100000 0.133333
0 0.431250 0.889583 0.100000 0.133333
0 0.376563 0.568750 0.100000 0.133333
0 0.353125 0.777083 0.100000 0.133333
0 0.607812 0.268750 0.100000 0.133333
0 0.656250 0.252083 0.100000 0.133333
0 0.335938 0.247917 0.100000 0.133333
0 0.478125 0.252083 0.100000 0.133333
0 0.204687 0.506250 0.100000 0.133333
0 0.657813 0.877083 0.100000 0.133333
0 0.515625 0.562500 0.100000 0.133333
0 0.523438 0.743750 0.100000 0.133333
0 0.440625 0.620833 0.100000 0.133333
0 0.548438 0.687500 0.100000 0.133333
0 0.746875 0.543750 0.100000 0.133333
0 0.590625 0.879167 0.100000 0.133333
0 0.501563 0.241667 0.100000 0.133333
0 0.226562 0.737500 0.100000 0.133333
0 0.456250 0.168750 0.100000 0.133333
0 0.865625 0.647917 0.100000 0.133333
0 0.371875 0.775000 0.100000 0.133333
0 0.382812 0.843750 0.100000 0.133333
0 0.603125 0.539583 0.100000 0.133333
0 0.825000 0.362500 0.100000 0.133333
0 0.317188 0.106250 0.100000 0.133333
0 0.479687 0.664583 0.100000 0.133333
0 0.557813 0.714583 0.100000 0.133333
0 0.845313 0.220833 0.100000 0.133333
0 0.512500 0.437500 0.100000 0.133333
0 0.642188 0.447917 0.100000 0.133333
0 0.690625 0.454167 0.100000 0.133333
0 0.348438 0.716667 0.100000 0.133333
0 0.329688 0.308333 0.100000 0.133333
0 0.242188 0.072917 0.100000 0.133333
0 0.256250 0.608333 0.100000 0.133333
0 0.684375 0.416667 0.100000 0.133333
0 0.550000 0.310417 0.100000 0.133333
0 0.154688 0.431250 0.100000 0.133333
0 0.135937 0.837500 0.100000 0.133333
0 0.373437 0.302083 0.100000 0.133333
0 0.529687 0.475000 0.100000 0.133333
0 0.737500 0.068750 0.100000 0.133333
0 0.820312 0.458333 0.100000 0.133333
0 0.534375 0.885417 0.100000 0.133333
0 0.795312 0.233333 0.100000 0.133333
0 0.301563 0.875000 0.100000 0.133333
0 0.592187 0.593750 0.100000 0.133333
0 0.790625 0.645833 0.100000 0.133333
0 0.553125 0.762500 0.100000 0.133333
0 0.548438 0.722917 0.100000 0.133333
0 0.596875 0.141667 0.100000 0.133333
0 0.482812 0.072917 0.100000 0.133333
0 0.768750 0.610417 0.100000 0.133333
0 0.145313 0.710417 0.100000 0.133333
0 0.854688 0.450000 0.100000 0.133333
0 0.376563 0.868750 0.100000 0.133333
0 0.279687 0.070833 0.100000 0.133333
0 0.654687 0.091667 0.100000 0.133333
0 0.125000 0.620833 0.100000 0.133333
0 0.410938 0.387500 0.100000 0.133333
0 0.803125 0.652083 0.100000 0.133333
0 0.848437 0.770833 0.100000 0.133333
0 0.628125 0.327083 0.100000 0.133333
0 0.300000 0.858333 0.100000 0.133333
0 0.246875 0.485417 0.100000 0.133333
0 0.864062 0.795833 0.100000 0.133333
0 0.875000 0.397917 0.100000 0.133333
0 0.512500 0.147917 0.100000 0.133333
0 0.789062 0.837500 0.100000 0.133333
0 0.567187 0.493750 0.100000 0.133333
0 0.840625 0.754167 0.100000 0.133333
0 0.312500 0.552083 0.100000 0.133333
0 0.610938 0.102083 0.100000 0.133333
1 0.698438 0.364583 0.100000 0.133333
1 0.454688 0.914583 0.100000 0.133333
1 0.293750 0.787500 0.100000 0.133333
1 0.454688 0.408333 0.100000 0.133333
1 0.396875 0.318750 0.100000 0.133333
