0 0.335938 0.504167 0.100000 0.133333
0 0.126562 0.110417 0.100000 0.133333
0 0.195312 0.297917 0.100000 0.133333
0 0.146875 0.531250 0.100000 0.133333
0 0.532813 0.543750 0.100000 0.133333
0 0.607812 0.562500 0.100000 0.133333
0 0.818750 0.475000 0.100000 0.133333
0 0.684375 0.281250 0.100000 0.133333
0 0.520312 0.689583 0.100000 0.133333
0 0.689063 0.456250 0.100000 0.133333
0 0.201563 0.685417 0.100000 0.133333
0 0.534375 0.225000 0.100000 0.133333
0 0.615625 0.379167 0.100000 0.133333
0 0.395313 0.227083 0.100000 0.133333
0 0.195312 0.495833 0.100000 0.133333
0 0.726562 0.197917 0.100000 0.133333
0 0.354687 0.633333 0.100000 0.133333
0 0.675000 0.222917 0.100000 0.133333
0 0.712500 0.260417 0.100000 0.133333
0 0.503125 0.764583 0.100000 0.133333
0 0.846875 0.325000 0.100000 0.133333
0 0.478125 0.462500 0.100000 0.133333
0 0.421875 0.845833 0.100000 0.133333
0 0.531250 0.314583 0.100000 0.133333
0 0.448437 0.685417 0.100000 0.133333
0 0.450000 0.520833 0.100000 0.133333
0 0.737500 0.731250 0.100000 0.133333
0 0.848437 0.543750 0.100000 0.133333
0 0.590625 0.818750 0.100000 0.133333
0 0.167187 0.266667 0.100000 0.133333
0 0.870313 0.122917 0.100000 0.133333
0 0.529687 0.164583 0.100000 0.133333
0 0.476562 0.170833 0.100000 0.133333
0 0.892188 0.070833 0.100000 0.133333
0 0.382812 0.552083 0.100000 0.133333
0 0.475000 0.341667 0.100000 0.133333
0 0.323437 0.362500 0.100000 0.133333
0 0.167187 0.552083 0.100000 0.133333
0 0.334375 0.591667 0.100000 0.133333
0 0.806250 0.072917 0.100000 0.133333
0 0.281250 0.770833 0.100000 0.133333
0 0.154688 0.110417 0.100000 0.133333
0 0.339062 0.427083 0.100000 0.133333
0 0.812500 0.652083 0.100000 0.133333
0 0.282813 0.275000 0.100000 0.133333
0 0.564063 0.337500 0.100000 0.133333
0 0.237500 0.612500 0.100000 0.133333
0 0.535937 0.097917 0.100000 0.133333
0 0.482812 0.104167 0.100000 0.133333
0 0.671875 0.487500 0.100000 0.133333
0 0.428125 0.402083 0.100000 0.133333
0 0.173437 0.756250 0.100000 0.133333
0 0.237500 0.581250 0.100000 0.133333
0 0.345313 0.391667 0.100000 0.133333
0 0.517188 0.852083 0.100000 0.133333
0 0.653125 0.475000 0.100000 0.133333
0 0.693750 0.431250 0.100000 0.133333
0 0.404687 0.118750 0.100000 0.133333
0 0.550000 0.075000 0.100000 0.133333
0 0.450000 0.247917 0.100000 0.133333
0 0.609375 0.822917 0.100000 0.133333
0 0.675000 0.662500 0.100000 0.133333
0 0.440625 0.147917 0.100000 0.133333
0 0.400000 0.381250 0.100000 0.133333
0 0.895312 0.331250 0.100000 0.133333
0 0.856250 0.293750 0.100000 0.133333
0 0.389062 0.181250 0.100000 0.133333
0 0.368750 0.614583 0.100000 0.133333
0 0.846875 0.402083 0.100000 0.133333
0 0.621875 0.668750 0.100000 0.133333
0 0.743750 0.837500 0.100000 0.133333
0 0.571875 0.800000 0.100000 0.133333
0 0.678125 0.308333 0.100000 0.133333
0 0.729688 0.716667 0.100000 0.133333
0 0.185938 0.675000 0.100000 0.133333
0 0.279687 0.566667 0.100000 0.133333
0 0.778125 0.152083 0.100000 0.133333
0 0.870313 0.116667 0.100000 0.133333
0 0.581250 0.179167 0.100000 0.133333
0 0.754687 0.431250 0.100000 0.133333
0 0.509375 0.335417 0.100000 0.133333
0 0.185938 0.308333 0.100000 0.133333
0 0.676562 0.427083 0.100000 0.133333
0 0.735938 0.450000 0.100000 0.133333
0 0.378125 0.345833 0.100000 0.133333
0 0.389062 0.858333 0.100000 0.133333
0 0.321875 0.650000 0.100000 0.133333
0 0.795312 0.216667 0.100000 0.133333
0 0.820312 0.231250 0.100000 0.133333
0 0.618750 0.381250 0.100000 0.133333
0 0.448437 0.710417 0.100000 0.133333
0 0.534375 0.183333 0.100000 0.133333
0 0.868750 0.160417 0.100000 0.133333
0 0.865625 0.318750 0.100000 0.133333
0 0.220312 0.120833 0.100000 0.133333
0 0.401562 0.639583 0.100000 0.133333
0 0.190625 0.287500 0.100000 0.133333
0 0.114062 0.245833 0.100000 0.133333
0 0.565625 0.843750 0.100000 0.133333
0 0.785937 0.333333 0.100000 0.133333
0 0.259375 0.639583 0.100000 0.133333
0 0.162500 0.506250 0.100000 0.133333
0 0.312500 0.593750 0.100000 0.133333
0 0.340625 0.204167 0.100000 0.133333
0 0.825000 0.825000 0.100000 0.133333
0 0.609375 0.493750 0.100000 0.133333
0 0.726562 0.710417 0.100000 0.133333
0 0.131250 0.502083 0.100000 0.133333
0 0.746875 0.639583 0.100000 0.133333
0 0.615625 0.387500 0.100000 0.133333
0 0.729688 0.122917 0.100000 0.133333
0 0.868750 0.781250 0.100000 0.133333
0 0.170313 0.602083 0.100000 0.133333
0 0.239063 0.470833 0.100000 0.133333
0 0.201563 0.841667 0.100000 0.133333
0 0.726562 0.264583 0.100000 0.133333
0 0.204687 0.389583 0.100000 0.133333
0 0.109375 0.772917 0.100000 0.133333
0 0.748437 0.743750 0.100000 0.133333
0 0.876563 0.341667 0.100000 0.133333
0 0.248438 0.725000 0.100000 0.133333
0 0.256250 0.214583 0.100000 0.133333
0 0.818750 0.791667 0.100000 0.133333
0 0.398438 0.106250 0.100000 0.133333
0 0.221875 0.768750 0.100000 0.133333
0 0.693750 0.625000 0.100000 0.133333
0 0.459375 0.158333 0.100000 0.133333
0 0.425000 0.277083 0.100000 0.133333
0 0.193750 0.272917 0.100000 0.133333
0 0.426563 0.235417 0.100000 0.133333
0 0.684375 0.710417 0.100000 0.133333
0 0.809375 0.704167 0.100000 0.133333
0 0.426563 0.429167 0.100000 0.133333
0 0.407813 0.181250 0.100000 0.133333
0 0.779687 0.541667 0.100000 0.133333
0 0.560937 0.279167 0.100000 0.133333
0 0.450000 0.166667 0.100000 0.133333
0 0.168750 0.291667 0.100000 0.133333
0 0.560937 0.656250 0.100000 0.133333
0 0.648438 0.668750 0.100000 0.133333
0 0.423438 0.766667 0.100000 0.133333
0 0.273438 0.877083 0.100000 0.133333
0 0.425000 0.670833 0.100000 0.133333
0 0.123438 0.312500 0.100000 0.133333
0 0.410938 0.250000 0.100000 0.133333
0 0.281250 0.329167 0.100000 0.133333
0 0.525000 0.175000 0.100000 0.133333
0 0.189062 0.841667 0.100000 0.133333
0 0.659375 0.420833 0.100000 0.133333
0 0.226562 0.466667 0.100000 0.133333
1 0.164062 0.877083 0.100000 0.133333
1 0.512500 0.122917 0.100000 0.133333
1 0.782813 0.629167 0.100000 0.133333
1 0.314063 0.072917 0.100000 0.133333
1 0.067187 0.129167 0.100000 0.133333
