0 0.518750 0.600000 0.100000 0.133333
0 0.859375 0.414583 0.100000 0.133333
0 0.350000 0.237500 0.100000 0.133333
0 0.742188 0.527083 0.100000 0.133333
0 0.707812 0.247917 0.100000 0.133333
0 0.578125 0.645833 0.100000 0.133333
0 0.595313 0.293750 0.100000 0.133333
0 0.300000 0.683333 0.100000 0.133333
0 0.260937 0.602083 0.100000 0.133333
0 0.846875 0.175000 0.100000 0.133333
0 0.235937 0.818750 0.100000 0.133333
0 0.856250 0.793750 0.100000 0.133333
0 0.521875 0.656250 0.100000 0.133333
0 0.773438 0.295833 0.100000 0.133333
0 0.307812 0.318750 0.100000 0.133333
0 0.842187 0.164583 0.100000 0.133333
0 0.400000 0.456250 0.100000 0.133333
0 0.287500 0.641667 0.100000 0.133333
0 0.710938 0.179167 0.100000 0.133333
0 0.273438 0.614583 0.100000 0.133333
0 0.392188 0.783333 0.100000 0.133333
0 0.431250 0.122917 0.100000 0.133333
0 0.590625 0.214583 0.100000 0.133333
0 0.564063 0.668750 0.100000 0.133333
0 0.348438 0.770833 0.100000 0.133333
0 0.803125 0.358333 0.100000 0.133333
0 0.871875 0.670833 0.100000 0.133333
0 0.510938 0.535417 0.100000 0.133333
0 0.107813 0.879167 0.100000 0.133333
0 0.735938 0.270833 0.100000 0.133333
0 0.370312 0.156250 0.100000 0.133333
0 0.198437 0.339583 0.100000 0.133333
0 0.518750 0.629167 0.100000 0.133333
0 0.354687 0.485417 0.100000 0.133333
0 0.243750 0.100000 0.100000 0.133333
0 0.648438 0.260417 0.100000 0.133333
0 0.179688 0.783333 0.100000 0.133333
0 0.362500 0.856250 0.100000 0.133333
0 0.373437 0.268750 0.100000 0.133333
0 0.609375 0.650000 0.100000 0.133333
0 0.204687 0.612500 0.100000 0.133333
0 0.543750 0.466667 0.100000 0.133333
0 0.114062 0.395833 0.100000 0.133333
0 0.212500 0.095833 0.100000 0.133333
0 0.326562 0.387500 0.100000 0.133333
0 0.226562 0.377083 0.100000 0.133333
0 0.690625 0.697917 0.100000 0.133333
0 0.362500 0.320833 0.100000 0.133333
0 0.443750 0.277083 0.100000 0.133333
0 0.417187 0.572917 0.100000 0.133333
0 0.871875 0.189583 0.100000 0.133333
0 0.276562 0.508333 0.100000 0.133333
0 0.731250 0.164583 0.100000 0.133333
0 0.618750 0.229167 0.100000 0.133333
0 0.231250 0.785417 0.100000 0.133333
0 0.545312 0.133333 0.100000 0.133333
0 0.557813 0.168750 0.100000 0.133333
0 0.639062 0.364583 0.100000 0.133333
0 0.423438 0.462500 0.100000 0.133333
0 0.190625 0.368750 0.100000 0.133333
0 0.378125 0.510417 0.100000 0.133333
0 0.443750 0.864583 0.100000 0.133333
0 0.343750 0.139583 0.100000 0.133333
0 0.598437 0.595833 0.100000 0.133333
0 0.200000 0.268750 0.100000 0.133333
0 0.282813 0.170833 0.100000 0.133333
0 0.406250 0.410417 0.100000 0.133333
0 0.637500 0.133333 0.100000 0.133333
0 0.489063 0.268750 0.100000 0.133333
0 0.570312 0.245833 0.100000 0.133333
0 0.256250 0.864583 0.100000 0.133333
0 0.759375 0.364583 0.100000 0.133333
0 0.556250 0.566667 0.100000 0.133333
0 0.239063 0.654167 0.100000 0.133333
0 0.473438 0.793750 0.100000 0.133333
0 0.790625 0.325000 0.100000 0.133333
0 0.653125 0.102083 0.100000 0.133333
0 0.451562 0.741667 0.100000 0.133333
0 0.746875 0.081250 0.100000 0.133333
0 0.523438 0.139583 0.100000 0.133333
0 0.468750 0.577083 0.100000 0.133333
0 0.834375 0.214583 0.100000 0.133333
0 0.332813 0.481250 0.100000 0.133333
0 0.693750 0.641667 0.100000 0.133333
0 0.806250 0.475000 0.100000 0.133333
0 0.426563 0.435417 0.100000 0.133333
0 0.842187 0.566667 0.100000 0.133333
0 0.573438 0.220833 0.100000 0.133333
0 0.390625 0.781250 0.100000 0.133333
0 0.609375 0.633333 0.100000 0.133333
0 0.775000 0.806250 0.100000 0.133333
0 0.309375 0.750000 0.100000 0.133333
0 0.412500 0.789583 0.100000 0.133333
0 0.217188 0.381250 0.100000 0.133333
0 0.200000 0.531250 0.100000 0.133333
0 0.323437 0.129167 0.100000 0.133333
0 0.298438 0.737500 0.100000 0.133333
0 0.717187 0.362500 0.100000 0.133333
0 0.509375 0.714583 0.100000 0.133333
0 0.287500 0.541667 0.100000 0.133333
0 0.448437 0.650000 0.100000 0.133333
0 0.895312 0.302083 0.100000 0.133333
0 0.503125 0.452083 0.100000 0.133333
0 0.529687 0.191667 0.100000 0.133333
0 0.820312 0.833333 0.100000 0.133333
0 0.129688 0.277083 0.100000 0.133333
0 0.482812 0.310417 0.100000 0.133333
0 0.526563 0.435417 0.100000 0.133333
0 0.118750 0.587500 0.100000 0.133333
0 0.670312 0.795833 0.100000 0.133333
0 0.400000 0.150000 0.100000 0.133333
0 0.250000 0.070833 0.100000 0.133333
0 0.742188 0.287500 0.100000 0.133333
0 0.398438 0.814583 0.100000 0.133333
0 0.637500 0.579167 0.100000 0.133333
0 0.395313 0.531250 0.100000 0.133333
0 0.840625 0.322917 0.100000 0.133333
0 0.440625 0.766667 0.100000 0.133333
0 0.854688 0.672917 0.100000 0.133333
0 0.114062 0.308333 0.100000 0.133333
0 0.767188 0.570833 0.100000 0.133333
0 0.306250 0.585417 0.100000 0.133333
0 0.410938 0.741667 0.100000 0.133333
0 0.626563 0.110417 0.100000 0.133333
0 0.270313 0.652083 0.100000 0.133333
0 0.207813 0.866667 0.100000 0.133333
0 0.764062 0.089583 0.100000 0.133333
0 0.701562 0.420833 0.100000 0.133333
0 0.671875 0.843750 0.100000 0.133333
0 0.470313 0.137500 0.100000 0.133333
0 0.114062 0.435417 0.100000 0.133333
0 0.273438 0.281250 0.100000 0.133333
0 0.482812 0.625000 0.100000 0.133333
0 0.584375 0.075000 0.100000 0.133333
0 0.854688 0.660417 0.100000 0.133333
0 0.360938 0.745833 0.100000 0.133333
0 0.868750 0.293750 0.100000 0.133333
0 0.454688 0.362500 0.100000 0.133333
0 0.764062 0.575000 0.100000 0.133333
0 0.607812 0.522917 0.100000 0.133333
0 0.173437 0.250000 0.100000 0.133333
0 0.656250 0.558333 0.100000 0.133333
0 0.509375 0.770833 0.100000 0.133333
0 0.873437 0.306250 0.100000 0.133333
0 0.662500 0.731250 0.100000 0.133333
0 0.890625 0.297917 0.100000 0.133333
0 0.628125 0.343750 0.100000 0.133333
0 0.668750 0.708333 0.100000 0.133333
0 0.842187 0.604167 0.100000 0.133333
0 0.712500 0.283333 0.100000 0.133333
1 0.462500 0.554167 0.100000 0.133333
1 0.437500 0.404167 0.100000 0.133333
1 0.939063 0.512500 0.100000 0.133333
1 0.103125 0.610417 0.100000 0.133333
1 0.421875 0.564583 0.100000 0.133333
