0 0.501563 0.741667 0.100000 0.133333
0 0.500000 0.720833 0.100000 0.133333
0 0.421875 0.820833 0.100000 0.133333
0 0.275000 0.437500 0.100000 0.133333
0 0.717187 0.297917 0.100000 0.133333
0 0.842187 0.108333 0.100000 0.133333
0 0.434375 0.783333 0.100000 0.133333
0 0.510938 0.370833 0.100000 0.133333
0 0.164062 0.706250 0.100000 0.133333
0 0.803125 0.302083 0.100000 0.133333
0 0.312500 0.581250 0.100000 0.133333
0 0.734375 0.810417 0.100000 0.133333
0 0.642188 0.108333 0.100000 0.133333
0 0.645312 0.256250 0.100000 0.133333
0 0.289062 0.310417 0.100000 0.133333
0 0.182812 0.789583 0.100000 0.133333
0 0.817187 0.735417 0.100000 0.133333
0 0.759375 0.166667 0.100000 0.133333
0 0.751563 0.127083 0.100000 0.133333
0 0.889062 0.737500 0.100000 0.133333
0 0.510938 0.568750 0.100000 0.133333
0 0.481250 0.216667 0.100000 0.133333
0 0.190625 0.562500 0.100000 0.133333
0 0.642188 0.295833 0.100000 0.133333
0 0.823438 0.372917 0.100000 0.133333
0 0.229687 0.279167 0.100000 0.133333
0 0.528125 0.862500 0.100000 0.133333
0 0.328125 0.395833 0.100000 0.133333
0 0.484375 0.420833 0.100000 0.133333
0 0.128125 0.231250 0.100000 0.133333
0 0.193750 0.181250 0.100000 0.133333
0 0.645312 0.481250 0.100000 0.133333
0 0.464062 0.568750 0.100000 0.133333
0 0.220312 0.070833 0.100000 0.133333
0 0.457813 0.650000 0.100000 0.133333
0 0.700000 0.610417 0.100000 0.133333
0 0.667188 0.425000 0.100000 0.133333
0 0.323437 0.845833 0.100000 0.133333
0 0.885938 0.641667 0.100000 0.133333
0 0.337500 0.616667 0.100000 0.133333
0 0.840625 0.366667 0.100000 0.133333
0 0.379688 0.531250 0.100000 0.133333
0 0.540625 0.854167 0.100000 0.133333
0 0.115625 0.541667 0.100000 0.133333
0 0.578125 0.552083 0.100000 0.133333
0 0.492188 0.764583 0.100000 0.133333
0 0.568750 0.529167 0.100000 0.133333
0 0.618750 0.706250 0.100000 0.133333
0 0.431250 0.577083 0.100000 0.133333
0 0.334375 0.285417 0.100000 0.133333
0 0.710938 0.881250 0.100000 0.133333
0 0.782813 0.847917 0.100000 0.133333
0 0.470313 0.854167 0.100000 0.133333
0 0.364063 0.429167 0.100000 0.133333
0 0.579688 0.289583 0.100000 0.133333
0 0.223438 0.197917 0.100000 0.133333
0 0.887500 0.487500 0.100000 0.133333
0 0.637500 0.462500 0.100000 0.133333
0 0.437500 0.885417 0.100000 0.133333
0 0.817187 0.406250 0.100000 0.133333
0 0.660937 0.841667 0.100000 0.133333
0 0.700000 0.254167 0.100000 0.133333
0 0.875000 0.197917 0.100000 0.133333
0 0.189062 0.660417 0.100000 0.133333
0 0.118750 0.439583 0.100000 0.133333
0 0.612500 0.293750 0.100000 0.133333
0 0.862500 0.404167 0.100000 0.133333
0 0.285938 0.675000 0.100000 0.133333
0 0.214062 0.187500 0.100000 0.133333
0 0.462500 0.508333 0.100000 0.133333
0 0.146875 0.412500 0.100000 0.133333
0 0.681250 0.262500 0.100000 0.133333
0 0.125000 0.639583 0.100000 0.133333
0 0.425000 0.275000 0.100000 0.133333
0 0.693750 0.554167 0.100000 0.133333
0 0.739062 0.158333 0.100000 0.133333
0 0.559375 0.381250 0.100000 0.133333
0 0.473438 0.643750 0.100000 0.133333
0 0.534375 0.477083 0.100000 0.133333
0 0.517188 0.166667 0.100000 0.133333
0 0.207813 0.702083 0.100000 0.133333
0 0.507812 0.270833 0.100000 0.133333
0 0.637500 0.620833 0.100000 0.133333
0 0.564063 0.768750 0.100000 0.133333
0 0.420312 0.381250 0.100000 0.133333
0 0.257812 0.779167 0.100000 0.133333
0 0.651563 0.200000 0.100000 0.133333
0 0.776563 0.462500 0.100000 0.133333
0 0.832812 0.820833 0.100000 0.133333
0 0.398438 0.556250 0.100000 0.133333
0 0.632812 0.497917 0.100000 0.133333
0 0.459375 0.247917 0.100000 0.133333
0 0.859375 0.358333 0.100000 0.133333
0 0.895312 0.202083 0.100000 0.133333
0 0.148438 0.439583 0.100000 0.133333
0 0.362500 0.156250 0.100000 0.133333
0 0.775000 0.660417 0.100000 0.133333
0 0.201563 0.702083 0.100000 0.133333
0 0.653125 0.839583 0.100000 0.133333
0 0.435937 0.487500 0.100000 0.133333
0 0.657813 0.306250 0.100000 0.133333
0 0.675000 0.068750 0.100000 0.133333
0 0.334375 0.177083 0.100000 0.133333
0 0.387500 0.304167 0.100000 0.133333
0 0.540625 0.683333 0.100000 0.133333
0 0.128125 0.720833 0.100000 0.133333
0 0.140625 0.447917 0.100000 0.133333
0 0.281250 0.654167 0.100000 0.133333
0 0.367188 0.200000 0.100000 0.133333
0 0.246875 0.200000 0.100000 0.133333
0 0.704688 0.364583 0.100000 0.133333
0 0.740625 0.639583 0.100000 0.133333
0 0.706250 0.225000 0.100000 0.133333
0 0.735938 0.729167 0.100000 0.133333
0 0.753125 0.760417 0.100000 0.133333
0 0.129688 0.650000 0.100000 0.133333
0 0.682813 0.289583 0.100000 0.133333
0 0.796875 0.829167 0.100000 0.133333
0 0.317188 0.756250 0.100000 0.133333
0 0.609375 0.175000 0.100000 0.133333
0 0.868750 0.243750 0.100000 0.133333
0 0.140625 0.683333 0.100000 0.133333
0 0.120313 0.229167 0.100000 0.133333
0 0.150000 0.587500 0.100000 0.133333
0 0.771875 0.447917 0.100000 0.133333
0 0.539062 0.516667 0.100000 0.133333
0 0.445312 0.722917 0.100000 0.133333
0 0.679688 0.470833 0.100000 0.133333
0 0.635938 0.135417 0.100000 0.133333
0 0.800000 0.606250 0.100000 0.133333
0 0.701562 0.793750 0.100000 0.133333
0 0.485938 0.716667 0.100000 0.133333
0 0.320312 0.233333 0.100000 0.133333
0 0.732812 0.275000 0.100000 0.133333
0 0.867188 0.279167 0.100000 0.133333
0 0.550000 0.764583 0.100000 0.133333
0 0.195312 0.883333 0.100000 0.133333
0 0.145313 0.077083 0.100000 0.133333
0 0.478125 0.800000 0.100000 0.133333
0 0.503125 0.485417 0.100000 0.133333
0 0.612500 0.741667 0.100000 0.133333
0 0.718750 0.368750 0.100000 0.133333
0 0.417187 0.331250 0.100000 0.133333
0 0.325000 0.289583 0.100000 0.133333
0 0.201563 0.427083 0.100000 0.133333
0 0.132812 0.710417 0.100000 0.133333
0 0.112500 0.220833 0.100000 0.133333
0 0.650000 0.318750 0.100000 0.133333
0 0.637500 0.514583 0.100000 0.133333
0 0.326562 0.677083 0.100000 0.133333
1 0.282813 0.325000 0.100000 0.133333
1 0.637500 0.229167 0.100000 0.133333
1 0.351562 0.087500 0.100000 0.133333
1 0.517188 0.543750 0.100000 0.133333
1 0.335938 0.318750 0.100000 0.133333
