0 0.404687 0.510417 0.100000 0.133333
0 0.306250 0.347917 0.100000 0.133333
0 0.621875 0.706250 0.100000 0.133333
0 0.585938 0.504167 0.100000 0.133333
0 0.678125 0.383333 0.100000 0.133333
0 0.396875 0.516667 0.100000 0.133333
0 0.289062 0.272917 0.100000 0.133333
0 0.734375 0.641667 0.100000 0.133333
0 0.551562 0.810417 0.100000 0.133333
0 0.562500 0.439583 0.100000 0.133333
0 0.784375 0.387500 0.100000 0.133333
0 0.679688 0.700000 0.100000 0.133333
0 0.262500 0.370833 0.100000 0.133333
0 0.390625 0.739583 0.100000 0.133333
0 0.303125 0.256250 0.100000 0.133333
0 0.189062 0.362500 0.100000 0.133333
0 0.664062 0.431250 0.100000 0.133333
0 0.787500 0.345833 0.100000 0.133333
0 0.620313 0.085417 0.100000 0.133333
0 0.679688 0.866667 0.100000 0.133333
0 0.900000 0.806250 0.100000 0.133333
0 0.801562 0.485417 0.100000 0.133333
0 0.168750 0.456250 0.100000 0.133333
0 0.512500 0.583333 0.100000 0.133333
0 0.410938 0.458333 0.100000 0.133333
0 0.165625 0.810417 0.100000 0.133333
0 0.260937 0.106250 0.100000 0.133333
0 0.571875 0.787500 0.100000 0.133333
0 0.153125 0.631250 0.100000 0.133333
0 0.190625 0.706250 0.100000 0.133333
0 0.298438 0.150000 0.100000 0.133333
0 0.225000 0.337500 0.100000 0.133333
0 0.382812 0.429167 0.100000 0.133333
0 0.603125 0.495833 0.100000 0.133333
0 0.375000 0.739583 0.100000 0.133333
0 0.865625 0.218750 0.100000 0.133333
0 0.495312 0.120833 0.100000 0.133333
0 0.784375 0.806250 0.100000 0.133333
0 0.179688 0.512500 0.100000 0.133333
0 0.460938 0.754167 0.100000 0.133333
0 0.481250 0.625000 0.100000 0.133333
0 0.667188 0.227083 0.100000 0.133333
0 0.351562 0.412500 0.100000 0.133333
0 0.654687 0.804167 0.100000 0.133333
0 0.654687 0.493750 0.100000 0.133333
0 0.825000 0.352083 0.100000 0.133333
0 0.784375 0.083333 0.100000 0.133333
0 0.407813 0.818750 0.100000 0.133333
0 0.404687 0.666667 0.100000 0.133333
0 0.817187 0.204167 0.100000 0.133333
0 0.803125 0.150000 0.100000 0.133333
0 0.723437 0.700000 0.100000 0.133333
0 0.439063 0.100000 0.100000 0.133333
0 0.437500 0.545833 0.100000 0.133333
0 0.375000 0.460417 0.100000 0.133333
0 0.137500 0.175000 0.100000 0.133333
0 0.259375 0.235417 0.100000 0.133333
0 0.637500 0.391667 0.100000 0.133333
0 0.326562 0.518750 0.100000 0.133333
0 0.509375 0.733333 0.100000 0.133333
0 0.687500 0.256250 0.100000 0.133333
0 0.389062 0.527083 0.100000 0.133333
0 0.304688 0.095833 0.100000 0.133333
0 0.595313 0.822917 0.100000 0.133333
0 0.721875 0.068750 0.100000 0.133333
0 0.171875 0.222917 0.100000 0.133333
0 0.506250 0.193750 0.100000 0.133333
0 0.595313 0.891667 0.100000 0.133333
0 0.479687 0.552083 0.100000 0.133333
0 0.382812 0.672917 0.100000 0.133333
0 0.831250 0.370833 0.100000 0.133333
0 0.718750 0.770833 0.100000 0.133333
0 0.593750 0.077083 0.100000 0.133333
0 0.704688 0.085417 0.100000 0.133333
0 0.726562 0.727083 0.100000 0.133333
0 0.720313 0.402083 0.100000 0.133333
0 0.250000 0.752083 0.100000 0.133333
0 0.725000 0.462500 0.100000 0.133333
0 0.857812 0.272917 0.100000 0.133333
0 0.514062 0.139583 0.100000 0.133333
0 0.807813 0.877083 0.100000 0.133333
0 0.329688 0.762500 0.100000 0.133333
0 0.218750 0.302083 0.100000 0.133333
0 0.810937 0.402083 0.100000 0.133333
0 0.692187 0.658333 0.100000 0.133333
0 0.231250 0.360417 0.100000 0.133333
0 0.664062 0.235417 0.100000 0.133333
0 0.598437 0.385417 0.100000 0.133333
0 0.709375 0.329167 0.100000 0.133333
0 0.256250 0.554167 0.100000 0.133333
0 0.495312 0.422917 0.100000 0.133333
0 0.103125 0.150000 0.100000 0.133333
0 0.395313 0.497917 0.100000 0.133333
0 0.495312 0.197917 0.100000 0.133333
0 0.567187 0.214583 0.100000 0.133333
0 0.529687 0.875000 0.100000 0.133333
0 0.692187 0.570833 0.100000 0.133333
0 0.771875 0.164583 0.100000 0.133333
0 0.740625 0.570833 0.100000 0.133333
0 0.489063 0.150000 0.100000 0.133333
0 0.839063 0.545833 0.100000 0.133333
0 0.178125 0.764583 0.100000 0.133333
0 0.528125 0.537500 0.100000 0.133333
0 0.204687 0.639583 0.100000 0.133333
0 0.717187 0.270833 0.100000 0.133333
0 0.326562 0.072917 0.100000 0.133333
0 0.823438 0.716667 0.100000 0.133333
0 0.268750 0.735417 0.100000 0.133333
0 0.164062 0.245833 0.100000 0.133333
0 0.418750 0.412500 0.100000 0.133333
0 0.370312 0.554167 0.100000 0.133333
0 0.725000 0.622917 0.100000 0.133333
0 0.468750 0.858333 0.100000 0.133333
0 0.793750 0.564583 0.100000 0.133333
0 0.400000 0.500000 0.100000 0.133333
0 0.143750 0.670833 0.100000 0.133333
0 0.356250 0.725000 0.100000 0.133333
0 0.290625 0.347917 0.100000 0.133333
0 0.407813 0.366667 0.100000 0.133333
0 0.764062 0.100000 0.100000 0.133333
0 0.206250 0.345833 0.100000 0.133333
0 0.665625 0.104167 0.100000 0.133333
0 0.201563 0.195833 0.100000 0.133333
0 0.485938 0.804167 0.100000 0.133333
0 0.151562 0.745833 0.100000 0.133333
0 0.340625 0.220833 0.100000 0.133333
0 0.403125 0.600000 0.100000 0.133333
0 0.603125 0.456250 0.100000 0.133333
0 0.192188 0.543750 0.100000 0.133333
0 0.528125 0.708333 0.100000 0.133333
0 0.818750 0.562500 0.100000 0.133333
0 0.670312 0.416667 0.100000 0.133333
0 0.207813 0.535417 0.100000 0.133333
0 0.856250 0.566667 0.100000 0.133333
0 0.259375 0.241667 0.100000 0.133333
0 0.792188 0.812500 0.100000 0.133333
0 0.146875 0.685417 0.100000 0.133333
0 0.648438 0.595833 0.100000 0.133333
0 0.596875 0.827083 0.100000 0.133333
0 0.385937 0.164583 0.100000 0.133333
0 0.459375 0.264583 0.100000 0.133333
0 0.585938 0.337500 0.100000 0.133333
0 0.445312 0.402083 0.100000 0.133333
0 0.198437 0.633333 0.100000 0.133333
0 0.770312 0.118750 0.100000 0.133333
0 0.514062 0.647917 0.100000 0.133333
0 0.471875 0.883333 0.100000 0.133333
0 0.526563 0.689583 0.100000 0.133333
0 0.753125 0.227083 0.100000 0.133333
0 0.467187 0.562500 0.100000 0.133333
1 0.939063 0.789583 0.100000 0.133333
1 0.482812 0.641667 0.100000 0.133333
1 0.171875 0.868750 0.100000 0.133333
1 0.751563 0.377083 0.100000 0.133333
1 0.310937 0.185417 0.100000 0.133333
