0 0.651563 0.752083 0.100000 0.133333
0 0.403125 0.827083 0.100000 0.133333
0 0.796875 0.147917 0.100000 0.133333
0 0.503125 0.508333 0.100000 0.133333
0 0.839063 0.287500 0.100000 0.133333
0 0.506250 0.245833 0.100000 0.133333
0 0.682813 0.831250 0.100000 0.133333
0 0.226562 0.293750 0.100000 0.133333
0 0.146875 0.431250 0.100000 0.133333
0 0.164062 0.793750 0.100000 0.133333
0 0.157812 0.429167 0.100000 0.133333
0 0.393750 0.685417 0.100000 0.133333
0 0.467187 0.677083 0.100000 0.133333
0 0.398438 0.752083 0.100000 0.133333
0 0.623437 0.783333 0.100000 0.133333
0 0.210938 0.479167 0.100000 0.133333
0 0.478125 0.472917 0.100000 0.133333
0 0.720313 0.137500 0.100000 0.133333
0 0.189062 0.633333 0.100000 0.133333
0 0.884375 0.510417 0.100000 0.133333
0 0.129688 0.670833 0.100000 0.133333
0 0.642188 0.429167 0.100000 0.133333
0 0.859375 0.468750 0.100000 0.133333
0 0.500000 0.381250 0.100000 0.133333
0 0.854688 0.504167 0.100000 0.133333
0 0.698438 0.318750 0.100000 0.133333
0 0.796875 0.127083 0.100000 0.133333
0 0.775000 0.347917 0.100000 0.133333
0 0.221875 0.747917 0.100000 0.133333
0 0.612500 0.447917 0.100000 0.133333
0 0.607812 0.383333 0.100000 0.133333
0 0.717187 0.750000 0.100000 0.133333
0 0.748437 0.266667 0.100000 0.133333
0 0.425000 0.827083 0.100000 0.133333
0 0.540625 0.258333 0.100000 0.133333
0 0.292187 0.685417 0.100000 0.133333
0 0.834375 0.152083 0.100000 0.133333
0 0.390625 0.525000 0.100000 0.133333
0 0.606250 0.556250 0.100000 0.133333
0 0.409375 0.279167 0.100000 0.133333
0 0.390625 0.818750 0.100000 0.133333
0 0.121875 0.189583 0.100000 0.133333
0 0.656250 0.272917 0.100000 0.133333
0 0.310937 0.145833 0.100000 0.133333
0 0.314063 0.139583 0.100000 0.133333
0 0.195312 0.275000 0.100000 0.133333
0 0.503125 0.510417 0.100000 0.133333
0 0.542188 0.125000 0.100000 0.133333
0 0.162500 0.889583 0.100000 0.133333
0 0.198437 0.816667 0.100000 0.133333
0 0.632812 0.435417 0.100000 0.133333
0 0.459375 0.852083 0.100000 0.133333
0 0.745313 0.302083 0.100000 0.133333
0 0.626563 0.620833 0.100000 0.133333
0 0.356250 0.195833 0.100000 0.133333
0 0.640625 0.437500 0.100000 0.133333
0 0.190625 0.352083 0.100000 0.133333
0 0.250000 0.645833 0.100000 0.133333
0 0.367188 0.195833 0.100000 0.133333
0 0.648438 0.587500 0.100000 0.133333
0 0.796875 0.887500 0.100000 0.133333
0 0.243750 0.891667 0.100000 0.133333
0 0.379688 0.814583 0.100000 0.133333
0 0.175000 0.075000 0.100000 0.133333
0 0.821875 0.570833 0.100000 0.133333
0 0.442188 0.552083 0.100000 0.133333
0 0.707812 0.593750 0.100000 0.133333
0 0.289062 0.583333 0.100000 0.133333
0 0.101562 0.322917 0.100000 0.133333
0 0.321875 0.375000 0.100000 0.133333
0 0.193750 0.445833 0.100000 0.133333
0 0.721875 0.752083 0.100000 0.133333
0 0.865625 0.752083 0.100000 0.133333
0 0.371875 0.745833 0.100000 0.133333
0 0.370312 0.091667 0.100000 0.133333
0 0.132812 0.502083 0.100000 0.133333
0 0.534375 0.283333 0.100000 0.133333
0 0.623437 0.566667 0.100000 0.133333
0 0.243750 0.564583 0.100000 0.133333
0 0.865625 0.737500 0.100000 0.133333
0 0.325000 0.566667 0.100000 0.133333
0 0.335938 0.183333 0.100000 0.133333
0 0.179688 0.839583 0.100000 0.133333
0 0.584375 0.806250 0.100000 0.133333
0 0.492188 0.147917 0.100000 0.133333
0 0.370312 0.739583 0.100000 0.133333
0 0.659375 0.072917 0.100000 0.133333
0 0.370312 0.722917 0.100000 0.133333
0 0.189062 0.514583 0.100000 0.133333
0 0.820312 0.585417 0.100000 0.133333
0 0.634375 0.675000 0.100000 0.133333
0 0.332813 0.631250 0.100000 0.133333
0 0.732812 0.845833 0.100000 0.133333
0 0.467187 0.450000 0.100000 0.133333
0 0.701562 0.083333 0.100000 0.133333
0 0.176563 0.735417 0.100000 0.133333
0 0.128125 0.627083 0.100000 0.133333
0 0.201563 0.302083 0.100000 0.133333
0 0.303125 0.681250 0.100000 0.133333
0 0.723437 0.764583 0.100000 0.133333
0 0.410938 0.410417 0.100000 0.133333
0 0.635938 0.416667 0.100000 0.133333
0 0.317188 0.852083 0.100000 0.133333
0 0.789062 0.643750 0.100000 0.133333
0 0.815625 0.668750 0.100000 0.133333
0 0.656250 0.185417 0.100000 0.133333
0 0.748437 0.879167 0.100000 0.133333
0 0.345313 0.152083 0.100000 0.133333
0 0.567187 0.618750 0.100000 0.133333
0 0.337500 0.608333 0.100000 0.133333
0 0.642188 0.797917 0.100000 0.133333
0 0.417187 0.760417 0.100000 0.133333
0 0.609375 0.458333 0.100000 0.133333
0 0.625000 0.706250 0.100000 0.133333
0 0.400000 0.870833 0.100000 0.133333
0 0.890625 0.433333 0.100000 0.133333
0 0.426563 0.150000 0.100000 0.133333
0 0.229687 0.287500 0.100000 0.133333
0 0.103125 0.831250 0.100000 0.133333
0 0.521875 0.835417 0.100000 0.133333
0 0.793750 0.068750 0.100000 0.133333
0 0.740625 0.468750 0.100000 0.133333
0 0.126562 0.760417 0.100000 0.133333
0 0.435937 0.889583 0.100000 0.133333
0 0.535937 0.500000 0.100000 0.133333
0 0.492188 0.758333 0.100000 0.133333
0 0.392188 0.464583 0.100000 0.133333
0 0.293750 0.704167 0.100000 0.133333
0 0.153125 0.454167 0.100000 0.133333
0 0.237500 0.814583 0.100000 0.133333
0 0.868750 0.229167 0.100000 0.133333
0 0.603125 0.566667 0.100000 0.133333
0 0.443750 0.431250 0.100000 0.133333
0 0.673438 0.318750 0.100000 0.133333
0 0.504687 0.079167 0.100000 0.133333
0 0.243750 0.154167 0.100000 0.133333
0 0.651563 0.537500 0.100000 0.133333
0 0.337500 0.202083 0.100000 0.133333
0 0.335938 0.191667 0.100000 0.133333
0 0.257812 0.343750 0.100000 0.133333
0 0.837500 0.518750 0.100000 0.133333
0 0.167187 0.300000 0.100000 0.133333
0 0.201563 0.283333 0.100000 0.133333
0 0.867188 0.391667 0.100000 0.133333
0 0.267188 0.652083 0.100000 0.133333
0 0.423438 0.491667 0.100000 0.133333
0 0.420312 0.725000 0.100000 0.133333
0 0.345313 0.281250 0.100000 0.133333
0 0.720313 0.320833 0.100000 0.133333
0 0.237500 0.643750 0.100000 0.133333
1 0.509375 0.145833 0.100000 0.133333
1 0.256250 0.133333 0.100000 0.133333
1 0.137500 0.175000 0.100000 0.133333
1 0.351562 0.772917 0.100000 0.133333
1 0.157812 0.877083 0.100000 0.133333
