0 0.260937 0.258333 0.100000 0.133333
0 0.725000 0.285417 0.100000 0.133333
0 0.181250 0.579167 0.100000 0.133333
0 0.579688 0.633333 0.100000 0.133333
0 0.690625 0.885417 0.100000 0.133333
0 0.128125 0.533333 0.100000 0.133333
0 0.796875 0.712500 0.100000 0.133333
0 0.204687 0.700000 0.100000 0.133333
0 0.190625 0.787500 0.100000 0.133333
0 0.229687 0.835417 0.100000 0.133333
0 0.187500 0.383333 0.100000 0.133333
0 0.562500 0.791667 0.100000 0.133333
0 0.462500 0.789583 0.100000 0.133333
0 0.767188 0.425000 0.100000 0.133333
0 0.809375 0.756250 0.100000 0.133333
0 0.412500 0.716667 0.100000 0.133333
0 0.831250 0.714583 0.100000 0.133333
0 0.331250 0.616667 0.100000 0.133333
0 0.253125 0.189583 0.100000 0.133333
0 0.887500 0.212500 0.100000 0.133333
0 0.689063 0.070833 0.100000 0.133333
0 0.318750 0.450000 0.100000 0.133333
0 0.298438 0.404167 0.100000 0.133333
0 0.792188 0.635417 0.100000 0.133333
0 0.592187 0.152083 0.100000 0.133333
0 0.331250 0.750000 0.100000 0.133333
0 0.685937 0.520833 0.100000 0.133333
0 0.198437 0.702083 0.100000 0.133333
0 0.462500 0.343750 0.100000 0.133333
0 0.779687 0.364583 0.100000 0.133333
0 0.134375 0.456250 0.100000 0.133333
0 0.576562 0.727083 0.100000 0.133333
0 0.320312 0.070833 0.100000 0.133333
0 0.457813 0.339583 0.100000 0.133333
0 0.662500 0.070833 0.100000 0.133333
0 0.582812 0.339583 0.100000 0.133333
0 0.881250 0.214583 0.100000 0.133333
0 0.696875 0.781250 0.100000 0.133333
0 0.539062 0.660417 0.100000 0.133333
0 0.701562 0.660417 0.100000 0.133333
0 0.740625 0.652083 0.100000 0.133333
0 0.592187 0.462500 0.100000 0.133333
0 0.218750 0.777083 0.100000 0.133333
0 0.571875 0.325000 0.100000 0.133333
0 0.854688 0.675000 0.100000 0.133333
0 0.114062 0.145833 0.100000 0.133333
0 0.450000 0.872917 0.100000 0.133333
0 0.326562 0.393750 0.100000 0.133333
0 0.778125 0.235417 0.100000 0.133333
0 0.828125 0.516667 0.100000 0.133333
0 0.125000 0.504167 0.100000 0.133333
0 0.237500 0.793750 0.100000 0.133333
0 0.410938 0.854167 0.100000 0.133333
0 0.379688 0.768750 0.100000 0.133333
0 0.473438 0.281250 0.100000 0.133333
0 0.250000 0.277083 0.100000 0.133333
0 0.843750 0.329167 0.100000 0.133333
0 0.289062 0.610417 0.100000 0.133333
0 0.337500 0.739583 0.100000 0.133333
0 0.393750 0.760417 0.100000 0.133333
0 0.637500 0.810417 0.100000 0.133333
0 0.732812 0.350000 0.100000 0.133333
0 0.309375 0.875000 0.100000 0.133333
0 0.890625 0.214583 0.100000 0.133333
0 0.296875 0.502083 0.100000 0.133333
0 0.367188 0.447917 0.100000 0.133333
0 0.139063 0.133333 0.100000 0.133333
0 0.225000 0.191667 0.100000 0.133333
0 0.596875 0.145833 0.100000 0.133333
0 0.803125 0.658333 0.100000 0.133333
0 0.314063 0.397917 0.100000 0.133333
0 0.604688 0.733333 0.100000 0.133333
0 0.132812 0.489583 0.100000 0.133333
0 0.431250 0.591667 0.100000 0.133333
0 0.110937 0.122917 0.100000 0.133333
0 0.759375 0.560417 0.100000 0.133333
0 0.751563 0.662500 0.100000 0.133333
0 0.250000 0.862500 0.100000 0.133333
0 0.317188 0.485417 0.100000 0.133333
0 0.360938 0.735417 0.100000 0.133333
0 0.204687 0.083333 0.100000 0.133333
0 0.653125 0.806250 0.100000 0.133333
0 0.267188 0.270833 0.100000 0.133333
0 0.309375 0.231250 0.100000 0.133333
0 0.220312 0.125000 0.100000 0.133333
0 0.254688 0.329167 0.100000 0.133333
0 0.604688 0.525000 0.100000 0.133333
0 0.334375 0.662500 0.100000 0.133333
0 0.304688 0.889583 0.100000 0.133333
0 0.159375 0.383333 0.100000 0.133333
0 0.451562 0.743750 0.100000 0.133333
0 0.856250 0.545833 0.100000 0.133333
0 0.620313 0.641667 0.100000 0.133333
0 0.760938 0.341667 0.100000 0.133333
0 0.134375 0.070833 0.100000 0.133333
0 0.209375 0.085417 0.100000 0.133333
0 0.521875 0.318750 0.100000 0.133333
0 0.450000 0.093750 0.100000 0.133333
0 0.698438 0.687500 0.100000 0.133333
0 0.468750 0.212500 0.100000 0.133333
0 0.748437 0.831250 0.100000 0.133333
0 0.704688 0.760417 0.100000 0.133333
0 0.198437 0.258333 0.100000 0.133333
0 0.632812 0.314583 0.100000 0.133333
0 0.435937 0.358333 0.100000 0.133333
0 0.710938 0.614583 0.100000 0.133333
0 0.237500 0.575000 0.100000 0.133333
0 0.337500 0.618750 0.100000 0.133333
0 0.845313 0.693750 0.100000 0.133333
0 0.895312 0.270833 0.100000 0.133333
0 0.473438 0.102083 0.100000 0.133333
0 0.604688 0.412500 0.100000 0.133333
0 0.339062 0.395833 0.100000 0.133333
0 0.162500 0.427083 0.100000 0.133333
0 0.401562 0.835417 0.100000 0.133333
0 0.889062 0.550000 0.100000 0.133333
0 0.243750 0.437500 0.100000 0.133333
0 0.329688 0.110417 0.100000 0.133333
0 0.296875 0.566667 0.100000 0.133333
0 0.881250 0.168750 0.100000 0.133333
0 0.706250 0.285417 0.100000 0.133333
0 0.131250 0.458333 0.100000 0.133333
0 0.520312 0.827083 0.100000 0.133333
0 0.334375 0.804167 0.100000 0.133333
0 0.515625 0.256250 0.100000 0.133333
0 0.779687 0.254167 0.100000 0.133333
0 0.660937 0.770833 0.100000 0.133333
0 0.750000 0.400000 0.100000 0.133333
0 0.298438 0.587500 0.100000 0.133333
0 0.510938 0.639583 0.100000 0.133333
0 0.551562 0.433333 0.100000 0.133333
0 0.351562 0.460417 0.100000 0.133333
0 0.515625 0.385417 0.100000 0.133333
0 0.678125 0.293750 0.100000 0.133333
0 0.264062 0.512500 0.100000 0.133333
0 0.434375 0.352083 0.100000 0.133333
0 0.221875 0.389583 0.100000 0.133333
0 0.331250 0.677083 0.100000 0.133333
0 0.151562 0.756250 0.100000 0.133333
0 0.550000 0.558333 0.100000 0.133333
0 0.228125 0.814583 0.100000 0.133333
0 0.440625 0.410417 0.100000 0.133333
0 0.631250 0.662500 0.100000 0.133333
0 0.556250 0.147917 0.100000 0.133333
0 0.834375 0.420833 0.100000 0.133333
0 0.653125 0.287500 0.100000 0.133333
0 0.517188 0.252083 0.100000 0.133333
0 0.856250 0.706250 0.100000 0.133333
0 0.378125 0.470833 0.100000 0.133333
0 0.745313 0.622917 0.100000 0.133333
1 0.764062 0.925000 0.100000 0.133333
1 0.104688 0.143750 0.100000 0.133333
1 0.531250 0.554167 0.100000 0.133333
1 0.087500 0.539583 0.100000 0.133333
1 0.931250 0.220833 0.100000 0.133333
