0 0.356250 0.470833 0.100000 0.133333
0 0.434375 0.768750 0.100000 0.133333
0 0.282813 0.445833 0.100000 0.133333
0 0.900000 0.739583 0.100000 0.133333
0 0.490625 0.606250 0.100000 0.133333
0 0.764062 0.452083 0.100000 0.133333
0 0.387500 0.116667 0.100000 0.133333
0 0.512500 0.741667 0.100000 0.133333
0 0.614062 0.702083 0.100000 0.133333
0 0.610938 0.616667 0.100000 0.133333
0 0.860938 0.506250 0.100000 0.133333
0 0.873437 0.625000 0.100000 0.133333
0 0.112500 0.225000 0.100000 0.133333
0 0.770312 0.612500 0.100000 0.133333
0 0.521875 0.295833 0.100000 0.133333
0 0.606250 0.756250 0.100000 0.133333
0 0.312500 0.514583 0.100000 0.133333
0 0.690625 0.262500 0.100000 0.133333
0 0.270313 0.750000 0.100000 0.133333
0 0.285938 0.822917 0.100000 0.133333
0 0.125000 0.364583 0.100000 0.133333
0 0.760938 0.504167 0.100000 0.133333
0 0.892188 0.470833 0.100000 0.133333
0 0.175000 0.693750 0.100000 0.133333
0 0.617188 0.858333 0.100000 0.133333
0 0.795312 0.337500 0.100000 0.133333
0 0.667188 0.785417 0.100000 0.133333
0 0.171875 0.854167 0.100000 0.133333
0 0.265625 0.572917 0.100000 0.133333
0 0.195312 0.339583 0.100000 0.133333
0 0.725000 0.316667 0.100000 0.133333
0 0.164062 0.083333 0.100000 0.133333
0 0.481250 0.568750 0.100000 0.133333
0 0.335938 0.768750 0.100000 0.133333
0 0.609375 0.439583 0.100000 0.133333
0 0.848437 0.125000 0.100000 0.133333
0 0.742188 0.150000 0.100000 0.133333
0 0.542188 0.160417 0.100000 0.133333
0 0.596875 0.239583 0.100000 0.133333
0 0.334375 0.114583 0.100000 0.133333
0 0.898438 0.860417 0.100000 0.133333
0 0.325000 0.297917 0.100000 0.133333
0 0.879687 0.160417 0.100000 0.133333
0 0.575000 0.629167 0.100000 0.133333
0 0.357812 0.089583 0.100000 0.133333
0 0.209375 0.541667 0.100000 0.133333
0 0.546875 0.206250 0.100000 0.133333
0 0.787500 0.806250 0.100000 0.133333
0 0.262500 0.591667 0.100000 0.133333
0 0.228125 0.479167 0.100000 0.133333
0 0.454688 0.072917 0.100000 0.133333
0 0.659375 0.254167 0.100000 0.133333
0 0.781250 0.202083 0.100000 0.133333
0 0.268750 0.143750 0.100000 0.133333
0 0.523438 0.368750 0.100000 0.133333
0 0.193750 0.408333 0.100000 0.133333
0 0.496875 0.877083 0.100000 0.133333
0 0.678125 0.650000 0.100000 0.133333
0 0.392188 0.204167 0.100000 0.133333
0 0.195312 0.491667 0.100000 0.133333
0 0.498437 0.720833 0.100000 0.133333
0 0.742188 0.872917 0.100000 0.133333
0 0.106250 0.293750 0.100000 0.133333
0 0.746875 0.804167 0.100000 0.133333
0 0.375000 0.637500 0.100000 0.133333
0 0.245312 0.483333 0.100000 0.133333
0 0.226562 0.441667 0.100000 0.133333
0 0.293750 0.758333 0.100000 0.133333
0 0.604688 0.325000 0.100000 0.133333
0 0.537500 0.472917 0.100000 0.133333
0 0.831250 0.468750 0.100000 0.133333
0 0.148438 0.660417 0.100000 0.133333
0 0.828125 0.195833 0.100000 0.133333
0 0.453125 0.218750 0.100000 0.133333
0 0.414062 0.470833 0.100000 0.133333
0 0.609375 0.237500 0.100000 0.133333
0 0.535937 0.302083 0.100000 0.133333
0 0.568750 0.075000 0.100000 0.133333
0 0.245312 0.129167 0.100000 0.133333
0 0.285938 0.360417 0.100000 0.133333
0 0.128125 0.162500 0.100000 0.133333
0 0.754687 0.327083 0.100000 0.133333
0 0.803125 0.258333 0.100000 0.133333
0 0.668750 0.331250 0.100000 0.133333
0 0.296875 0.279167 0.100000 0.133333
0 0.340625 0.404167 0.100000 0.133333
0 0.225000 0.175000 0.100000 0.133333
0 0.578125 0.389583 0.100000 0.133333
0 0.845313 0.602083 0.100000 0.133333
0 0.887500 0.320833 0.100000 0.133333
0 0.476562 0.195833 0.100000 0.133333
0 0.806250 0.666667 0.100000 0.133333
0 0.415625 0.562500 0.100000 0.133333
0 0.487500 0.416667 0.100000 0.133333
0 0.528125 0.320833 0.100000 0.133333
0 0.395313 0.702083 0.100000 0.133333
0 0.582812 0.856250 0.100000 0.133333
0 0.373437 0.681250 0.100000 0.133333
0 0.496875 0.866667 0.100000 0.133333
0 0.290625 0.141667 0.100000 0.133333
0 0.110937 0.293750 0.100000 0.133333
0 0.325000 0.458333 0.100000 0.133333
0 0.553125 0.506250 0.100000 0.133333
0 0.659375 0.781250 0.100000 0.133333
0 0.459375 0.212500 0.100000 0.133333
0 0.626563 0.129167 0.100000 0.133333
0 0.712500 0.310417 0.100000 0.133333
0 0.665625 0.175000 0.100000 0.133333
0 0.639062 0.695833 0.100000 0.133333
0 0.201563 0.597917 0.100000 0.133333
0 0.523438 0.179167 0.100000 0.133333
0 0.564063 0.087500 0.100000 0.133333
0 0.479687 0.779167 0.100000 0.133333
0 0.676562 0.100000 0.100000 0.133333
0 0.257812 0.535417 0.100000 0.133333
0 0.307812 0.439583 0.100000 0.133333
0 0.512500 0.785417 0.100000 0.133333
0 0.535937 0.495833 0.100000 0.133333
0 0.806250 0.420833 0.100000 0.133333
0 0.551562 0.485417 0.100000 0.133333
0 0.196875 0.708333 0.100000 0.133333
0 0.195312 0.793750 0.100000 0.133333
0 0.132812 0.137500 0.100000 0.133333
0 0.332813 0.572917 0.100000 0.133333
0 0.221875 0.360417 0.100000 0.133333
0 0.593750 0.629167 0.100000 0.133333
0 0.878125 0.837500 0.100000 0.133333
0 0.648438 0.308333 0.100000 0.133333
0 0.376563 0.368750 0.100000 0.133333
0 0.778125 0.366667 0.100000 0.133333
0 0.846875 0.481250 0.100000 0.133333
0 0.650000 0.806250 0.100000 0.133333
0 0.646875 0.818750 0.100000 0.133333
0 0.265625 0.347917 0.100000 0.133333
0 0.829688 0.370833 0.100000 0.133333
0 0.410938 0.793750 0.100000 0.133333
0 0.554688 0.466667 0.100000 0.133333
0 0.568750 0.625000 0.100000 0.133333
0 0.210938 0.810417 0.100000 0.133333
0 0.800000 0.625000 0.100000 0.133333
0 0.121875 0.393750 0.100000 0.133333
0 0.670312 0.139583 0.100000 0.133333
0 0.518750 0.379167 0.100000 0.133333
0 0.792188 0.827083 0.100000 0.133333
0 0.429688 0.281250 0.100000 0.133333
0 0.885938 0.085417 0.100000 0.133333
0 0.117188 0.425000 0.100000 0.133333
0 0.762500 0.454167 0.100000 0.133333
0 0.864062 0.343750 0.100000 0.133333
0 0.310937 0.885417 0.100000 0.133333
1 0.864062 0.522917 0.100000 0.133333
1 0.212500 0.075000 0.100000 0.133333
1 0.918750 0.872917 0.100000 0.133333
1 0.260937 0.310417 0.100000 0.133333
1 0.643750 0.829167 0.100000 0.133333
