0 0.760938 0.452083 0.100000 0.133333
0 0.589063 0.093750 0.100000 0.133333
0 0.820312 0.170833 0.100000 0.133333
0 0.629687 0.427083 0.100000 0.133333
0 0.371875 0.431250 0.100000 0.133333
0 0.693750 0.387500 0.100000 0.133333
0 0.325000 0.310417 0.100000 0.133333
0 0.385937 0.675000 0.100000 0.133333
0 0.825000 0.395833 0.100000 0.133333
0 0.289062 0.354167 0.100000 0.133333
0 0.865625 0.637500 0.100000 0.133333
0 0.260937 0.772917 0.100000 0.133333
0 0.209375 0.181250 0.100000 0.133333
0 0.684375 0.570833 0.100000 0.133333
0 0.562500 0.320833 0.100000 0.133333
0 0.306250 0.393750 0.100000 0.133333
0 0.881250 0.522917 0.100000 0.133333
0 0.321875 0.304167 0.100000 0.133333
0 0.545312 0.666667 0.100000 0.133333
0 0.803125 0.083333 0.100000 0.133333
0 0.201563 0.127083 0.100000 0.133333
0 0.640625 0.500000 0.100000 0.133333
0 0.225000 0.537500 0.100000 0.133333
0 0.320312 0.085417 0.100000 0.133333
0 0.775000 0.689583 0.100000 0.133333
0 0.818750 0.881250 0.100000 0.133333
0 0.151562 0.504167 0.100000 0.133333
0 0.800000 0.414583 0.100000 0.133333
0 0.584375 0.741667 0.100000 0.133333
0 0.265625 0.710417 0.100000 0.133333
0 0.814063 0.352083 0.100000 0.133333
0 0.639062 0.493750 0.100000 0.133333
0 0.185938 0.827083 0.100000 0.133333
0 0.875000 0.712500 0.100000 0.133333
0 0.820312 0.806250 0.100000 0.133333
0 0.604688 0.743750 0.100000 0.133333
0 0.457813 0.310417 0.100000 0.133333
0 0.212500 0.168750 0.100000 0.133333
0 0.296875 0.306250 0.100000 0.133333
0 0.167187 0.860417 0.100000 0.133333
0 0.873437 0.210417 0.100000 0.133333
0 0.353125 0.333333 0.100000 0.133333
0 0.879687 0.518750 0.100000 0.133333
0 0.812500 0.527083 0.100000 0.133333
0 0.689063 0.456250 0.100000 0.133333
0 0.492188 0.535417 0.100000 0.133333
0 0.121875 0.075000 0.100000 0.133333
0 0.184375 0.772917 0.100000 0.133333
0 0.331250 0.237500 0.100000 0.133333
0 0.303125 0.383333 0.100000 0.133333
0 0.810937 0.610417 0.100000 0.133333
0 0.218750 0.204167 0.100000 0.133333
0 0.415625 0.335417 0.100000 0.133333
0 0.340625 0.681250 0.100000 0.133333
0 0.596875 0.562500 0.100000 0.133333
0 0.142187 0.320833 0.100000 0.133333
0 0.415625 0.727083 0.100000 0.133333
0 0.754687 0.608333 0.100000 0.133333
0 0.720313 0.487500 0.100000 0.133333
0 0.700000 0.764583 0.100000 0.133333
0 0.289062 0.200000 0.100000 0.133333
0 0.628125 0.437500 0.100000 0.133333
0 0.101562 0.354167 0.100000 0.133333
0 0.656250 0.135417 0.100000 0.133333
0 0.693750 0.295833 0.100000 0.133333
0 0.687500 0.112500 0.100000 0.133333
0 0.443750 0.458333 0.100000 0.133333
0 0.260937 0.068750 0.100000 0.133333
0 0.557813 0.225000 0.100000 0.133333
0 0.295312 0.593750 0.100000 0.133333
0 0.623437 0.489583 0.100000 0.133333
0 0.450000 0.762500 0.100000 0.133333
0 0.229687 0.222917 0.100000 0.133333
0 0.760938 0.539583 0.100000 0.133333
0 0.598437 0.781250 0.100000 0.133333
0 0.382812 0.779167 0.100000 0.133333
0 0.789062 0.587500 0.100000 0.133333
0 0.651563 0.327083 0.100000 0.133333
0 0.898438 0.481250 0.100000 0.133333
0 0.423438 0.266667 0.100000 0.133333
0 0.773438 0.562500 0.100000 0.133333
0 0.120313 0.285417 0.100000 0.133333
0 0.381250 0.756250 0.100000 0.133333
0 0.271875 0.145833 0.100000 0.133333
0 0.853125 0.283333 0.100000 0.133333
0 0.821875 0.077083 0.100000 0.133333
0 0.210938 0.379167 0.100000 0.133333
0 0.728125 0.806250 0.100000 0.133333
0 0.754687 0.325000 0.100000 0.133333
0 0.148438 0.656250 0.100000 0.133333
0 0.221875 0.093750 0.100000 0.133333
0 0.656250 0.141667 0.100000 0.133333
0 0.812500 0.410417 0.100000 0.133333
0 0.112500 0.704167 0.100000 0.133333
0 0.823438 0.612500 0.100000 0.133333
0 0.365625 0.702083 0.100000 0.133333
0 0.254688 0.150000 0.100000 0.133333
0 0.353125 0.462500 0.100000 0.133333
0 0.214062 0.118750 0.100000 0.133333
0 0.793750 0.806250 0.100000 0.133333
0 0.275000 0.675000 0.100000 0.133333
0 0.321875 0.802083 0.100000 0.133333
0 0.751563 0.464583 0.100000 0.133333
0 0.220312 0.335417 0.100000 0.133333
0 0.328125 0.525000 0.100000 0.133333
0 0.300000 0.512500 0.100000 0.133333
0 0.796875 0.427083 0.100000 0.133333
0 0.514062 0.097917 0.100000 0.133333
0 0.312500 0.766667 0.100000 0.133333
0 0.537500 0.529167 0.100000 0.133333
0 0.320312 0.583333 0.100000 0.133333
0 0.195312 0.518750 0.100000 0.133333
0 0.542188 0.731250 0.100000 0.133333
0 0.146875 0.833333 0.100000 0.133333
0 0.528125 0.464583 0.100000 0.133333
0 0.567187 0.152083 0.100000 0.133333
0 0.701562 0.218750 0.100000 0.133333
0 0.481250 0.637500 0.100000 0.133333
0 0.550000 0.606250 0.100000 0.133333
0 0.570312 0.589583 0.100000 0.133333
0 0.512500 0.514583 0.100000 0.133333
0 0.542188 0.204167 0.100000 0.133333
0 0.340625 0.354167 0.100000 0.133333
0 0.503125 0.891667 0.100000 0.133333
0 0.712500 0.795833 0.100000 0.133333
0 0.531250 0.885417 0.100000 0.133333
0 0.178125 0.522917 0.100000 0.133333
0 0.407813 0.450000 0.100000 0.133333
0 0.885938 0.325000 0.100000 0.133333
0 0.179688 0.837500 0.100000 0.133333
0 0.759375 0.137500 0.100000 0.133333
0 0.896875 0.214583 0.100000 0.133333
0 0.881250 0.837500 0.100000 0.133333
0 0.157812 0.881250 0.100000 0.133333
0 0.290625 0.839583 0.100000 0.133333
0 0.579688 0.354167 0.100000 0.133333
0 0.446875 0.587500 0.100000 0.133333
0 0.685937 0.256250 0.100000 0.133333
0 0.306250 0.606250 0.100000 0.133333
0 0.489063 0.227083 0.100000 0.133333
0 0.284375 0.862500 0.100000 0.133333
0 0.251563 0.406250 0.100000 0.133333
0 0.879687 0.685417 0.100000 0.133333
0 0.756250 0.514583 0.100000 0.133333
0 0.818750 0.837500 0.100000 0.133333
0 0.878125 0.191667 0.100000 0.133333
0 0.540625 0.237500 0.100000 0.133333
0 0.331250 0.204167 0.100000 0.133333
0 0.876563 0.366667 0.100000 0.133333
0 0.482812 0.179167 0.100000 0.133333
1 0.359375 0.695833 0.100000 0.133333
1 0.689063 0.925000 0.100000 0.133333
1 0.578125 0.739583 0.100000 0.133333
1 0.778125 0.616667 0.100000 0.133333
1 0.834375 0.606250 0.100000 0.133333
