0 0.531250 0.604167 0.100000 0.133333
0 0.709375 0.518750 0.100000 0.133333
0 0.326562 0.202083 0.100000 0.133333
0 0.453125 0.239583 0.100000 0.133333
0 0.787500 0.166667 0.100000 0.133333
0 0.525000 0.637500 0.100000 0.133333
0 0.879687 0.456250 0.100000 0.133333
0 0.720313 0.310417 0.100000 0.133333
0 0.304688 0.735417 0.100000 0.133333
0 0.462500 0.091667 0.100000 0.133333
0 0.273438 0.256250 0.100000 0.133333
0 0.559375 0.691667 0.100000 0.133333
0 0.570312 0.447917 0.100000 0.133333
0 0.840625 0.783333 0.100000 0.133333
0 0.660937 0.187500 0.100000 0.133333
0 0.370312 0.808333 0.100000 0.133333
0 0.559375 0.804167 0.100000 0.133333
0 0.875000 0.527083 0.100000 0.133333
0 0.362500 0.104167 0.100000 0.133333
0 0.167187 0.477083 0.100000 0.133333
0 0.751563 0.183333 0.100000 0.133333
0 0.753125 0.662500 0.100000 0.133333
0 0.425000 0.508333 0.100000 0.133333
0 0.239063 0.260417 0.100000 0.133333
0 0.590625 0.070833 0.100000 0.133333
0 0.159375 0.589583 0.100000 0.133333
0 0.128125 0.131250 0.100000 0.133333
0 0.315625 0.243750 0.100000 0.133333
0 0.437500 0.639583 0.100000 0.133333
0 0.567187 0.214583 0.100000 0.133333
0 0.453125 0.197917 0.100000 0.133333
0 0.735938 0.735417 0.100000 0.133333
0 0.464062 0.237500 0.100000 0.133333
0 0.351562 0.202083 0.100000 0.133333
0 0.537500 0.110417 0.100000 0.133333
0 0.584375 0.225000 0.100000 0.133333
0 0.770312 0.145833 0.100000 0.133333
0 0.650000 0.758333 0.100000 0.133333
0 0.210938 0.433333 0.100000 0.133333
0 0.340625 0.818750 0.100000 0.133333
0 0.151562 0.620833 0.100000 0.133333
0 0.406250 0.202083 0.100000 0.133333
0 0.168750 0.545833 0.100000 0.133333
0 0.239063 0.106250 0.100000 0.133333
0 0.150000 0.187500 0.100000 0.133333
0 0.637500 0.287500 0.100000 0.133333
0 0.679688 0.079167 0.100000 0.133333
0 0.523438 0.141667 0.100000 0.133333
0 0.123438 0.452083 0.100000 0.133333
0 0.695312 0.475000 0.100000 0.133333
0 0.306250 0.697917 0.100000 0.133333
0 0.178125 0.666667 0.100000 0.133333
0 0.114062 0.437500 0.100000 0.133333
0 0.253125 0.575000 0.100000 0.133333
0 0.118750 0.710417 0.100000 0.133333
0 0.628125 0.097917 0.100000 0.133333
0 0.720313 0.468750 0.100000 0.133333
0 0.435937 0.843750 0.100000 0.133333
0 0.876563 0.245833 0.100000 0.133333
0 0.143750 0.208333 0.100000 0.133333
0 0.778125 0.614583 0.100000 0.133333
0 0.898438 0.254167 0.100000 0.133333
0 0.551562 0.079167 0.100000 0.133333
0 0.595313 0.312500 0.100000 0.133333
0 0.614062 0.112500 0.100000 0.133333
0 0.740625 0.575000 0.100000 0.133333
0 0.821875 0.587500 0.100000 0.133333
0 0.475000 0.491667 0.100000 0.133333
0 0.853125 0.100000 0.100000 0.133333
0 0.376563 0.406250 0.100000 0.133333
0 0.628125 0.116667 0.100000 0.133333
0 0.267188 0.541667 0.100000 0.133333
0 0.507812 0.741667 0.100000 0.133333
0 0.434375 0.166667 0.100000 0.133333
0 0.778125 0.129167 0.100000 0.133333
0 0.757812 0.233333 0.100000 0.133333
0 0.190625 0.527083 0.100000 0.133333
0 0.582812 0.760417 0.100000 0.133333
0 0.364063 0.839583 0.100000 0.133333
0 0.153125 0.333333 0.100000 0.133333
0 0.667188 0.620833 0.100000 0.133333
0 0.632812 0.804167 0.100000 0.133333
0 0.435937 0.425000 0.100000 0.133333
0 0.190625 0.477083 0.100000 0.133333
0 0.212500 0.435417 0.100000 0.133333
0 0.490625 0.822917 0.100000 0.133333
0 0.475000 0.756250 0.100000 0.133333
0 0.209375 0.254167 0.100000 0.133333
0 0.128125 0.420833 0.100000 0.133333
0 0.848437 0.379167 0.100000 0.133333
0 0.695312 0.714583 0.100000 0.133333
0 0.171875 0.420833 0.100000 0.133333
0 0.184375 0.562500 0.100000 0.133333
0 0.357812 0.760417 0.100000 0.133333
0 0.350000 0.225000 0.100000 0.133333
0 0.203125 0.675000 0.100000 0.133333
0 0.264062 0.406250 0.100000 0.133333
0 0.604688 0.158333 0.100000 0.133333
0 0.415625 0.816667 0.100000 0.133333
0 0.273438 0.875000 0.100000 0.133333
0 0.639062 0.662500 0.100000 0.133333
0 0.862500 0.197917 0.100000 0.133333
0 0.717187 0.106250 0.100000 0.133333
0 0.167187 0.225000 0.100000 0.133333
0 0.448437 0.093750 0.100000 0.133333
0 0.825000 0.827083 0.100000 0.133333
0 0.126562 0.866667 0.100000 0.133333
0 0.606250 0.118750 0.100000 0.133333
0 0.268750 0.362500 0.100000 0.133333
0 0.495312 0.887500 0.100000 0.133333
0 0.121875 0.510417 0.100000 0.133333
0 0.601562 0.700000 0.100000 0.133333
0 0.504687 0.102083 0.100000 0.133333
0 0.895312 0.745833 0.100000 0.133333
0 0.503125 0.868750 0.100000 0.133333
0 0.404687 0.672917 0.100000 0.133333
0 0.675000 0.441667 0.100000 0.133333
0 0.498437 0.170833 0.100000 0.133333
0 0.770312 0.500000 0.100000 0.133333
0 0.164062 0.750000 0.100000 0.133333
0 0.559375 0.656250 0.100000 0.133333
0 0.215625 0.577083 0.100000 0.133333
0 0.814063 0.518750 0.100000 0.133333
0 0.753125 0.445833 0.100000 0.133333
0 0.578125 0.333333 0.100000 0.133333
0 0.656250 0.497917 0.100000 0.133333
0 0.196875 0.285417 0.100000 0.133333
0 0.215625 0.691667 0.100000 0.133333
0 0.585938 0.660417 0.100000 0.133333
0 0.607812 0.358333 0.100000 0.133333
0 0.184375 0.283333 0.100000 0.133333
0 0.750000 0.679167 0.100000 0.133333
0 0.503125 0.352083 0.100000 0.133333
0 0.868750 0.797917 0.100000 0.133333
0 0.500000 0.797917 0.100000 0.133333
0 0.735938 0.810417 0.100000 0.133333
0 0.465625 0.158333 0.100000 0.133333
0 0.782813 0.091667 0.100000 0.133333
0 0.423438 0.291667 0.100000 0.133333
0 0.362500 0.833333 0.100000 0.133333
0 0.504687 0.150000 0.100000 0.133333
0 0.309375 0.879167 0.100000 0.133333
0 0.425000 0.833333 0.100000 0.133333
0 0.426563 0.366667 0.100000 0.133333
0 0.504687 0.322917 0.100000 0.133333
0 0.106250 0.491667 0.100000 0.133333
0 0.625000 0.831250 0.100000 0.133333
0 0.625000 0.422917 0.100000 0.133333
0 0.473438 0.852083 0.100000 0.133333
0 0.317188 0.312500 0.100000 0.133333
1 0.239063 0.175000 0.100000 0.133333
1 0.848437 0.283333 0.100000 0.133333
1 0.531250 0.802083 0.100000 0.133333
1 0.901563 0.110417 0.100000 0.133333
1 0.512500 0.654167 0.100000 0.133333
