0 0.390625 0.118750 0.100000 0.133333
0 0.181250 0.564583 0.100000 0.133333
0 0.754687 0.833333 0.100000 0.133333
0 0.431250 0.512500 0.100000 0.133333
0 0.739062 0.702083 0.100000 0.133333
0 0.421875 0.564583 0.100000 0.133333
0 0.501563 0.433333 0.100000 0.133333
0 0.203125 0.427083 0.100000 0.133333
0 0.368750 0.835417 0.100000 0.133333
0 0.584375 0.695833 0.100000 0.133333
0 0.809375 0.814583 0.100000 0.133333
0 0.273438 0.700000 0.100000 0.133333
0 0.815625 0.860417 0.100000 0.133333
0 0.517188 0.158333 0.100000 0.133333
0 0.157812 0.279167 0.100000 0.133333
0 0.365625 0.095833 0.100000 0.133333
0 0.523438 0.716667 0.100000 0.133333
0 0.385937 0.745833 0.100000 0.133333
0 0.537500 0.206250 0.100000 0.133333
0 0.329688 0.135417 0.100000 0.133333
0 0.659375 0.779167 0.100000 0.133333
0 0.575000 0.258333 0.100000 0.133333
0 0.801562 0.677083 0.100000 0.133333
0 0.137500 0.281250 0.100000 0.133333
0 0.685937 0.362500 0.100000 0.133333
0 0.225000 0.572917 0.100000 0.133333
0 0.854688 0.875000 0.100000 0.133333
0 0.756250 0.264583 0.100000 0.133333
0 0.420312 0.793750 0.100000 0.133333
0 0.703125 0.229167 0.100000 0.133333
0 0.754687 0.675000 0.100000 0.133333
0 0.507812 0.350000 0.100000 0.133333
0 0.481250 0.466667 0.100000 0.133333
0 0.570312 0.627083 0.100000 0.133333
0 0.146875 0.841667 0.100000 0.133333
0 0.465625 0.562500 0.100000 0.133333
0 0.170313 0.589583 0.100000 0.133333
0 0.189062 0.243750 0.100000 0.133333
0 0.184375 0.791667 0.100000 0.133333
0 0.340625 0.337500 0.100000 0.133333
0 0.609375 0.695833 0.100000 0.133333
0 0.759375 0.425000 0.100000 0.133333
0 0.542188 0.781250 0.100000 0.133333
0 0.415625 0.837500 0.100000 0.133333
0 0.300000 0.195833 0.100000 0.133333
0 0.370312 0.466667 0.100000 0.133333
0 0.278125 0.160417 0.100000 0.133333
0 0.487500 0.166667 0.100000 0.133333
0 0.762500 0.456250 0.100000 0.133333
0 0.615625 0.347917 0.100000 0.133333
0 0.653125 0.200000 0.100000 0.133333
0 0.715625 0.650000 0.100000 0.133333
0 0.101562 0.410417 0.100000 0.133333
0 0.420312 0.247917 0.100000 0.133333
0 0.137500 0.362500 0.100000 0.133333
0 0.500000 0.237500 0.100000 0.133333
0 0.168750 0.100000 0.100000 0.133333
0 0.323437 0.566667 0.100000 0.133333
0 0.523438 0.112500 0.100000 0.133333
0 0.215625 0.762500 0.100000 0.133333
0 0.289062 0.527083 0.100000 0.133333
0 0.595313 0.872917 0.100000 0.133333
0 0.395313 0.752083 0.100000 0.133333
0 0.276562 0.639583 0.100000 0.133333
0 0.439063 0.495833 0.100000 0.133333
0 0.865625 0.589583 0.100000 0.133333
0 0.850000 0.204167 0.100000 0.133333
0 0.159375 0.520833 0.100000 0.133333
0 0.793750 0.675000 0.100000 0.133333
0 0.290625 0.889583 0.100000 0.133333
0 0.421875 0.458333 0.100000 0.133333
0 0.357812 0.210417 0.100000 0.133333
0 0.818750 0.191667 0.100000 0.133333
0 0.742188 0.743750 0.100000 0.133333
0 0.453125 0.495833 0.100000 0.133333
0 0.484375 0.606250 0.100000 0.133333
0 0.678125 0.675000 0.100000 0.133333
0 0.629687 0.322917 0.100000 0.133333
0 0.265625 0.383333 0.100000 0.133333
0 0.639062 0.779167 0.100000 0.133333
0 0.668750 0.650000 0.100000 0.133333
0 0.637500 0.720833 0.100000 0.133333
0 0.148438 0.729167 0.100000 0.133333
0 0.179688 0.416667 0.100000 0.133333
0 0.312500 0.164583 0.100000 0.133333
0 0.793750 0.362500 0.100000 0.133333
0 0.556250 0.212500 0.100000 0.133333
0 0.601562 0.225000 0.100000 0.133333
0 0.107813 0.179167 0.100000 0.133333
0 0.810937 0.733333 0.100000 0.133333
0 0.121875 0.302083 0.100000 0.133333
0 0.378125 0.404167 0.100000 0.133333
0 0.131250 0.443750 0.100000 0.133333
0 0.726562 0.837500 0.100000 0.133333
0 0.345313 0.860417 0.100000 0.133333
0 0.845313 0.891667 0.100000 0.133333
0 0.209375 0.085417 0.100000 0.133333
0 0.803125 0.127083 0.100000 0.133333
0 0.296875 0.347917 0.100000 0.133333
0 0.140625 0.608333 0.100000 0.133333
0 0.493750 0.658333 0.100000 0.133333
0 0.564063 0.539583 0.100000 0.133333
0 0.793750 0.543750 0.100000 0.133333
0 0.292187 0.870833 0.100000 0.133333
0 0.859375 0.518750 0.100000 0.133333
0 0.540625 0.366667 0.100000 0.133333
0 0.123438 0.650000 0.100000 0.133333
0 0.762500 0.881250 0.100000 0.133333
0 0.503125 0.854167 0.100000 0.133333
0 0.832812 0.606250 0.100000 0.133333
0 0.245312 0.522917 0.100000 0.133333
0 0.535937 0.877083 0.100000 0.133333
0 0.320312 0.633333 0.100000 0.133333
0 0.321875 0.675000 0.100000 0.133333
0 0.659375 0.858333 0.100000 0.133333
0 0.578125 0.479167 0.100000 0.133333
0 0.223438 0.718750 0.100000 0.133333
0 0.185938 0.129167 0.100000 0.133333
0 0.637500 0.587500 0.100000 0.133333
0 0.340625 0.377083 0.100000 0.133333
0 0.215625 0.272917 0.100000 0.133333
0 0.789062 0.631250 0.100000 0.133333
0 0.704688 0.256250 0.100000 0.133333
0 0.660937 0.272917 0.100000 0.133333
0 0.590625 0.529167 0.100000 0.133333
0 0.429688 0.154167 0.100000 0.133333
0 0.753125 0.339583 0.100000 0.133333
0 0.282813 0.362500 0.100000 0.133333
0 0.304688 0.291667 0.100000 0.133333
0 0.679688 0.237500 0.100000 0.133333
0 0.615625 0.093750 0.100000 0.133333
0 0.785937 0.091667 0.100000 0.133333
0 0.498437 0.816667 0.100000 0.133333
0 0.714063 0.150000 0.100000 0.133333
0 0.114062 0.825000 0.100000 0.133333
0 0.376563 0.345833 0.100000 0.133333
0 0.562500 0.262500 0.100000 0.133333
0 0.400000 0.625000 0.100000 0.133333
0 0.717187 0.195833 0.100000 0.133333
0 0.128125 0.522917 0.100000 0.133333
0 0.479687 0.079167 0.100000 0.133333
0 0.571875 0.162500 0.100000 0.133333
0 0.876563 0.568750 0.100000 0.133333
0 0.115625 0.643750 0.100000 0.133333
0 0.171875 0.118750 0.100000 0.133333
0 0.187500 0.468750 0.100000 0.133333
0 0.498437 0.768750 0.100000 0.133333
0 0.878125 0.156250 0.100000 0.133333
0 0.754687 0.541667 0.100000 0.133333
0 0.600000 0.454167 0.100000 0.133333
1 0.481250 0.693750 0.100000 0.133333
1 0.859375 0.306250 0.100000 0.133333
1 0.392188 0.704167 0.100000 0.133333
1 0.165625 0.416667 0.100000 0.133333
1 0.731250 0.650000 0.100000 0.133333
