      0/99     7.36G   0.01291    0.1046 0.0004115    0.1179      1087       640    0.9942    0.9065    0.9288    0.8396   0.06929     1.079  0.009217
      1/99     9.33G   0.01324    0.1072 0.0004522    0.1209       870       640    0.9944    0.9055    0.9281    0.8421   0.06923     1.085   0.00911
      2/99     9.33G   0.01436    0.1083 0.0004939    0.1231      2735       640    0.9926     0.907     0.929    0.8427   0.06915     1.088  0.009078
      3/99     9.33G   0.01413     0.105 0.0005094    0.1197      2074       640    0.9924    0.9078     0.928    0.8391   0.06913      1.11  0.008982
      4/99     9.33G   0.01353   0.09868 0.0004844    0.1127       882       640     0.994    0.9016    0.9254    0.8271   0.06948     1.093  0.008935
      5/99     9.63G   0.01438    0.1026 0.0004908    0.1175      2254       640     0.984    0.9133    0.9265    0.8287    0.0693     1.102  0.008966
      6/99     9.64G   0.01344     0.106 0.0004394    0.1199      1023       640    0.9943    0.9021    0.9259    0.8351    0.0692     1.084  0.008894
      7/99     9.64G   0.01368    0.1042 0.0005073    0.1184      2825       640    0.9976    0.9075    0.9283    0.8379   0.06935     1.102  0.008968
      8/99     9.64G   0.01411    0.1106 0.0004559    0.1252      1942       640    0.9936    0.9058    0.9215    0.8294   0.06977     1.097  0.009272
      9/99     9.64G   0.01398    0.1001 0.0004803    0.1145      1058       640    0.9848    0.9115    0.9242    0.8315   0.06949     1.096  0.009516
     10/99     9.64G   0.01457    0.1092 0.0004882    0.1242      2734       640    0.9942    0.9024    0.9267    0.8268   0.06949     1.189  0.009646
     11/99     9.64G   0.01399    0.1118 0.0004419    0.1263      1203       640    0.9924    0.9099    0.9293    0.8326   0.06903     1.066  0.009237
     12/99     9.64G   0.01373    0.1097 0.0004228    0.1238      2760       640    0.9892    0.9036    0.9243    0.8234   0.06962     1.057  0.009595
     13/99     9.64G   0.01646    0.1137 0.0004864    0.1307      2280       640    0.9962     0.901    0.9277    0.8347   0.06959     1.035   0.01006
     14/99     9.64G   0.01547    0.1112 0.0005067    0.1272      2168       640    0.9911    0.9037    0.9242    0.8307   0.06931     1.073  0.009838
     15/99     9.64G   0.01473    0.1021 0.0004046    0.1172      2018       640    0.9943    0.8965     0.922     0.816   0.06968     1.092  0.009181
     16/99     9.64G   0.01642     0.115 0.0004334    0.1318      2739       640    0.9944     0.908    0.9278    0.8342   0.06995     1.119   0.01095
     17/99     9.64G   0.01542     0.115  0.000459    0.1309      1880       640    0.9961    0.9058    0.9286    0.8308   0.06934     1.042  0.009405
     18/99     9.64G   0.01833    0.1226 0.0004584    0.1414      1865       640    0.9922    0.9009    0.9207    0.8206   0.07001      1.03    0.0105
     19/99     9.64G   0.01733    0.1088  0.000408    0.1265      1813       640    0.9904    0.8984    0.9156    0.7816   0.07168     1.123    0.0103
     20/99     10.1G   0.01946    0.1283 0.0004514    0.1482      1815       640    0.9894    0.9064    0.9259    0.8205   0.06983    0.9754  0.009631
     21/99     10.1G   0.01594    0.1102 0.0004838    0.1266      1543       640    0.9956    0.9084    0.9248    0.7901   0.07031     1.032  0.009701
     22/99     10.1G   0.01731    0.1165 0.0003807    0.1341      1649       640    0.9889    0.8982      0.92    0.7721   0.07111     1.072  0.009038
     23/99     10.1G   0.01973    0.1217 0.0004096    0.1418      2502       640    0.9895    0.9076    0.9241    0.8095   0.07126     1.108   0.01188
     24/99     10.1G   0.02066    0.1284 0.0004763    0.1496      2358       640    0.9941    0.9051    0.9247    0.8031   0.07161     1.068   0.01305
     25/99     10.1G   0.02037    0.1286 0.0004878    0.1494      1528       640    0.9929    0.8954    0.9198     0.806   0.07184     1.016   0.01466
     26/99     10.1G   0.01684    0.1137 0.0004864     0.131      1880       640    0.9943    0.8921    0.9217     0.784   0.07248     1.027   0.01082
     27/99     10.1G   0.02019    0.1249 0.0004968    0.1456      1324       640    0.9912    0.8899    0.9171    0.7845   0.07211     1.061   0.01082
     28/99     11.7G   0.02032    0.1262 0.0005713    0.1471       683       640    0.9911    0.8999    0.9212    0.7813   0.07089     1.159   0.00958
     29/99     11.7G   0.02124    0.1279 0.0004726    0.1496      1565       640    0.9866    0.9231    0.9429    0.6686   0.07205     1.059   0.01061
     30/99     11.7G    0.0203    0.1207 0.0005345    0.1416       999       640     0.991    0.9033    0.9233    0.7799   0.06909     1.142   0.01134
     31/99     11.7G   0.02227    0.1299  0.000504    0.1527      1955       640    0.9892    0.8928    0.9198     0.777   0.07003     1.308    0.0135
     32/99     11.7G   0.02036    0.1354 0.0004388    0.1562      2239       640    0.9882    0.8942    0.9173    0.7551   0.06724     1.324    0.0113
     33/99     11.7G   0.02089     0.126 0.0004855    0.1474      1409       640    0.9836    0.9091    0.9244    0.7338   0.06707     1.238  0.009745
     34/99     11.7G   0.02119    0.1287 0.0004479    0.1504      1887       640    0.9987    0.8874    0.9113    0.6838   0.06911      1.21   0.01024
     35/99     11.7G   0.02149    0.1221 0.0004655    0.1441      1756       640    0.9819     0.909    0.9292    0.7881   0.06589     1.186   0.01184
     36/99     11.7G   0.01885    0.1179 0.0005202    0.1372      2730       640    0.9945    0.9123    0.9305    0.7473   0.06676     1.224   0.01135
     37/99     11.7G   0.01833    0.1222 0.0005015    0.1411      1562       640     0.997    0.9027    0.9262    0.7777   0.06757     1.235  0.009723
     38/99     11.7G   0.01989    0.1224 0.0005248    0.1428      2310       640    0.9978    0.8966     0.927    0.7757   0.06549     1.253   0.01107
     39/99     11.7G   0.01853    0.1266 0.0004233    0.1456      1947       640    0.9669    0.9133    0.9258     0.772   0.06529       1.3   0.01025
     40/99     11.7G   0.02095    0.1258  0.000477    0.1472      2814       640    0.9769    0.9129    0.9271    0.7944   0.06438     1.262   0.01101
     41/99     11.7G   0.01872     0.118 0.0005337    0.1372      1465       640    0.9905    0.9027    0.9196    0.7518   0.06617     1.259   0.01029
     42/99     11.7G   0.01938    0.1216 0.0004381    0.1414      1986       640    0.9888    0.9136    0.9327    0.7903   0.06457     1.259   0.01152
     43/99     11.7G   0.01989    0.1225 0.0004607    0.1429      2919       640     0.992    0.9056    0.9311    0.7918   0.06463     1.328   0.01315
     44/99     11.7G   0.01908    0.1274 0.0004735    0.1469      2499       640    0.9812    0.9231    0.9338    0.7256   0.06517     1.269   0.01252
     45/99     11.7G    0.0195    0.1166  0.000522    0.1366      1489       640    0.9935    0.9074    0.9216    0.7648   0.06626     1.266   0.01295
     46/99     11.7G   0.02029    0.1192 0.0004986      0.14      1441       640    0.9923    0.8999    0.9231    0.7977   0.06451     1.241   0.01265
     47/99     11.7G   0.01862    0.1227 0.0005606    0.1419      1611       640    0.9877    0.9008    0.9226    0.7598   0.06452     1.255    0.0124
     48/99     11.7G   0.01872    0.1081 0.0004931    0.1273      1484       640    0.9825    0.9143    0.9298    0.7868   0.06452     1.262   0.01286
     49/99     11.7G   0.01772    0.1217 0.0005281    0.1399      1751       640    0.9824      0.91    0.9293    0.7957   0.06438     1.296   0.01179
     50/99     11.7G   0.01856    0.1196 0.0004544    0.1387      2825       640    0.9842    0.9104    0.9323    0.7828   0.06418     1.316   0.01185
     51/99     11.7G   0.01876    0.1139  0.000505    0.1332      1263       640    0.9942     0.905    0.9306    0.8113    0.0633     1.312   0.01182
     52/99     11.7G    0.0174    0.1242 0.0004905    0.1421      2194       640    0.9973    0.8962    0.9273    0.8047   0.06288     1.333   0.01074
     53/99     11.7G    0.0171    0.1172 0.0004807    0.1348      1680       640    0.9868    0.8993    0.9232    0.7848   0.06272     1.324   0.01019
     54/99     11.7G   0.01815    0.1141 0.0005092    0.1327      1812       640    0.9866    0.8986    0.9251    0.7986   0.06323     1.333   0.01084
     55/99     11.7G   0.01557    0.1109 0.0003988    0.1269      1721       640      0.99    0.8972    0.9202    0.7883   0.06399     1.363   0.01056
     56/99     11.7G   0.01753    0.1137 0.0005428    0.1318      2117       640    0.9887    0.9071     0.925    0.7992   0.06321     1.361   0.01089
     57/99     11.7G   0.01603    0.1052 0.0005276    0.1218      2092       640     0.992    0.9103    0.9274    0.8127   0.06262     1.332   0.01049
     58/99     11.7G   0.01825    0.1199 0.0004388    0.1386      2534       640    0.9846    0.9069     0.924     0.799   0.06346     1.344   0.01123
     59/99     11.7G   0.01623    0.1171 0.0003974    0.1337      2009       640    0.9826    0.9131    0.9291    0.8061   0.06375     1.326   0.01146
     60/99     11.7G    0.0161    0.1096 0.0004477    0.1261      1848       640    0.9837    0.9124    0.9269    0.8162   0.06322     1.324   0.01017
     61/99     11.7G    0.0159    0.1068 0.0004537    0.1232      1379       640    0.9907    0.9047    0.9244    0.8183    0.0629     1.351   0.00992
     62/99     11.7G    0.0153    0.1118 0.0004654    0.1276      2654       640    0.9784    0.9153    0.9284    0.8197   0.06262     1.375  0.009381
     63/99     11.7G   0.01568    0.1133 0.0004377    0.1294      2047       640    0.9907    0.9032      0.93    0.8013   0.06282     1.344  0.009334
     64/99     11.7G   0.01624     0.112  0.000442    0.1287      2299       640    0.9906    0.8973    0.9206    0.8165    0.0627     1.363  0.009766
     65/99     11.7G   0.01532    0.1119  0.000492    0.1278      2000       640    0.9956    0.8936    0.9199    0.8036   0.06298     1.362  0.009592
     66/99     11.7G   0.01572    0.1107 0.0005174    0.1269      3393       640     0.987    0.8983     0.923    0.8187   0.06241     1.358  0.009338
     67/99     11.7G   0.01537    0.1082 0.0004325     0.124      1486       640    0.9865    0.9072    0.9293    0.8159   0.06277     1.361  0.009179
     68/99     11.7G   0.01601    0.1021 0.0004891    0.1186      1934       640    0.9924    0.9019    0.9277    0.8169   0.06282     1.391  0.009609
     69/99     11.7G    0.0154     0.112 0.0004889    0.1279      2471       640    0.9937    0.9019    0.9256    0.8229   0.06264     1.394  0.009725
     70/99     11.7G    0.0154    0.1123 0.0004927    0.1282      3005       640    0.9959    0.8915    0.9214    0.8211   0.06282     1.406   0.01024
     71/99     11.7G    0.0155     0.105 0.0004585     0.121      2835       640    0.9846    0.8961    0.9174    0.8107   0.06294     1.418   0.01045
     72/99     12.1G   0.01543    0.1071 0.0004458     0.123      1813       640     0.978    0.9102    0.9233     0.825   0.06265       1.4   0.01047
     73/99     12.1G   0.01576    0.1094 0.0005222    0.1257      2172       640    0.9885    0.9055    0.9259    0.8246   0.06247     1.371   0.01008
     74/99     12.1G   0.01456    0.1131 0.0004449    0.1281      1560       640    0.9907    0.9014    0.9242    0.8222   0.06254      1.37  0.009842
     75/99     12.1G   0.01484    0.1024 0.0004833    0.1178      1096       640    0.9958    0.8889     0.921    0.8133   0.06246     1.385  0.009165
     76/99     12.1G   0.01505     0.106  0.000438    0.1215      1756       640    0.9938    0.9008    0.9268    0.8221    0.0626      1.35  0.008992
     77/99     12.1G   0.01511    0.1076 0.0005049    0.1232      2409       640    0.9897     0.904    0.9269    0.8247   0.06261     1.344  0.008811
     78/99     12.1G    0.0139    0.1053 0.0004104    0.1196      1354       640    0.9891    0.9058    0.9265    0.8178   0.06273     1.359  0.008883
     79/99     12.1G   0.01515    0.1132 0.0004446    0.1288      2239       640    0.9937    0.8991    0.9252    0.8197   0.06269      1.37  0.009166
     80/99     12.1G   0.01461    0.1013 0.0004454    0.1163      1366       640    0.9958    0.8937    0.9225     0.816   0.06259     1.403  0.009304
     81/99     12.1G   0.01421    0.1022 0.0004415    0.1168      2497       640    0.9957    0.8949    0.9213    0.8204   0.06251     1.412  0.009363
     82/99     12.1G   0.01395    0.1039 0.0004406    0.1183      1846       640    0.9938    0.8978    0.9242    0.8233   0.06239     1.384  0.009392
     83/99     12.1G    0.0147    0.1077 0.0004706    0.1228      2815       640    0.9909    0.9099    0.9245    0.8251    0.0624     1.372  0.009319
     84/99     12.1G   0.01422    0.1011  0.000433    0.1157      1947       640    0.9901    0.9124    0.9246    0.8252   0.06238     1.389  0.009219
     85/99     12.1G   0.01462    0.1114 0.0004394    0.1265      2759       640    0.9917    0.9053     0.921     0.814   0.06253     1.396  0.008967
     86/99     12.1G   0.01471    0.1023 0.0004677    0.1175      2297       640    0.9918    0.8992     0.921     0.812   0.06233     1.401  0.008981
     87/99     12.1G   0.01418   0.09747 0.0004625    0.1121      1652       640     0.992    0.9074    0.9229    0.8242   0.06205     1.412  0.009091
     88/99     12.1G   0.01439    0.1055 0.0004265    0.1204      1778       640    0.9935    0.9092    0.9248    0.8284   0.06216     1.398  0.009205
     89/99     12.1G   0.01376    0.1057 0.0003877    0.1199      1057       640    0.9937    0.9076    0.9258    0.8275   0.06245      1.39  0.009352
     90/99     12.1G   0.01396    0.1018 0.0004457    0.1162      3094       640    0.9921    0.9099    0.9266    0.8268   0.06257     1.393  0.009461
     91/99     12.1G   0.01396    0.1124 0.0003994    0.1267      4690       640    0.9939    0.9068    0.9267    0.8286   0.06248     1.389  0.009455
     92/99     12.1G   0.01325    0.1048 0.0003969    0.1185      1600       640     0.994    0.9014    0.9256    0.8264   0.06236     1.398   0.00949
     93/99     12.1G   0.01364    0.1086  0.000409    0.1226      1268       640    0.9906    0.9045    0.9248    0.8278    0.0622     1.397   0.00942
     94/99     12.1G   0.01388    0.1039 0.0004396    0.1183      2172       640    0.9943    0.9009    0.9255    0.8302   0.06212     1.391  0.009549
     95/99     12.1G   0.01379    0.1037 0.0004494    0.1179      1948       640    0.9875    0.9065    0.9252    0.8302   0.06197     1.391  0.009416
     96/99     12.1G   0.01417    0.1073  0.000478    0.1219      3568       640    0.9939    0.9053    0.9237     0.831   0.06186     1.385  0.009332
     97/99     12.1G   0.01364    0.1102 0.0004579    0.1243      2403       640     0.994    0.9062    0.9248    0.8259   0.06204     1.396  0.009435
     98/99     12.1G   0.01418    0.1195 0.0004478    0.1341      4855       640    0.9956    0.9064    0.9255    0.8274   0.06215     1.402  0.009558
     99/99     12.1G   0.01334    0.1021 0.0004329    0.1159      1459       640    0.9955    0.9055    0.9241    0.8271    0.0623     1.395  0.009658
